Accuracy: 0.9590075512405609
Classification Report:
                  precision    recall  f1-score   support

        Archival       0.98      0.97      0.97       411
          Letter       0.98      0.98      0.98       208
        Literary       0.40      0.80      0.53        10
Royal/Monumental       0.93      0.90      0.92       102
      Scientific       0.98      0.95      0.96       196

        accuracy                           0.96       927
       macro avg       0.85      0.92      0.87       927
    weighted avg       0.97      0.96      0.96       927

Training Loss:
[1.6001, 1.6001, 1.6001, 1.6001, 1.6001, 1.6001, 1.6001, 1.6001, 1.6001, 1.6001, 1.5859, 1.5859, 1.5859, 1.5859, 1.5859, 1.5859, 1.5859, 1.5859, 1.5859, 1.5859, 1.4453, 1.4453, 1.4453, 1.4453, 1.4453, 1.4453, 1.4453, 1.4453, 1.4453, 1.4453, 1.2837, 1.2837, 1.2837, 1.2837, 1.2837, 1.2837, 1.2837, 1.2837, 1.2837, 1.2837, 1.3711, 1.3711, 1.3711, 1.3711, 1.3711, 1.3711, 1.3711, 1.3711, 1.3711, 1.3711, 1.2547, 1.2547, 1.2547, 1.2547, 1.2547, 1.2547, 1.2547, 1.2547, 1.2547, 1.2547, 1.173, 1.173, 1.173, 1.173, 1.173, 1.173, 1.173, 1.173, 1.173, 1.173, 1.2752, 1.2752, 1.2752, 1.2752, 1.2752, 1.2752, 1.2752, 1.2752, 1.2752, 1.2752, 1.0997, 1.0997, 1.0997, 1.0997, 1.0997, 1.0997, 1.0997, 1.0997, 1.0997, 1.0997, 1.0124, 1.0124, 1.0124, 1.0124, 1.0124, 1.0124, 1.0124, 1.0124, 1.0124, 1.0124, 1.043, 1.043, 1.043, 1.043, 1.043, 1.043, 1.043, 1.043, 1.043, 1.043, 0.9056, 0.9056, 0.9056, 0.9056, 0.9056, 0.9056, 0.9056, 0.9056, 0.9056, 0.9056, 0.7427, 0.7427, 0.7427, 0.7427, 0.7427, 0.7427, 0.7427, 0.7427, 0.7427, 0.7427, 0.6636, 0.6636, 0.6636, 0.6636, 0.6636, 0.6636, 0.6636, 0.6636, 0.6636, 0.6636, 0.8054, 0.8054, 0.8054, 0.8054, 0.8054, 0.8054, 0.8054, 0.8054, 0.8054, 0.8054, 0.5337, 0.5337, 0.5337, 0.5337, 0.5337, 0.5337, 0.5337, 0.5337, 0.5337, 0.5337, 0.6386, 0.6386, 0.6386, 0.6386, 0.6386, 0.6386, 0.6386, 0.6386, 0.6386, 0.6386, 0.6384, 0.6384, 0.6384, 0.6384, 0.6384, 0.6384, 0.6384, 0.6384, 0.6384, 0.6384, 0.6733, 0.6733, 0.6733, 0.6733, 0.6733, 0.6733, 0.6733, 0.6733, 0.6733, 0.6733, 0.801, 0.801, 0.801, 0.801, 0.801, 0.801, 0.801, 0.801, 0.801, 0.801, 0.5455, 0.5455, 0.5455, 0.5455, 0.5455, 0.5455, 0.5455, 0.5455, 0.5455, 0.5455, 0.4901, 0.4901, 0.4901, 0.4901, 0.4901, 0.4901, 0.4901, 0.4901, 0.4901, 0.4901, 0.5349, 0.5349, 0.5349, 0.5349, 0.5349, 0.5349, 0.5349, 0.5349, 0.5349, 0.5349, 0.4399, 0.4399, 0.4399, 0.4399, 0.4399, 0.4399, 0.4399, 0.4399, 0.4399, 0.4399, 0.7726, 0.7726, 0.7726, 0.7726, 0.7726, 0.7726, 0.7726, 0.7726, 0.7726, 0.7726, 0.9078, 0.9078, 0.9078, 0.9078, 0.9078, 0.9078, 0.9078, 0.9078, 0.9078, 0.9078, 0.714, 0.714, 0.714, 0.714, 0.714, 0.714, 0.714, 0.714, 0.714, 0.714, 0.5471, 0.5471, 0.5471, 0.5471, 0.5471, 0.5471, 0.5471, 0.5471, 0.5471, 0.5471, 0.7178, 0.7178, 0.7178, 0.7178, 0.7178, 0.7178, 0.7178, 0.7178, 0.7178, 0.7178, 0.5558, 0.5558, 0.5558, 0.5558, 0.5558, 0.5558, 0.5558, 0.5558, 0.5558, 0.5558, 0.4936, 0.4936, 0.4936, 0.4936, 0.4936, 0.4936, 0.4936, 0.4936, 0.4936, 0.4936, 0.5838, 0.5838, 0.5838, 0.5838, 0.5838, 0.5838, 0.5838, 0.5838, 0.5838, 0.5838, 0.5198, 0.5198, 0.5198, 0.5198, 0.5198, 0.5198, 0.5198, 0.5198, 0.5198, 0.5198, 0.5143, 0.5143, 0.5143, 0.5143, 0.5143, 0.5143, 0.5143, 0.5143, 0.5143, 0.5143, 0.642, 0.642, 0.642, 0.642, 0.642, 0.642, 0.642, 0.642, 0.642, 0.642, 0.7892, 0.7892, 0.7892, 0.7892, 0.7892, 0.7892, 0.7892, 0.7892, 0.7892, 0.7892, 0.5809, 0.5809, 0.5809, 0.5809, 0.5809, 0.5809, 0.5809, 0.5809, 0.5809, 0.5809, 0.6481, 0.6481, 0.6481, 0.6481, 0.6481, 0.6481, 0.6481, 0.6481, 0.6481, 0.6481, 0.4935, 0.4935, 0.4935, 0.4935, 0.4935, 0.4935, 0.4935, 0.4935, 0.4935, 0.4935, 0.5542, 0.5542, 0.5542, 0.5542, 0.5542, 0.5542, 0.5542, 0.5542, 0.5542, 0.5542, 0.4843, 0.4843, 0.4843, 0.4843, 0.4843, 0.4843, 0.4843, 0.4843, 0.4843, 0.4843, 0.6541, 0.6541, 0.6541, 0.6541, 0.6541, 0.6541, 0.6541, 0.6541, 0.6541, 0.6541, 0.6123, 0.6123, 0.6123, 0.6123, 0.6123, 0.6123, 0.6123, 0.6123, 0.6123, 0.6123, 0.6207, 0.6207, 0.6207, 0.6207, 0.6207, 0.6207, 0.6207, 0.6207, 0.6207, 0.6207, 0.5532, 0.5532, 0.5532, 0.5532, 0.5532, 0.5532, 0.5532, 0.5532, 0.5532, 0.5532, 0.5595, 0.5595, 0.5595, 0.5595, 0.5595, 0.5595, 0.5595, 0.5595, 0.5595, 0.5595, 0.7653, 0.7653, 0.7653, 0.7653, 0.7653, 0.7653, 0.7653, 0.7653, 0.7653, 0.7653, 0.5689, 0.5689, 0.5689, 0.5689, 0.5689, 0.5689, 0.5689, 0.5689, 0.5689, 0.5689, 0.7671, 0.7671, 0.7671, 0.7671, 0.7671, 0.7671, 0.7671, 0.7671, 0.7671, 0.7671, 0.5766, 0.5766, 0.5766, 0.5766, 0.5766, 0.5766, 0.5766, 0.5766, 0.5766, 0.5766, 0.2067, 0.2067, 0.2067, 0.2067, 0.2067, 0.2067, 0.2067, 0.2067, 0.2067, 0.2067, 0.4653, 0.4653, 0.4653, 0.4653, 0.4653, 0.4653, 0.4653, 0.4653, 0.4653, 0.4653, 0.639, 0.639, 0.639, 0.639, 0.639, 0.639, 0.639, 0.639, 0.639, 0.639, 0.5136, 0.5136, 0.5136, 0.5136, 0.5136, 0.5136, 0.5136, 0.5136, 0.5136, 0.5136, 0.6344, 0.6344, 0.6344, 0.6344, 0.6344, 0.6344, 0.6344, 0.6344, 0.6344, 0.6344, 0.6404, 0.6404, 0.6404, 0.6404, 0.6404, 0.6404, 0.6404, 0.6404, 0.6404, 0.6404, 0.3968, 0.3968, 0.3968, 0.3968, 0.3968, 0.3968, 0.3968, 0.3968, 0.3968, 0.3968, 0.4127, 0.4127, 0.4127, 0.4127, 0.4127, 0.4127, 0.4127, 0.4127, 0.4127, 0.4127, 0.518, 0.518, 0.518, 0.518, 0.518, 0.518, 0.518, 0.518, 0.518, 0.518, 0.4768, 0.4768, 0.4768, 0.4768, 0.4768, 0.4768, 0.4768, 0.4768, 0.4768, 0.4768, 0.6092, 0.6092, 0.6092, 0.6092, 0.6092, 0.6092, 0.6092, 0.6092, 0.6092, 0.6092, 0.7678, 0.7678, 0.7678, 0.7678, 0.7678, 0.7678, 0.7678, 0.7678, 0.7678, 0.7678, 0.4289, 0.4289, 0.4289, 0.4289, 0.4289, 0.4289, 0.4289, 0.4289, 0.4289, 0.4289, 0.5182, 0.5182, 0.5182, 0.5182, 0.5182, 0.5182, 0.5182, 0.5182, 0.5182, 0.5182, 0.6833, 0.6833, 0.6833, 0.6833, 0.6833, 0.6833, 0.6833, 0.6833, 0.6833, 0.6833, 0.6677, 0.6677, 0.6677, 0.6677, 0.6677, 0.6677, 0.6677, 0.6677, 0.6677, 0.6677, 0.6088, 0.6088, 0.6088, 0.6088, 0.6088, 0.6088, 0.6088, 0.6088, 0.6088, 0.6088, 0.6124, 0.6124, 0.6124, 0.6124, 0.6124, 0.6124, 0.6124, 0.6124, 0.6124, 0.6124, 0.3117, 0.3117, 0.3117, 0.3117, 0.3117, 0.3117, 0.3117, 0.3117, 0.3117, 0.3117, 0.3426, 0.3426, 0.3426, 0.3426, 0.3426, 0.3426, 0.3426, 0.3426, 0.3426, 0.3426, 0.6301, 0.6301, 0.6301, 0.6301, 0.6301, 0.6301, 0.6301, 0.6301, 0.6301, 0.6301, 0.4061, 0.4061, 0.4061, 0.4061, 0.4061, 0.4061, 0.4061, 0.4061, 0.4061, 0.4061, 0.5058, 0.5058, 0.5058, 0.5058, 0.5058, 0.5058, 0.5058, 0.5058, 0.5058, 0.5058, 0.5485, 0.5485, 0.5485, 0.5485, 0.5485, 0.5485, 0.5485, 0.5485, 0.5485, 0.5485, 0.4625, 0.4625, 0.4625, 0.4625, 0.4625, 0.4625, 0.4625, 0.4625, 0.4625, 0.4625, 0.5724, 0.5724, 0.5724, 0.5724, 0.5724, 0.5724, 0.5724, 0.5724, 0.5724, 0.5724, 0.6176, 0.6176, 0.6176, 0.6176, 0.6176, 0.6176, 0.6176, 0.6176, 0.6176, 0.6176, 0.5992, 0.5992, 0.5992, 0.5992, 0.5992, 0.5992, 0.5992, 0.5992, 0.5992, 0.5992, 0.508, 0.508, 0.508, 0.508, 0.508, 0.508, 0.508, 0.508, 0.508, 0.508, 0.3184, 0.3184, 0.3184, 0.3184, 0.3184, 0.3184, 0.3184, 0.3184, 0.3184, 0.3184, 0.7001, 0.7001, 0.7001, 0.7001, 0.2988, 0.2988, 0.2988, 0.2988, 0.2988, 0.2988, 0.2988, 0.2988, 0.2988, 0.2988, 0.4249, 0.4249, 0.4249, 0.4249, 0.4249, 0.4249, 0.4249, 0.4249, 0.4249, 0.4249, 0.4293, 0.4293, 0.4293, 0.4293, 0.4293, 0.4293, 0.4293, 0.4293, 0.4293, 0.4293, 0.2292, 0.2292, 0.2292, 0.2292, 0.2292, 0.2292, 0.2292, 0.2292, 0.2292, 0.2292, 0.422, 0.422, 0.422, 0.422, 0.422, 0.422, 0.422, 0.422, 0.422, 0.422, 0.4882, 0.4882, 0.4882, 0.4882, 0.4882, 0.4882, 0.4882, 0.4882, 0.4882, 0.4882, 0.3695, 0.3695, 0.3695, 0.3695, 0.3695, 0.3695, 0.3695, 0.3695, 0.3695, 0.3695, 0.2185, 0.2185, 0.2185, 0.2185, 0.2185, 0.2185, 0.2185, 0.2185, 0.2185, 0.2185, 0.5169, 0.5169, 0.5169, 0.5169, 0.5169, 0.5169, 0.5169, 0.5169, 0.5169, 0.5169, 0.288, 0.288, 0.288, 0.288, 0.288, 0.288, 0.288, 0.288, 0.288, 0.288, 0.905, 0.905, 0.905, 0.905, 0.905, 0.905, 0.905, 0.905, 0.905, 0.905, 0.6352, 0.6352, 0.6352, 0.6352, 0.6352, 0.6352, 0.6352, 0.6352, 0.6352, 0.6352, 0.4931, 0.4931, 0.4931, 0.4931, 0.4931, 0.4931, 0.4931, 0.4931, 0.4931, 0.4931, 0.4598, 0.4598, 0.4598, 0.4598, 0.4598, 0.4598, 0.4598, 0.4598, 0.4598, 0.4598, 0.3477, 0.3477, 0.3477, 0.3477, 0.3477, 0.3477, 0.3477, 0.3477, 0.3477, 0.3477, 0.5979, 0.5979, 0.5979, 0.5979, 0.5979, 0.5979, 0.5979, 0.5979, 0.5979, 0.5979, 0.4257, 0.4257, 0.4257, 0.4257, 0.4257, 0.4257, 0.4257, 0.4257, 0.4257, 0.4257, 0.3698, 0.3698, 0.3698, 0.3698, 0.3698, 0.3698, 0.3698, 0.3698, 0.3698, 0.3698, 0.3726, 0.3726, 0.3726, 0.3726, 0.3726, 0.3726, 0.3726, 0.3726, 0.3726, 0.3726, 0.5211, 0.5211, 0.5211, 0.5211, 0.5211, 0.5211, 0.5211, 0.5211, 0.5211, 0.5211, 0.4818, 0.4818, 0.4818, 0.4818, 0.4818, 0.4818, 0.4818, 0.4818, 0.4818, 0.4818, 0.1755, 0.1755, 0.1755, 0.1755, 0.1755, 0.1755, 0.1755, 0.1755, 0.1755, 0.1755, 0.1947, 0.1947, 0.1947, 0.1947, 0.1947, 0.1947, 0.1947, 0.1947, 0.1947, 0.1947, 0.2403, 0.2403, 0.2403, 0.2403, 0.2403, 0.2403, 0.2403, 0.2403, 0.2403, 0.2403, 0.4279, 0.4279, 0.4279, 0.4279, 0.4279, 0.4279, 0.4279, 0.4279, 0.4279, 0.4279, 0.2719, 0.2719, 0.2719, 0.2719, 0.2719, 0.2719, 0.2719, 0.2719, 0.2719, 0.2719, 0.5844, 0.5844, 0.5844, 0.5844, 0.5844, 0.5844, 0.5844, 0.5844, 0.5844, 0.5844, 0.6171, 0.6171, 0.6171, 0.6171, 0.6171, 0.6171, 0.6171, 0.6171, 0.6171, 0.6171, 0.6576, 0.6576, 0.6576, 0.6576, 0.6576, 0.6576, 0.6576, 0.6576, 0.6576, 0.6576, 0.2466, 0.2466, 0.2466, 0.2466, 0.2466, 0.2466, 0.2466, 0.2466, 0.2466, 0.2466, 0.5632, 0.5632, 0.5632, 0.5632, 0.5632, 0.5632, 0.5632, 0.5632, 0.5632, 0.5632, 0.3527, 0.3527, 0.3527, 0.3527, 0.3527, 0.3527, 0.3527, 0.3527, 0.3527, 0.3527, 0.2278, 0.2278, 0.2278, 0.2278, 0.2278, 0.2278, 0.2278, 0.2278, 0.2278, 0.2278, 0.2823, 0.2823, 0.2823, 0.2823, 0.2823, 0.2823, 0.2823, 0.2823, 0.2823, 0.2823, 0.3047, 0.3047, 0.3047, 0.3047, 0.3047, 0.3047, 0.3047, 0.3047, 0.3047, 0.3047, 0.224, 0.224, 0.224, 0.224, 0.224, 0.224, 0.224, 0.224, 0.224, 0.224, 0.7468, 0.7468, 0.7468, 0.7468, 0.7468, 0.7468, 0.7468, 0.7468, 0.7468, 0.7468, 0.1124, 0.1124, 0.1124, 0.1124, 0.1124, 0.1124, 0.1124, 0.1124, 0.1124, 0.1124, 0.3996, 0.3996, 0.3996, 0.3996, 0.3996, 0.3996, 0.3996, 0.3996, 0.3996, 0.3996, 0.3317, 0.3317, 0.3317, 0.3317, 0.3317, 0.3317, 0.3317, 0.3317, 0.3317, 0.3317, 0.3323, 0.3323, 0.3323, 0.3323, 0.3323, 0.3323, 0.3323, 0.3323, 0.3323, 0.3323, 0.5694, 0.5694, 0.5694, 0.5694, 0.5694, 0.5694, 0.5694, 0.5694, 0.5694, 0.5694, 0.2794, 0.2794, 0.2794, 0.2794, 0.2794, 0.2794, 0.2794, 0.2794, 0.2794, 0.2794, 0.3655, 0.3655, 0.3655, 0.3655, 0.3655, 0.3655, 0.3655, 0.3655, 0.3655, 0.3655, 0.5438, 0.5438, 0.5438, 0.5438, 0.5438, 0.5438, 0.5438, 0.5438, 0.5438, 0.5438, 0.0138, 0.0138, 0.0138, 0.0138, 0.0138, 0.0138, 0.0138, 0.0138, 0.0138, 0.0138, 0.2885, 0.2885, 0.2885, 0.2885, 0.2885, 0.2885, 0.2885, 0.2885, 0.2885, 0.2885, 0.6309, 0.6309, 0.6309, 0.6309, 0.6309, 0.6309, 0.6309, 0.6309, 0.6309, 0.6309, 0.5528, 0.5528, 0.5528, 0.5528, 0.5528, 0.5528, 0.5528, 0.5528, 0.5528, 0.5528, 0.249, 0.249, 0.249, 0.249, 0.249, 0.249, 0.249, 0.249, 0.249, 0.249, 0.5041, 0.5041, 0.5041, 0.5041, 0.5041, 0.5041, 0.5041, 0.5041, 0.5041, 0.5041, 0.3448, 0.3448, 0.3448, 0.3448, 0.3448, 0.3448, 0.3448, 0.3448, 0.3448, 0.3448, 0.0375, 0.0375, 0.0375, 0.0375, 0.0375, 0.0375, 0.0375, 0.0375, 0.0375, 0.0375, 0.2976, 0.2976, 0.2976, 0.2976, 0.2976, 0.2976, 0.2976, 0.2976, 0.2976, 0.2976, 0.3044, 0.3044, 0.3044, 0.3044, 0.3044, 0.3044, 0.3044, 0.3044, 0.3044, 0.3044, 0.1486, 0.1486, 0.1486, 0.1486, 0.1486, 0.1486, 0.1486, 0.1486, 0.1486, 0.1486, 0.4736, 0.4736, 0.4736, 0.4736, 0.4736, 0.4736, 0.4736, 0.4736, 0.4736, 0.4736, 0.3859, 0.3859, 0.3859, 0.3859, 0.3859, 0.3859, 0.3859, 0.3859, 0.3859, 0.3859, 0.3916, 0.3916, 0.3916, 0.3916, 0.3916, 0.3916, 0.3916, 0.3916, 0.3916, 0.3916, 0.2408, 0.2408, 0.2408, 0.2408, 0.2408, 0.2408, 0.2408, 0.2408, 0.2408, 0.2408, 0.2705, 0.2705, 0.2705, 0.2705, 0.2705, 0.2705, 0.2705, 0.2705, 0.2705, 0.2705, 0.3649, 0.3649, 0.3649, 0.3649, 0.3649, 0.3649, 0.3649, 0.3649, 0.3649, 0.3649, 0.2169, 0.2169, 0.2169, 0.2169, 0.2169, 0.2169, 0.2169, 0.2169, 0.2169, 0.2169, 0.3988, 0.3988, 0.3988, 0.3988, 0.3988, 0.3988, 0.3988, 0.3988, 0.3988, 0.3988, 0.4922, 0.4922, 0.4922, 0.4922, 0.4922, 0.4922, 0.4922, 0.4922, 0.4922, 0.4922, 0.342, 0.342, 0.342, 0.342, 0.342, 0.342, 0.342, 0.342, 0.342, 0.342, 0.1918, 0.1918, 0.1918, 0.1918, 0.1918, 0.1918, 0.1918, 0.1918, 0.1918, 0.1918, 0.3595, 0.3595, 0.3595, 0.3595, 0.3595, 0.3595, 0.3595, 0.3595, 0.3595, 0.3595, 0.3672, 0.3672, 0.3672, 0.3672, 0.3672, 0.3672, 0.3672, 0.3672, 0.3672, 0.3672, 0.4656, 0.4656, 0.4656, 0.4656, 0.4656, 0.4656, 0.4656, 0.4656, 0.4656, 0.4656, 0.502, 0.502, 0.502, 0.502, 0.502, 0.502, 0.502, 0.502, 0.502, 0.502, 0.4798, 0.4798, 0.4798, 0.4798, 0.4798, 0.4798, 0.4798, 0.4798, 0.4798, 0.4798, 0.4188, 0.4188, 0.4188, 0.4188, 0.4188, 0.4188, 0.4188, 0.4188, 0.4188, 0.4188, 0.1579, 0.1579, 0.1579, 0.1579, 0.1579, 0.1579, 0.1579, 0.1579, 0.1579, 0.1579, 0.4139, 0.4139, 0.4139, 0.4139, 0.4139, 0.4139, 0.4139, 0.4139, 0.4139, 0.4139, 0.803, 0.803, 0.803, 0.803, 0.803, 0.803, 0.803, 0.803, 0.803, 0.803, 0.301, 0.301, 0.301, 0.301, 0.301, 0.301, 0.301, 0.301, 0.301, 0.301, 0.5496, 0.5496, 0.5496, 0.5496, 0.5496, 0.5496, 0.5496, 0.5496, 0.5496, 0.5496, 0.4014, 0.4014, 0.4014, 0.4014, 0.4014, 0.4014, 0.4014, 0.4014, 0.4014, 0.4014, 0.2902, 0.2902, 0.2902, 0.2902, 0.2902, 0.2902, 0.2902, 0.2902, 0.2902, 0.2902, 0.1348, 0.1348, 0.1348, 0.1348, 0.1348, 0.1348, 0.1348, 0.1348, 0.5304, 0.5304, 0.5304, 0.5304, 0.5304, 0.5304, 0.5304, 0.5304, 0.5304, 0.5304, 0.256, 0.256, 0.256, 0.256, 0.256, 0.256, 0.256, 0.256, 0.256, 0.256, 0.0951, 0.0951, 0.0951, 0.0951, 0.0951, 0.0951, 0.0951, 0.0951, 0.0951, 0.0951, 0.1427, 0.1427, 0.1427, 0.1427, 0.1427, 0.1427, 0.1427, 0.1427, 0.1427, 0.1427, 0.304, 0.304, 0.304, 0.304, 0.304, 0.304, 0.304, 0.304, 0.304, 0.304, 0.4147, 0.4147, 0.4147, 0.4147, 0.4147, 0.4147, 0.4147, 0.4147, 0.4147, 0.4147, 0.462, 0.462, 0.462, 0.462, 0.462, 0.462, 0.462, 0.462, 0.462, 0.462, 0.3563, 0.3563, 0.3563, 0.3563, 0.3563, 0.3563, 0.3563, 0.3563, 0.3563, 0.3563, 0.4875, 0.4875, 0.4875, 0.4875, 0.4875, 0.4875, 0.4875, 0.4875, 0.4875, 0.4875, 0.1986, 0.1986, 0.1986, 0.1986, 0.1986, 0.1986, 0.1986, 0.1986, 0.1986, 0.1986, 0.4013, 0.4013, 0.4013, 0.4013, 0.4013, 0.4013, 0.4013, 0.4013, 0.4013, 0.4013, 0.013, 0.013, 0.013, 0.013, 0.013, 0.013, 0.013, 0.013, 0.013, 0.013, 0.1859, 0.1859, 0.1859, 0.1859, 0.1859, 0.1859, 0.1859, 0.1859, 0.1859, 0.1859, 0.1667, 0.1667, 0.1667, 0.1667, 0.1667, 0.1667, 0.1667, 0.1667, 0.1667, 0.1667, 0.0051, 0.0051, 0.0051, 0.0051, 0.0051, 0.0051, 0.0051, 0.0051, 0.0051, 0.0051, 0.3227, 0.3227, 0.3227, 0.3227, 0.3227, 0.3227, 0.3227, 0.3227, 0.3227, 0.3227, 0.2337, 0.2337, 0.2337, 0.2337, 0.2337, 0.2337, 0.2337, 0.2337, 0.2337, 0.2337, 0.2068, 0.2068, 0.2068, 0.2068, 0.2068, 0.2068, 0.2068, 0.2068, 0.2068, 0.2068, 0.3617, 0.3617, 0.3617, 0.3617, 0.3617, 0.3617, 0.3617, 0.3617, 0.3617, 0.3617, 0.2723, 0.2723, 0.2723, 0.2723, 0.2723, 0.2723, 0.2723, 0.2723, 0.2723, 0.2723, 0.0703, 0.0703, 0.0703, 0.0703, 0.0703, 0.0703, 0.0703, 0.0703, 0.0703, 0.0703, 0.4292, 0.4292, 0.4292, 0.4292, 0.4292, 0.4292, 0.4292, 0.4292, 0.4292, 0.4292, 0.287, 0.287, 0.287, 0.287, 0.287, 0.287, 0.287, 0.287, 0.287, 0.287, 0.0402, 0.0402, 0.0402, 0.0402, 0.0402, 0.0402, 0.0402, 0.0402, 0.0402, 0.0402, 0.1908, 0.1908, 0.1908, 0.1908, 0.1908, 0.1908, 0.1908, 0.1908, 0.1908, 0.1908, 0.108, 0.108, 0.108, 0.108, 0.108, 0.108, 0.108, 0.108, 0.108, 0.108, 0.5449, 0.5449, 0.5449, 0.5449, 0.5449, 0.5449, 0.5449, 0.5449, 0.5449, 0.5449, 0.1307, 0.1307, 0.1307, 0.1307, 0.1307, 0.1307, 0.1307, 0.1307, 0.1307, 0.1307, 0.0928, 0.0928, 0.0928, 0.0928, 0.0928, 0.0928, 0.0928, 0.0928, 0.0928, 0.0928, 0.2917, 0.2917, 0.2917, 0.2917, 0.2917, 0.2917, 0.2917, 0.2917, 0.2917, 0.2917, 0.1776, 0.1776, 0.1776, 0.1776, 0.1776, 0.1776, 0.1776, 0.1776, 0.1776, 0.1776, 0.4196, 0.4196, 0.4196, 0.4196, 0.4196, 0.4196, 0.4196, 0.4196, 0.4196, 0.4196, 0.3879, 0.3879, 0.3879, 0.3879, 0.3879, 0.3879, 0.3879, 0.3879, 0.3879, 0.3879, 0.0274, 0.0274, 0.0274, 0.0274, 0.0274, 0.0274, 0.0274, 0.0274, 0.0274, 0.0274, 0.2283, 0.2283, 0.2283, 0.2283, 0.2283, 0.2283, 0.2283, 0.2283, 0.2283, 0.2283, 0.2216, 0.2216, 0.2216, 0.2216, 0.2216, 0.2216, 0.2216, 0.2216, 0.2216, 0.2216, 0.2803, 0.2803, 0.2803, 0.2803, 0.2803, 0.2803, 0.2803, 0.2803, 0.2803, 0.2803, 0.1133, 0.1133, 0.1133, 0.1133, 0.1133, 0.1133, 0.1133, 0.1133, 0.1133, 0.1133, 0.2795, 0.2795, 0.2795, 0.2795, 0.2795, 0.2795, 0.2795, 0.2795, 0.2795, 0.2795, 0.3947, 0.3947, 0.3947, 0.3947, 0.3947, 0.3947, 0.3947, 0.3947, 0.3947, 0.3947, 0.1398, 0.1398, 0.1398, 0.1398, 0.1398, 0.1398, 0.1398, 0.1398, 0.1398, 0.1398, 0.3267, 0.3267, 0.3267, 0.3267, 0.3267, 0.3267, 0.3267, 0.3267, 0.3267, 0.3267, 0.1946, 0.1946, 0.1946, 0.1946, 0.1946, 0.1946, 0.1946, 0.1946, 0.1946, 0.1946, 0.0148, 0.0148, 0.0148, 0.0148, 0.0148, 0.0148, 0.0148, 0.0148, 0.0148, 0.0148, 0.2015, 0.2015, 0.2015, 0.2015, 0.2015, 0.2015, 0.2015, 0.2015, 0.2015, 0.2015, 0.2371, 0.2371, 0.2371, 0.2371, 0.2371, 0.2371, 0.2371, 0.2371, 0.2371, 0.2371, 0.2978, 0.2978, 0.2978, 0.2978, 0.2978, 0.2978, 0.2978, 0.2978, 0.2978, 0.2978, 0.27, 0.27, 0.27, 0.27, 0.27, 0.27, 0.27, 0.27, 0.27, 0.27, 0.3873, 0.3873, 0.3873, 0.3873, 0.3873, 0.3873, 0.3873, 0.3873, 0.3873, 0.3873, 0.0614, 0.0614, 0.0614, 0.0614, 0.0614, 0.0614, 0.0614, 0.0614, 0.0614, 0.0614, 0.2445, 0.2445, 0.2445, 0.2445, 0.2445, 0.2445, 0.2445, 0.2445, 0.2445, 0.2445, 0.3998, 0.3998, 0.3998, 0.3998, 0.3998, 0.3998, 0.3998, 0.3998, 0.3998, 0.3998, 0.2435, 0.2435, 0.2435, 0.2435, 0.2435, 0.2435, 0.2435, 0.2435, 0.2435, 0.2435, 0.2937, 0.2937, 0.2937, 0.2937, 0.2937, 0.2937, 0.2937, 0.2937, 0.2937, 0.2937, 0.2923, 0.2923, 0.2923, 0.2923, 0.2923, 0.2923, 0.2923, 0.2923, 0.2923, 0.2923, 0.1876, 0.1876, 0.1876, 0.1876, 0.1876, 0.1876, 0.1876, 0.1876, 0.1876, 0.1876, 0.2275, 0.2275, 0.2275, 0.2275, 0.2275, 0.2275, 0.2275, 0.2275, 0.2275, 0.2275, 0.3351, 0.3351, 0.3351, 0.3351, 0.3351, 0.3351, 0.3351, 0.3351, 0.3351, 0.3351, 0.3545, 0.3545, 0.3545, 0.3545, 0.3545, 0.3545, 0.3545, 0.3545, 0.3545, 0.3545, 0.3051, 0.3051, 0.3051, 0.3051, 0.3051, 0.3051, 0.3051, 0.3051, 0.3051, 0.3051, 0.1838, 0.1838, 0.1838, 0.1838, 0.1838, 0.1838, 0.1838, 0.1838, 0.1838, 0.1838, 0.0406, 0.0406, 0.0406, 0.0406, 0.0406, 0.0406, 0.0406, 0.0406, 0.0406, 0.0406, 0.0046, 0.0046, 0.0046, 0.0046, 0.0046, 0.0046, 0.0046, 0.0046, 0.0046, 0.0046, 0.0832, 0.0832, 0.0832, 0.0832, 0.0832, 0.0832, 0.0832, 0.0832, 0.0832, 0.0832, 0.1816, 0.1816, 0.1816, 0.1816, 0.1816, 0.1816, 0.1816, 0.1816, 0.1816, 0.1816, 0.5077, 0.5077, 0.5077, 0.5077, 0.5077, 0.5077, 0.5077, 0.5077, 0.5077, 0.5077, 0.1569, 0.1569, 0.1569, 0.1569, 0.1569, 0.1569, 0.1569, 0.1569, 0.1569, 0.1569, 0.297, 0.297, 0.297, 0.297, 0.297, 0.297, 0.297, 0.297, 0.297, 0.297, 0.2528, 0.2528, 0.2528, 0.2528, 0.2528, 0.2528, 0.2528, 0.2528, 0.2528, 0.2528, 0.0909, 0.0909, 0.0909, 0.0909, 0.0909, 0.0909, 0.0909, 0.0909, 0.0909, 0.0909, 0.2038, 0.2038, 0.2038, 0.2038, 0.2038, 0.2038, 0.2038, 0.2038, 0.2038, 0.2038, 0.0911, 0.0911, 0.0911, 0.0911, 0.0911, 0.0911, 0.0911, 0.0911, 0.0911, 0.0911, 0.4324, 0.4324, 0.4324, 0.4324, 0.4324, 0.4324, 0.4324, 0.4324, 0.4324, 0.4324, 0.1638, 0.1638, 0.1638, 0.1638, 0.1638, 0.1638, 0.1638, 0.1638, 0.1638, 0.1638, 0.3864, 0.3864, 0.3864, 0.3864, 0.3864, 0.3864, 0.3864, 0.3864, 0.3864, 0.3864, 0.2153, 0.2153, 0.2153, 0.2153, 0.2153, 0.2153, 0.2153, 0.2153, 0.2153, 0.2153, 0.2696, 0.2696, 0.2696, 0.2696, 0.2696, 0.2696, 0.2696, 0.2696, 0.2696, 0.2696, 0.3972, 0.3972, 0.3972, 0.3972, 0.3972, 0.3972, 0.3972, 0.3972, 0.3972, 0.3972, 0.2416, 0.2416, 0.2416, 0.2416, 0.2416, 0.2416, 0.2416, 0.2416, 0.2416, 0.2416, 0.2527, 0.2527, 0.2527, 0.2527, 0.2527, 0.2527, 0.2527, 0.2527, 0.2527, 0.2527, 0.2452, 0.2452, 0.2452, 0.2452, 0.2452, 0.2452, 0.2452, 0.2452, 0.2452, 0.2452, 0.1824, 0.1824, 0.2286, 0.2286, 0.2286, 0.2286, 0.2286, 0.2286, 0.2286, 0.2286, 0.2286, 0.2286, 0.3558, 0.3558, 0.3558, 0.3558, 0.3558, 0.3558, 0.3558, 0.3558, 0.3558, 0.3558, 0.1063, 0.1063, 0.1063, 0.1063, 0.1063, 0.1063, 0.1063, 0.1063, 0.1063, 0.1063, 0.0078, 0.0078, 0.0078, 0.0078, 0.0078, 0.0078, 0.0078, 0.0078, 0.0078, 0.0078, 0.268, 0.268, 0.268, 0.268, 0.268, 0.268, 0.268, 0.268, 0.268, 0.268, 0.1805, 0.1805, 0.1805, 0.1805, 0.1805, 0.1805, 0.1805, 0.1805, 0.1805, 0.1805, 0.1667, 0.1667, 0.1667, 0.1667, 0.1667, 0.1667, 0.1667, 0.1667, 0.1667, 0.1667, 0.1986, 0.1986, 0.1986, 0.1986, 0.1986, 0.1986, 0.1986, 0.1986, 0.1986, 0.1986, 0.1628, 0.1628, 0.1628, 0.1628, 0.1628, 0.1628, 0.1628, 0.1628, 0.1628, 0.1628, 0.074, 0.074, 0.074, 0.074, 0.074, 0.074, 0.074, 0.074, 0.074, 0.074, 0.3052, 0.3052, 0.3052, 0.3052, 0.3052, 0.3052, 0.3052, 0.3052, 0.3052, 0.3052, 0.0395, 0.0395, 0.0395, 0.0395, 0.0395, 0.0395, 0.0395, 0.0395, 0.0395, 0.0395, 0.2492, 0.2492, 0.2492, 0.2492, 0.2492, 0.2492, 0.2492, 0.2492, 0.2492, 0.2492, 0.1715, 0.1715, 0.1715, 0.1715, 0.1715, 0.1715, 0.1715, 0.1715, 0.1715, 0.1715, 0.4219, 0.4219, 0.4219, 0.4219, 0.4219, 0.4219, 0.4219, 0.4219, 0.4219, 0.4219, 0.1103, 0.1103, 0.1103, 0.1103, 0.1103, 0.1103, 0.1103, 0.1103, 0.1103, 0.1103, 0.3588, 0.3588, 0.3588, 0.3588, 0.3588, 0.3588, 0.3588, 0.3588, 0.3588, 0.3588, 0.1702, 0.1702, 0.1702, 0.1702, 0.1702, 0.1702, 0.1702, 0.1702, 0.1702, 0.1702, 0.1251, 0.1251, 0.1251, 0.1251, 0.1251, 0.1251, 0.1251, 0.1251, 0.1251, 0.1251, 0.2563, 0.2563, 0.2563, 0.2563, 0.2563, 0.2563, 0.2563, 0.2563, 0.2563, 0.2563, 0.1469, 0.1469, 0.1469, 0.1469, 0.1469, 0.1469, 0.1469, 0.1469, 0.1469, 0.1469, 0.1506, 0.1506, 0.1506, 0.1506, 0.1506, 0.1506, 0.1506, 0.1506, 0.1506, 0.1506, 0.1008, 0.1008, 0.1008, 0.1008, 0.1008, 0.1008, 0.1008, 0.1008, 0.1008, 0.1008, 0.1469, 0.1469, 0.1469, 0.1469, 0.1469, 0.1469, 0.1469, 0.1469, 0.1469, 0.1469, 0.3317, 0.3317, 0.3317, 0.3317, 0.3317, 0.3317, 0.3317, 0.3317, 0.3317, 0.3317, 0.2377, 0.2377, 0.2377, 0.2377, 0.2377, 0.2377, 0.2377, 0.2377, 0.2377, 0.2377, 0.0814, 0.0814, 0.0814, 0.0814, 0.0814, 0.0814, 0.0814, 0.0814, 0.0814, 0.0814, 0.0038, 0.0038, 0.0038, 0.0038, 0.0038, 0.0038, 0.0038, 0.0038, 0.0038, 0.0038, 0.1072, 0.1072, 0.1072, 0.1072, 0.1072, 0.1072, 0.1072, 0.1072, 0.1072, 0.1072, 0.1237, 0.1237, 0.1237, 0.1237, 0.1237, 0.1237, 0.1237, 0.1237, 0.1237, 0.1237, 0.0962, 0.0962, 0.0962, 0.0962, 0.0962, 0.0962, 0.0962, 0.0962, 0.0962, 0.0962, 0.0107, 0.0107, 0.0107, 0.0107, 0.0107, 0.0107, 0.0107, 0.0107, 0.0107, 0.0107, 0.4489, 0.4489, 0.4489, 0.4489, 0.4489, 0.4489, 0.4489, 0.4489, 0.4489, 0.4489, 0.1017, 0.1017, 0.1017, 0.1017, 0.1017, 0.1017, 0.1017, 0.1017, 0.1017, 0.1017, 0.1192, 0.1192, 0.1192, 0.1192, 0.1192, 0.1192, 0.1192, 0.1192, 0.1192, 0.1192, 0.2585, 0.2585, 0.2585, 0.2585, 0.2585, 0.2585, 0.2585, 0.2585, 0.2585, 0.2585, 0.232, 0.232, 0.232, 0.232, 0.232, 0.232, 0.232, 0.232, 0.232, 0.232, 0.2114, 0.2114, 0.2114, 0.2114, 0.2114, 0.2114, 0.2114, 0.2114, 0.2114, 0.2114, 0.1038, 0.1038, 0.1038, 0.1038, 0.1038, 0.1038, 0.1038, 0.1038, 0.1038, 0.1038, 0.0027, 0.0027, 0.0027, 0.0027, 0.0027, 0.0027, 0.0027, 0.0027, 0.0027, 0.0027, 0.0954, 0.0954, 0.0954, 0.0954, 0.0954, 0.0954, 0.0954, 0.0954, 0.0954, 0.0954, 0.0802, 0.0802, 0.0802, 0.0802, 0.0802, 0.0802, 0.0802, 0.0802, 0.0802, 0.0802, 0.2098, 0.2098, 0.2098, 0.2098, 0.2098, 0.2098, 0.2098, 0.2098, 0.2098, 0.2098, 0.2965, 0.2965, 0.2965, 0.2965, 0.2965, 0.2965, 0.2965, 0.2965, 0.2965, 0.2965, 0.0276, 0.0276, 0.0276, 0.0276, 0.0276, 0.0276, 0.0276, 0.0276, 0.0276, 0.0276, 0.1636, 0.1636, 0.1636, 0.1636, 0.1636, 0.1636, 0.1636, 0.1636, 0.1636, 0.1636, 0.1817, 0.1817, 0.1817, 0.1817, 0.1817, 0.1817, 0.1817, 0.1817, 0.1817, 0.1817, 0.1696, 0.1696, 0.1696, 0.1696, 0.1696, 0.1696, 0.1696, 0.1696, 0.1696, 0.1696, 0.4141, 0.4141, 0.4141, 0.4141, 0.4141, 0.4141, 0.4141, 0.4141, 0.4141, 0.4141, 0.0302, 0.0302, 0.0302, 0.0302, 0.0302, 0.0302, 0.0302, 0.0302, 0.0302, 0.0302, 0.0623, 0.0623, 0.0623, 0.0623, 0.0623, 0.0623, 0.0623, 0.0623, 0.0623, 0.0623, 0.0263, 0.0263, 0.0263, 0.0263, 0.0263, 0.0263, 0.0263, 0.0263, 0.0263, 0.0263, 0.1794, 0.1794, 0.1794, 0.1794, 0.1794, 0.1794, 0.1794, 0.1794, 0.1794, 0.1794, 0.2604, 0.2604, 0.2604, 0.2604, 0.2604, 0.2604, 0.2604, 0.2604, 0.2604, 0.2604, 0.0424, 0.0424, 0.0424, 0.0424, 0.0424, 0.0424, 0.0424, 0.0424, 0.0424, 0.0424, 0.0913, 0.0913, 0.0913, 0.0913, 0.0913, 0.0913, 0.0913, 0.0913, 0.0913, 0.0913, 0.0563, 0.0563, 0.0563, 0.0563, 0.0563, 0.0563, 0.0563, 0.0563, 0.0563, 0.0563, 0.002, 0.002, 0.002, 0.002, 0.002, 0.002, 0.002, 0.002, 0.002, 0.002, 0.4983, 0.4983, 0.4983, 0.4983, 0.4983, 0.4983, 0.4983, 0.4983, 0.4983, 0.4983, 0.1533, 0.1533, 0.1533, 0.1533, 0.1533, 0.1533, 0.1533, 0.1533, 0.1533, 0.1533, 0.0028, 0.0028, 0.0028, 0.0028, 0.0028, 0.0028, 0.0028, 0.0028, 0.0028, 0.0028, 0.4189, 0.4189, 0.4189, 0.4189, 0.4189, 0.4189, 0.4189, 0.4189, 0.4189, 0.4189, 0.165, 0.165, 0.165, 0.165, 0.165, 0.165, 0.165, 0.165, 0.165, 0.165, 0.0543, 0.0543, 0.0543, 0.0543, 0.0543, 0.0543, 0.0543, 0.0543, 0.0543, 0.0543, 0.3117, 0.3117, 0.3117, 0.3117, 0.3117, 0.3117, 0.3117, 0.3117, 0.3117, 0.3117, 0.002, 0.002, 0.002, 0.002, 0.002, 0.002, 0.002, 0.002, 0.002, 0.002, 0.2557, 0.2557, 0.2557, 0.2557, 0.2557, 0.2557, 0.2557, 0.2557, 0.2557, 0.2557, 0.0028, 0.0028, 0.0028, 0.0028, 0.0028, 0.0028, 0.0028, 0.0028, 0.0028, 0.0028, 0.0762, 0.0762, 0.0762, 0.0762, 0.0762, 0.0762, 0.0762, 0.0762, 0.0762, 0.0762, 0.1662, 0.1662, 0.1662, 0.1662, 0.1662, 0.1662, 0.1662, 0.1662, 0.1662, 0.1662, 0.3534, 0.3534, 0.3534, 0.3534, 0.3534, 0.3534, 0.3534, 0.3534, 0.3534, 0.3534, 0.2508, 0.2508, 0.2508, 0.2508, 0.2508, 0.2508, 0.2508, 0.2508, 0.2508, 0.2508, 0.1751, 0.1751, 0.1751, 0.1751, 0.1751, 0.1751, 0.1751, 0.1751, 0.1751, 0.1751, 0.004, 0.004, 0.004, 0.004, 0.004, 0.004, 0.004, 0.004, 0.004, 0.004, 0.1805, 0.1805, 0.1805, 0.1805, 0.1805, 0.1805, 0.1805, 0.1805, 0.1805, 0.1805, 0.0676, 0.0676, 0.0676, 0.0676, 0.0676, 0.0676, 0.0676, 0.0676, 0.0676, 0.0676, 0.1768, 0.1768, 0.1768, 0.1768, 0.1768, 0.1768, 0.1768, 0.1768, 0.1768, 0.1768, 0.3839, 0.3839, 0.3839, 0.3839, 0.3839, 0.3839, 0.3839, 0.3839, 0.3839, 0.3839, 0.1405, 0.1405, 0.1405, 0.1405, 0.1405, 0.1405, 0.1405, 0.1405, 0.1405, 0.1405, 0.213, 0.213, 0.213, 0.213, 0.213, 0.213, 0.213, 0.213, 0.213, 0.213, 0.1715, 0.1715, 0.1715, 0.1715, 0.1715, 0.1715, 0.0025, 0.0025, 0.0025, 0.0025, 0.0025, 0.0025, 0.0025, 0.0025, 0.0025, 0.0025, 0.0016, 0.0016, 0.0016, 0.0016, 0.0016, 0.0016, 0.0016, 0.0016, 0.0016, 0.0016, 0.0012, 0.0012, 0.0012, 0.0012, 0.0012, 0.0012, 0.0012, 0.0012, 0.0012, 0.0012, 0.2403, 0.2403, 0.2403, 0.2403, 0.2403, 0.2403, 0.2403, 0.2403, 0.2403, 0.2403, 0.1682, 0.1682, 0.1682, 0.1682, 0.1682, 0.1682, 0.1682, 0.1682, 0.1682, 0.1682, 0.0095, 0.0095, 0.0095, 0.0095, 0.0095, 0.0095, 0.0095, 0.0095, 0.0095, 0.0095, 0.0023, 0.0023, 0.0023, 0.0023, 0.0023, 0.0023, 0.0023, 0.0023, 0.0023, 0.0023, 0.0486, 0.0486, 0.0486, 0.0486, 0.0486, 0.0486, 0.0486, 0.0486, 0.0486, 0.0486, 0.1019, 0.1019, 0.1019, 0.1019, 0.1019, 0.1019, 0.1019, 0.1019, 0.1019, 0.1019, 0.0578, 0.0578, 0.0578, 0.0578, 0.0578, 0.0578, 0.0578, 0.0578, 0.0578, 0.0578, 0.4307, 0.4307, 0.4307, 0.4307, 0.4307, 0.4307, 0.4307, 0.4307, 0.4307, 0.4307, 0.139, 0.139, 0.139, 0.139, 0.139, 0.139, 0.139, 0.139, 0.139, 0.139, 0.0864, 0.0864, 0.0864, 0.0864, 0.0864, 0.0864, 0.0864, 0.0864, 0.0864, 0.0864, 0.159, 0.159, 0.159, 0.159, 0.159, 0.159, 0.159, 0.159, 0.159, 0.159, 0.0017, 0.0017, 0.0017, 0.0017, 0.0017, 0.0017, 0.0017, 0.0017, 0.0017, 0.0017, 0.1625, 0.1625, 0.1625, 0.1625, 0.1625, 0.1625, 0.1625, 0.1625, 0.1625, 0.1625, 0.1902, 0.1902, 0.1902, 0.1902, 0.1902, 0.1902, 0.1902, 0.1902, 0.1902, 0.1902, 0.0021, 0.0021, 0.0021, 0.0021, 0.0021, 0.0021, 0.0021, 0.0021, 0.0021, 0.0021, 0.0709, 0.0709, 0.0709, 0.0709, 0.0709, 0.0709, 0.0709, 0.0709, 0.0709, 0.0709, 0.0745, 0.0745, 0.0745, 0.0745, 0.0745, 0.0745, 0.0745, 0.0745, 0.0745, 0.0745, 0.002, 0.002, 0.002, 0.002, 0.002, 0.002, 0.002, 0.002, 0.002, 0.002, 0.0012, 0.0012, 0.0012, 0.0012, 0.0012, 0.0012, 0.0012, 0.0012, 0.0012, 0.0012, 0.0098, 0.0098, 0.0098, 0.0098, 0.0098, 0.0098, 0.0098, 0.0098, 0.0098, 0.0098, 0.2221, 0.2221, 0.2221, 0.2221, 0.2221, 0.2221, 0.2221, 0.2221, 0.2221, 0.2221, 0.3647, 0.3647, 0.3647, 0.3647, 0.3647, 0.3647, 0.3647, 0.3647, 0.3647, 0.3647, 0.0016, 0.0016, 0.0016, 0.0016, 0.0016, 0.0016, 0.0016, 0.0016, 0.0016, 0.0016, 0.0017, 0.0017, 0.0017, 0.0017, 0.0017, 0.0017, 0.0017, 0.0017, 0.0017, 0.0017, 0.7089, 0.7089, 0.7089, 0.7089, 0.7089, 0.7089, 0.7089, 0.7089, 0.7089, 0.7089, 0.1725, 0.1725, 0.1725, 0.1725, 0.1725, 0.1725, 0.1725, 0.1725, 0.1725, 0.1725, 0.1759, 0.1759, 0.1759, 0.1759, 0.1759, 0.1759, 0.1759, 0.1759, 0.1759, 0.1759, 0.0024, 0.0024, 0.0024, 0.0024, 0.0024, 0.0024, 0.0024, 0.0024, 0.0024, 0.0024, 0.0546, 0.0546, 0.0546, 0.0546, 0.0546, 0.0546, 0.0546, 0.0546, 0.0546, 0.0546, 0.0926, 0.0926, 0.0926, 0.0926, 0.0926, 0.0926, 0.0926, 0.0926, 0.0926, 0.0926, 0.0899, 0.0899, 0.0899, 0.0899, 0.0899, 0.0899, 0.0899, 0.0899, 0.0899, 0.0899, 0.0983, 0.0983, 0.0983, 0.0983, 0.0983, 0.0983, 0.0983, 0.0983, 0.0983, 0.0983, 0.002, 0.002, 0.002, 0.002, 0.002, 0.002, 0.002, 0.002, 0.002, 0.002, 0.0828, 0.0828, 0.0828, 0.0828, 0.0828, 0.0828, 0.0828, 0.0828, 0.0828, 0.0828, 0.0929, 0.0929, 0.0929, 0.0929, 0.0929, 0.0929, 0.0929, 0.0929, 0.0929, 0.0929, 0.0043, 0.0043, 0.0043, 0.0043, 0.0043, 0.0043, 0.0043, 0.0043, 0.0043, 0.0043, 0.106, 0.106, 0.106, 0.106, 0.106, 0.106, 0.106, 0.106, 0.106, 0.106, 0.3644, 0.3644, 0.3644, 0.3644, 0.3644, 0.3644, 0.3644, 0.3644, 0.3644, 0.3644, 0.2147, 0.2147, 0.2147, 0.2147, 0.2147, 0.2147, 0.2147, 0.2147, 0.2147, 0.2147, 0.2818, 0.2818, 0.2818, 0.2818, 0.2818, 0.2818, 0.2818, 0.2818, 0.2818, 0.2818, 0.0038, 0.0038, 0.0038, 0.0038, 0.0038, 0.0038, 0.0038, 0.0038, 0.0038, 0.0038, 0.1588, 0.1588, 0.1588, 0.1588, 0.1588, 0.1588, 0.1588, 0.1588, 0.1588, 0.1588, 0.0609, 0.0609, 0.0609, 0.0609, 0.0609, 0.0609, 0.0609, 0.0609, 0.0609, 0.0609, 0.019, 0.019, 0.019, 0.019, 0.019, 0.019, 0.019, 0.019, 0.019, 0.019, 0.299, 0.299, 0.299, 0.299, 0.299, 0.299, 0.299, 0.299, 0.299, 0.299, 0.2637, 0.2637, 0.2637, 0.2637, 0.2637, 0.2637, 0.2637, 0.2637, 0.2637, 0.2637, 0.0721, 0.0721, 0.0721, 0.0721, 0.0721, 0.0721, 0.0721, 0.0721, 0.0721, 0.0721, 0.0786, 0.0786, 0.0786, 0.0786, 0.0786, 0.0786, 0.0786, 0.0786, 0.0786, 0.0786, 0.3472, 0.3472, 0.3472, 0.3472, 0.3472, 0.3472, 0.3472, 0.3472, 0.3472, 0.3472, 0.0284, 0.0284, 0.0284, 0.0284, 0.0284, 0.0284, 0.0284, 0.0284, 0.0284, 0.0284, 0.0092, 0.0092, 0.0092, 0.0092, 0.0092, 0.0092, 0.0092, 0.0092, 0.0092, 0.0092, 0.1718, 0.1718, 0.1718, 0.1718, 0.1718, 0.1718, 0.1718, 0.1718, 0.1718, 0.1718, 0.1599, 0.1599, 0.1599, 0.1599, 0.1599, 0.1599, 0.1599, 0.1599, 0.1599, 0.1599, 0.3266, 0.3266, 0.3266, 0.3266, 0.3266, 0.3266, 0.3266, 0.3266, 0.3266, 0.3266, 0.0962, 0.0962, 0.0962, 0.0962, 0.0962, 0.0962, 0.0962, 0.0962, 0.0962, 0.0962, 0.2803, 0.2803, 0.2803, 0.2803, 0.2803, 0.2803, 0.2803, 0.2803, 0.2803, 0.2803, 0.2354, 0.2354, 0.2354, 0.2354, 0.2354, 0.2354, 0.2354, 0.2354, 0.2354, 0.2354, 0.0043, 0.0043, 0.0043, 0.0043, 0.0043, 0.0043, 0.0043, 0.0043, 0.0043, 0.0043, 0.1928, 0.1928, 0.1928, 0.1928, 0.1928, 0.1928, 0.1928, 0.1928, 0.1928, 0.1928, 0.0018, 0.0018, 0.0018, 0.0018, 0.0018, 0.0018, 0.0018, 0.0018, 0.0018, 0.0018, 0.1472, 0.1472, 0.1472, 0.1472, 0.1472, 0.1472, 0.1472, 0.1472, 0.1472, 0.1472, 0.0972, 0.0972, 0.0972, 0.0972, 0.0972, 0.0972, 0.0972, 0.0972, 0.0972, 0.0972, 0.1589, 0.1589, 0.1589, 0.1589, 0.1589, 0.1589, 0.1589, 0.1589, 0.1589, 0.1589, 0.1147, 0.1147, 0.1147, 0.1147, 0.1147, 0.1147, 0.1147, 0.1147, 0.1147, 0.1147, 0.195, 0.195, 0.195, 0.195, 0.195, 0.195, 0.195, 0.195, 0.195, 0.195, 0.0156, 0.0156, 0.0156, 0.0156, 0.0156, 0.0156, 0.0156, 0.0156, 0.0156, 0.0156, 0.0865, 0.0865, 0.0865, 0.0865, 0.0865, 0.0865, 0.0865, 0.0865, 0.0865, 0.0865, 0.0932, 0.0932, 0.0932, 0.0932, 0.0932, 0.0932, 0.0932, 0.0932, 0.0932, 0.0932, 0.0536, 0.0536, 0.0536, 0.0536, 0.0536, 0.0536, 0.0536, 0.0536, 0.0536, 0.0536, 0.1112, 0.1112, 0.1112, 0.1112, 0.1112, 0.1112, 0.1112, 0.1112, 0.1112, 0.1112, 0.1776, 0.1776, 0.1776, 0.1776, 0.1776, 0.1776, 0.1776, 0.1776, 0.1776, 0.1776, 0.1768, 0.1768, 0.1768, 0.1768, 0.1768, 0.1768, 0.1768, 0.1768, 0.1768, 0.1768, 0.142, 0.142, 0.142, 0.142, 0.142, 0.142, 0.142, 0.142, 0.142, 0.142, 0.1255, 0.1255, 0.1255, 0.1255, 0.1255, 0.1255, 0.1255, 0.1255, 0.1255, 0.1255, 0.1778, 0.1778, 0.1778, 0.1778, 0.1778, 0.1778, 0.1778, 0.1778, 0.1778, 0.1778, 0.0934, 0.0934, 0.0934, 0.0934, 0.0934, 0.0934, 0.0934, 0.0934, 0.0934, 0.0934, 0.2465, 0.2465, 0.2465, 0.2465, 0.2465, 0.2465, 0.2465, 0.2465, 0.2465, 0.2465, 0.0594, 0.0594, 0.0594, 0.0594, 0.0594, 0.0594, 0.0594, 0.0594, 0.0594, 0.0594, 0.0912, 0.0912, 0.0912, 0.0912, 0.0912, 0.0912, 0.0912, 0.0912, 0.0912, 0.0912, 0.1246, 0.1246, 0.1246, 0.1246, 0.1246, 0.1246, 0.1246, 0.1246, 0.1246, 0.1246, 0.1024, 0.1024, 0.1024, 0.1024, 0.1024, 0.1024, 0.1024, 0.1024, 0.1024, 0.1024, 0.0504, 0.0504, 0.0504, 0.0504, 0.0504, 0.0504, 0.0504, 0.0504, 0.0504, 0.0504, 0.001, 0.001, 0.001, 0.001, 0.001, 0.001, 0.001, 0.001, 0.001, 0.001, 0.0012, 0.0012, 0.0012, 0.0012, 0.0012, 0.0012, 0.0012, 0.0012, 0.0012, 0.0012, 0.1601, 0.1601, 0.1601, 0.1601, 0.1601, 0.1601, 0.1601, 0.1601, 0.1601, 0.1601, 0.0009, 0.0009, 0.0009, 0.0009, 0.0009, 0.0009, 0.0009, 0.0009, 0.0009, 0.0009, 0.0465, 0.0465, 0.0465, 0.0465, 0.0465, 0.0465, 0.0465, 0.0465, 0.0465, 0.0465, 0.0207, 0.0207, 0.0207, 0.0207, 0.0207, 0.0207, 0.0207, 0.0207, 0.0207, 0.0207, 0.0016, 0.0016, 0.0016, 0.0016, 0.0016, 0.0016, 0.0016, 0.0016, 0.0016, 0.0016, 0.001, 0.001, 0.001, 0.001, 0.001, 0.001, 0.001, 0.001, 0.001, 0.001, 0.0008, 0.0008, 0.0008, 0.0008, 0.0008, 0.0008, 0.0008, 0.0008, 0.0008, 0.0008, 0.0017, 0.0017, 0.0017, 0.0017, 0.0017, 0.0017, 0.0017, 0.0017, 0.0017, 0.0017, 0.0258, 0.0258, 0.0258, 0.0258, 0.0258, 0.0258, 0.0258, 0.0258, 0.0258, 0.0258, 0.0744, 0.0744, 0.0744, 0.0744, 0.0744, 0.0744, 0.0744, 0.0744, 0.0744, 0.0744, 0.0013, 0.0013, 0.0013, 0.0013, 0.0013, 0.0013, 0.0013, 0.0013, 0.0013, 0.0013, 0.035, 0.035, 0.035, 0.035, 0.035, 0.035, 0.035, 0.035, 0.035, 0.035, 0.0156, 0.0156, 0.0156, 0.0156, 0.0156, 0.0156, 0.0156, 0.0156, 0.0156, 0.0156, 0.1469, 0.1469, 0.1469, 0.1469, 0.1469, 0.1469, 0.1469, 0.1469, 0.1469, 0.1469, 0.1732, 0.1732, 0.1732, 0.1732, 0.1732, 0.1732, 0.1732, 0.1732, 0.1732, 0.1732, 0.0998, 0.0998, 0.0998, 0.0998, 0.0998, 0.0998, 0.0998, 0.0998, 0.0998, 0.0998, 0.1325, 0.1325, 0.1325, 0.1325, 0.1325, 0.1325, 0.1325, 0.1325, 0.1325, 0.1325, 0.1945, 0.1945, 0.1945, 0.1945, 0.1945, 0.1945, 0.1945, 0.1945, 0.1945, 0.1945, 0.1231, 0.1231, 0.1231, 0.1231, 0.1231, 0.1231, 0.1231, 0.1231, 0.1231, 0.1231, 0.0546, 0.0546, 0.0546, 0.0546, 0.0546, 0.0546, 0.0546, 0.0546, 0.0546, 0.0546, 0.0007, 0.0007, 0.0007, 0.0007, 0.0007, 0.0007, 0.0007, 0.0007, 0.0007, 0.0007, 0.0155, 0.0155, 0.0155, 0.0155, 0.0155, 0.0155, 0.0155, 0.0155, 0.0155, 0.0155, 0.1145, 0.1145, 0.1145, 0.1145, 0.1145, 0.1145, 0.1145, 0.1145, 0.1145, 0.1145, 0.3006, 0.3006, 0.3006, 0.3006, 0.3006, 0.3006, 0.3006, 0.3006, 0.3006, 0.3006, 0.1054, 0.1054, 0.1054, 0.1054, 0.1054, 0.1054, 0.1054, 0.1054, 0.1054, 0.1054, 0.084, 0.084, 0.084, 0.084, 0.084, 0.084, 0.084, 0.084, 0.084, 0.084, 0.1693, 0.1693, 0.1693, 0.1693, 0.1693, 0.1693, 0.1693, 0.1693, 0.1693, 0.1693, 0.0021, 0.0021, 0.0021, 0.0021, 0.0021, 0.0021, 0.0021, 0.0021, 0.0021, 0.0021, 0.1041, 0.1041, 0.1041, 0.1041, 0.1041, 0.1041, 0.1041, 0.1041, 0.1041, 0.1041, 0.0471, 0.0471, 0.0471, 0.0471, 0.0471, 0.0471, 0.0471, 0.0471, 0.0471, 0.0471, 0.0019, 0.0019, 0.0019, 0.0019, 0.0019, 0.0019, 0.0019, 0.0019, 0.0019, 0.0019, 0.0854, 0.0854, 0.0854, 0.0854, 0.0854, 0.0854, 0.0854, 0.0854, 0.0854, 0.0854, 0.0021, 0.0021, 0.0021, 0.0021, 0.0021, 0.0021, 0.0021, 0.0021, 0.0021, 0.0021, 0.095, 0.095, 0.095, 0.095, 0.095, 0.095, 0.095, 0.095, 0.095, 0.095, 0.3002, 0.3002, 0.3002, 0.3002, 0.3002, 0.3002, 0.3002, 0.3002, 0.3002, 0.3002, 0.1297, 0.1297, 0.1297, 0.1297, 0.1297, 0.1297, 0.1297, 0.1297, 0.1297, 0.1297, 0.1463, 0.1463, 0.1463, 0.1463, 0.1463, 0.1463, 0.1463, 0.1463, 0.1463, 0.1463, 0.2671, 0.2671, 0.2671, 0.2671, 0.2671, 0.2671, 0.2671, 0.2671, 0.2671, 0.2671, 0.0033, 0.0033, 0.0033, 0.0033, 0.0033, 0.0033, 0.0033, 0.0033, 0.0033, 0.0033, 0.0494, 0.0494, 0.0494, 0.0494, 0.0494, 0.0494, 0.0494, 0.0494, 0.0494, 0.0494, 0.32, 0.32, 0.32, 0.32, 0.32, 0.32, 0.32, 0.32, 0.32, 0.32, 0.0009, 0.0009, 0.0009, 0.0009, 0.0009, 0.0009, 0.0009, 0.0009, 0.0009, 0.0009, 0.0015, 0.0015, 0.0015, 0.0015, 0.0015, 0.0015, 0.0015, 0.0015, 0.0015, 0.0015, 0.0009, 0.0009, 0.0009, 0.0009, 0.0009, 0.0009, 0.0009, 0.0009, 0.0009, 0.0009, 0.1935, 0.1935, 0.1935, 0.1935, 0.1935, 0.1935, 0.1935, 0.1935, 0.1935, 0.1935, 0.0015, 0.0015, 0.0015, 0.0015, 0.0015, 0.0015, 0.0015, 0.0015, 0.0015, 0.0015, 0.0008, 0.0008, 0.0008, 0.0008, 0.0008, 0.0008, 0.0008, 0.0008, 0.0008, 0.0008, 0.001, 0.001, 0.001, 0.001, 0.001, 0.001, 0.001, 0.001, 0.001, 0.001, 0.0008, 0.0008, 0.0008, 0.0008, 0.0008, 0.0008, 0.0008, 0.0008, 0.0008, 0.0008, 0.1401, 0.1401, 0.1401, 0.1401, 0.1401, 0.1401, 0.1401, 0.1401, 0.1401, 0.1401, 0.0045, 0.0045, 0.0045, 0.0045, 0.0045, 0.0045, 0.0045, 0.0045, 0.0045, 0.0045, 0.0009, 0.0009, 0.0009, 0.0009, 0.0009, 0.0009, 0.0009, 0.0009, 0.0009, 0.0009, 0.0008, 0.0008, 0.0008, 0.0008, 0.0008, 0.0008, 0.0008, 0.0008, 0.0008, 0.0008, 0.0012, 0.0012, 0.0012, 0.0012, 0.0012, 0.0012, 0.0012, 0.0012, 0.0012, 0.0012, 0.2567, 0.2567, 0.2567, 0.2567, 0.2567, 0.2567, 0.2567, 0.2567, 0.2567, 0.2567, 0.0369, 0.0369, 0.0369, 0.0369, 0.0369, 0.0369, 0.0369, 0.0369, 0.0369, 0.0369, 0.1435, 0.1435, 0.1435, 0.1435, 0.1435, 0.1435, 0.1435, 0.1435, 0.1435, 0.1435, 0.0006, 0.0006, 0.0006, 0.0006, 0.0006, 0.0006, 0.0006, 0.0006, 0.0006, 0.0006, 0.0008, 0.0008, 0.0008, 0.0008, 0.0008, 0.0008, 0.0008, 0.0008, 0.0008, 0.0008, 0.2944, 0.2944, 0.2944, 0.2944, 0.2944, 0.2944, 0.2944, 0.2944, 0.2944, 0.2944, 0.0009, 0.0009, 0.0009, 0.0009, 0.0009, 0.0009, 0.0009, 0.0009, 0.0009, 0.0009, 0.001, 0.001, 0.001, 0.001, 0.001, 0.001, 0.001, 0.001, 0.001, 0.001, 0.2195, 0.2195, 0.2195, 0.2195, 0.2195, 0.2195, 0.2195, 0.2195, 0.2195, 0.2195, 0.0704, 0.0704, 0.0704, 0.0704, 0.0704, 0.0704, 0.0704, 0.0704, 0.0704, 0.0704, 0.0021, 0.0021, 0.0021, 0.0021, 0.0021, 0.0021, 0.0021, 0.0021, 0.0021, 0.0021, 0.0768, 0.0768, 0.0768, 0.0768, 0.0768, 0.0768, 0.0768, 0.0768, 0.0768, 0.0768, 0.1156, 0.1156, 0.1156, 0.1156, 0.1156, 0.1156, 0.1156, 0.1156, 0.1156, 0.1156, 0.126, 0.126, 0.126, 0.126, 0.126, 0.126, 0.126, 0.126, 0.126, 0.126, 0.0012, 0.0012, 0.0012, 0.0012, 0.0012, 0.0012, 0.0012, 0.0012, 0.0012, 0.0012, 0.0012, 0.0012, 0.0012, 0.0012, 0.0012, 0.0012, 0.0012, 0.0012, 0.0012, 0.0012, 0.0019, 0.0019, 0.0019, 0.0019, 0.0019, 0.0019, 0.0019, 0.0019, 0.0019, 0.0019, 0.004, 0.004, 0.004, 0.004, 0.004, 0.004, 0.004, 0.004, 0.004, 0.004, 0.0133, 0.0133, 0.0133, 0.0133, 0.0133, 0.0133, 0.0133, 0.0133, 0.0133, 0.0133, 0.0432, 0.0432, 0.0432, 0.0432, 0.0432, 0.0432, 0.0432, 0.0432, 0.0432, 0.0432, 0.0006, 0.0006, 0.0006, 0.0006, 0.0005, 0.0005, 0.0005, 0.0005, 0.0005, 0.0005, 0.0005, 0.0005, 0.0005, 0.0005, 0.1085, 0.1085, 0.1085, 0.1085, 0.1085, 0.1085, 0.1085, 0.1085, 0.1085, 0.1085, 0.0007, 0.0007, 0.0007, 0.0007, 0.0007, 0.0007, 0.0007, 0.0007, 0.0007, 0.0007, 0.111, 0.111, 0.111, 0.111, 0.111, 0.111, 0.111, 0.111, 0.111, 0.111, 0.0595, 0.0595, 0.0595, 0.0595, 0.0595, 0.0595, 0.0595, 0.0595, 0.0595, 0.0595, 0.0142, 0.0142, 0.0142, 0.0142, 0.0142, 0.0142, 0.0142, 0.0142, 0.0142, 0.0142, 0.0005, 0.0005, 0.0005, 0.0005, 0.0005, 0.0005, 0.0005, 0.0005, 0.0005, 0.0005, 0.0008, 0.0008, 0.0008, 0.0008, 0.0008, 0.0008, 0.0008, 0.0008, 0.0008, 0.0008, 0.0009, 0.0009, 0.0009, 0.0009, 0.0009, 0.0009, 0.0009, 0.0009, 0.0009, 0.0009, 0.0007, 0.0007, 0.0007, 0.0007, 0.0007, 0.0007, 0.0007, 0.0007, 0.0007, 0.0007, 0.0014, 0.0014, 0.0014, 0.0014, 0.0014, 0.0014, 0.0014, 0.0014, 0.0014, 0.0014, 0.2811, 0.2811, 0.2811, 0.2811, 0.2811, 0.2811, 0.2811, 0.2811, 0.2811, 0.2811, 0.1316, 0.1316, 0.1316, 0.1316, 0.1316, 0.1316, 0.1316, 0.1316, 0.1316, 0.1316, 0.1018, 0.1018, 0.1018, 0.1018, 0.1018, 0.1018, 0.1018, 0.1018, 0.1018, 0.1018, 0.088, 0.088, 0.088, 0.088, 0.088, 0.088, 0.088, 0.088, 0.088, 0.088, 0.1718, 0.1718, 0.1718, 0.1718, 0.1718, 0.1718, 0.1718, 0.1718, 0.1718, 0.1718, 0.0008, 0.0008, 0.0008, 0.0008, 0.0008, 0.0008, 0.0008, 0.0008, 0.0008, 0.0008, 0.0868, 0.0868, 0.0868, 0.0868, 0.0868, 0.0868, 0.0868, 0.0868, 0.0868, 0.0868, 0.0007, 0.0007, 0.0007, 0.0007, 0.0007, 0.0007, 0.0007, 0.0007, 0.0007, 0.0007, 0.0009, 0.0009, 0.0009, 0.0009, 0.0009, 0.0009, 0.0009, 0.0009, 0.0009, 0.0009, 0.0008, 0.0008, 0.0008, 0.0008, 0.0008, 0.0008, 0.0008, 0.0008, 0.0008, 0.0008, 0.0973, 0.0973, 0.0973, 0.0973, 0.0973, 0.0973, 0.0973, 0.0973, 0.0973, 0.0973, 0.0005, 0.0005, 0.0005, 0.0005, 0.0005, 0.0005, 0.0005, 0.0005, 0.0005, 0.0005, 0.0005, 0.0005, 0.0005, 0.0005, 0.0005, 0.0005, 0.0005, 0.0005, 0.0005, 0.0005, 0.0108, 0.0108, 0.0108, 0.0108, 0.0108, 0.0108, 0.0108, 0.0108, 0.0108, 0.0108, 0.0005, 0.0005, 0.0005, 0.0005, 0.0005, 0.0005, 0.0005, 0.0005, 0.0005, 0.0005, 0.0009, 0.0009, 0.0009, 0.0009, 0.0009, 0.0009, 0.0009, 0.0009, 0.0009, 0.0009, 0.0004, 0.0004, 0.0004, 0.0004, 0.0004, 0.0004, 0.0004, 0.0004, 0.0004, 0.0004, 0.0006, 0.0006, 0.0006, 0.0006, 0.0006, 0.0006, 0.0006, 0.0006, 0.0006, 0.0006, 0.0004, 0.0004, 0.0004, 0.0004, 0.0004, 0.0004, 0.0004, 0.0004, 0.0004, 0.0004, 0.073, 0.073, 0.073, 0.073, 0.073, 0.073, 0.073, 0.073, 0.073, 0.073, 0.0005, 0.0005, 0.0005, 0.0005, 0.0005, 0.0005, 0.0005, 0.0005, 0.0005, 0.0005, 0.2153, 0.2153, 0.2153, 0.2153, 0.2153, 0.2153, 0.2153, 0.2153, 0.2153, 0.2153, 0.0006, 0.0006, 0.0006, 0.0006, 0.0006, 0.0006, 0.0006, 0.0006, 0.0006, 0.0006, 0.1531, 0.1531, 0.1531, 0.1531, 0.1531, 0.1531, 0.1531, 0.1531, 0.1531, 0.1531, 0.0675, 0.0675, 0.0675, 0.0675, 0.0675, 0.0675, 0.0675, 0.0675, 0.0675, 0.0675, 0.0932, 0.0932, 0.0932, 0.0932, 0.0932, 0.0932, 0.0932, 0.0932, 0.0932, 0.0932, 0.0007, 0.0007, 0.0007, 0.0007, 0.0007, 0.0007, 0.0007, 0.0007, 0.0007, 0.0007, 0.061, 0.061, 0.061, 0.061, 0.061, 0.061, 0.061, 0.061, 0.061, 0.061, 0.1004, 0.1004, 0.1004, 0.1004, 0.1004, 0.1004, 0.1004, 0.1004, 0.1004, 0.1004, 0.0201, 0.0201, 0.0201, 0.0201, 0.0201, 0.0201, 0.0201, 0.0201, 0.0201, 0.0201, 0.0792, 0.0792, 0.0792, 0.0792, 0.0792, 0.0792, 0.0792, 0.0792, 0.0792, 0.0792, 0.0009, 0.0009, 0.0009, 0.0009, 0.0009, 0.0009, 0.0009, 0.0009, 0.0009, 0.0009, 0.0593, 0.0593, 0.0593, 0.0593, 0.0593, 0.0593, 0.0593, 0.0593, 0.0593, 0.0593, 0.0005, 0.0005, 0.0005, 0.0005, 0.0005, 0.0005, 0.0005, 0.0005, 0.0005, 0.0005, 0.0617, 0.0617, 0.0617, 0.0617, 0.0617, 0.0617, 0.0617, 0.0617, 0.0617, 0.0617, 0.0017, 0.0017, 0.0017, 0.0017, 0.0017, 0.0017, 0.0017, 0.0017, 0.0017, 0.0017, 0.1137, 0.1137, 0.1137, 0.1137, 0.1137, 0.1137, 0.1137, 0.1137, 0.1137, 0.1137, 0.1408, 0.1408, 0.1408, 0.1408, 0.1408, 0.1408, 0.1408, 0.1408, 0.1408, 0.1408, 0.1689, 0.1689, 0.1689, 0.1689, 0.1689, 0.1689, 0.1689, 0.1689, 0.1689, 0.1689, 0.0021, 0.0021, 0.0021, 0.0021, 0.0021, 0.0021, 0.0021, 0.0021, 0.0021, 0.0021, 0.0011, 0.0011, 0.0011, 0.0011, 0.0011, 0.0011, 0.0011, 0.0011, 0.0011, 0.0011, 0.0008, 0.0008, 0.0008, 0.0008, 0.0008, 0.0008, 0.0008, 0.0008, 0.0008, 0.0008, 0.0899, 0.0899, 0.0899, 0.0899, 0.0899, 0.0899, 0.0899, 0.0899, 0.0899, 0.0899, 0.0762, 0.0762, 0.0762, 0.0762, 0.0762, 0.0762, 0.0762, 0.0762, 0.0762, 0.0762, 0.0011, 0.0011, 0.0011, 0.0011, 0.0011, 0.0011, 0.0011, 0.0011, 0.0011, 0.0011, 0.0009, 0.0009, 0.0009, 0.0009, 0.0009, 0.0009, 0.0009, 0.0009, 0.0009, 0.0009, 0.0007, 0.0007, 0.0007, 0.0007, 0.0007, 0.0007, 0.0007, 0.0007, 0.0007, 0.0007, 0.0007, 0.0007, 0.0007, 0.0007, 0.0007, 0.0007, 0.0007, 0.0007, 0.0007, 0.0007, 0.1696, 0.1696, 0.1696, 0.1696, 0.1696, 0.1696, 0.1696, 0.1696, 0.1696, 0.1696, 0.0005, 0.0005, 0.0005, 0.0005, 0.0005, 0.0005, 0.0005, 0.0005, 0.0005, 0.0005, 0.1254, 0.1254, 0.1254, 0.1254, 0.1254, 0.1254, 0.1254, 0.1254, 0.1254, 0.1254, 0.0574, 0.0574, 0.0574, 0.0574, 0.0574, 0.0574, 0.0574, 0.0574, 0.0574, 0.0574, 0.0009, 0.0009, 0.0009, 0.0009, 0.0009, 0.0009, 0.0009, 0.0009, 0.0009, 0.0009, 0.0645, 0.0645, 0.0645, 0.0645, 0.0645, 0.0645, 0.0645, 0.0645, 0.0645, 0.0645, 0.0005, 0.0005, 0.0005, 0.0005, 0.0005, 0.0005, 0.0005, 0.0005, 0.0005, 0.0005, 0.0573, 0.0573, 0.0573, 0.0573, 0.0573, 0.0573, 0.0573, 0.0573, 0.0573, 0.0573, 0.0004, 0.0004, 0.0004, 0.0004, 0.0004, 0.0004, 0.0004, 0.0004, 0.0004, 0.0004, 0.0006, 0.0006, 0.0006, 0.0006, 0.0006, 0.0006, 0.0006, 0.0006, 0.0006, 0.0006, 0.1094, 0.1094, 0.1094, 0.1094, 0.1094, 0.1094, 0.1094, 0.1094, 0.1094, 0.1094, 0.0941, 0.0941, 0.0941, 0.0941, 0.0941, 0.0941, 0.0941, 0.0941, 0.0941, 0.0941, 0.0004, 0.0004, 0.0004, 0.0004, 0.0004, 0.0004, 0.0004, 0.0004, 0.0004, 0.0004, 0.0004, 0.0004, 0.0004, 0.0004, 0.0004, 0.0004, 0.0004, 0.0004, 0.0004, 0.0004, 0.0006, 0.0006, 0.0006, 0.0006, 0.0006, 0.0006, 0.0006, 0.0006, 0.0006, 0.0006, 0.0004, 0.0004, 0.0004, 0.0004, 0.0004, 0.0004, 0.0004, 0.0004, 0.0004, 0.0004, 0.1229, 0.1229, 0.1229, 0.1229, 0.1229, 0.1229, 0.1229, 0.1229, 0.1229, 0.1229, 0.0004, 0.0004, 0.0004, 0.0004, 0.0004, 0.0004, 0.0004, 0.0004, 0.0004, 0.0004, 0.0004, 0.0004, 0.0004, 0.0004, 0.0004, 0.0004, 0.0004, 0.0004, 0.0004, 0.0004, 0.2163, 0.2163, 0.2163, 0.2163, 0.2163, 0.2163, 0.2163, 0.2163, 0.2163, 0.2163, 0.0004, 0.0004, 0.0004, 0.0004, 0.0004, 0.0004, 0.0004, 0.0004, 0.0004, 0.0004, 0.002, 0.002, 0.002, 0.002, 0.002, 0.002, 0.002, 0.002, 0.0268, 0.0268, 0.0268, 0.0268, 0.0268, 0.0268, 0.0268, 0.0268, 0.0268, 0.0268, 0.1184, 0.1184, 0.1184, 0.1184, 0.1184, 0.1184, 0.1184, 0.1184, 0.1184, 0.1184, 0.0927, 0.0927, 0.0927, 0.0927, 0.0927, 0.0927, 0.0927, 0.0927, 0.0927, 0.0927, 0.0008, 0.0008, 0.0008, 0.0008, 0.0008, 0.0008, 0.0008, 0.0008, 0.0008, 0.0008, 0.0035, 0.0035, 0.0035, 0.0035, 0.0035, 0.0035, 0.0035, 0.0035, 0.0035, 0.0035, 0.0844, 0.0844, 0.0844, 0.0844, 0.0844, 0.0844, 0.0844, 0.0844, 0.0844, 0.0844, 0.0005, 0.0005, 0.0005, 0.0005, 0.0005, 0.0005, 0.0005, 0.0005, 0.0005, 0.0005, 0.0005, 0.0005, 0.0005, 0.0005, 0.0005, 0.0005, 0.0005, 0.0005, 0.0005, 0.0005, 0.0005, 0.0005, 0.0005, 0.0005, 0.0005, 0.0005, 0.0005, 0.0005, 0.0005, 0.0005, 0.0116, 0.0116, 0.0116, 0.0116, 0.0116, 0.0116, 0.0116, 0.0116, 0.0116, 0.0116, 0.1158, 0.1158, 0.1158, 0.1158, 0.1158, 0.1158, 0.1158, 0.1158, 0.1158, 0.1158, 0.0007, 0.0007, 0.0007, 0.0007, 0.0007, 0.0007, 0.0007, 0.0007, 0.0007, 0.0007, 0.1087, 0.1087, 0.1087, 0.1087, 0.1087, 0.1087, 0.1087, 0.1087, 0.1087, 0.1087, 0.0004, 0.0004, 0.0004, 0.0004, 0.0004, 0.0004, 0.0004, 0.0004, 0.0004, 0.0004, 0.0005, 0.0005, 0.0005, 0.0005, 0.0005, 0.0005, 0.0005, 0.0005, 0.0005, 0.0005, 0.0004, 0.0004, 0.0004, 0.0004, 0.0004, 0.0004, 0.0004, 0.0004, 0.0004, 0.0004, 0.0004, 0.0004, 0.0004, 0.0004, 0.0004, 0.0004, 0.0004, 0.0004, 0.0004, 0.0004, 0.0004, 0.0004, 0.0004, 0.0004, 0.0004, 0.0004, 0.0004, 0.0004, 0.0004, 0.0004, 0.0004, 0.0004, 0.0004, 0.0004, 0.0004, 0.0004, 0.0004, 0.0004, 0.0004, 0.0004, 0.0004, 0.0004, 0.0004, 0.0004, 0.0004, 0.0004, 0.0004, 0.0004, 0.0004, 0.0004, 0.0003, 0.0003, 0.0003, 0.0003, 0.0003, 0.0003, 0.0003, 0.0003, 0.0003, 0.0003, 0.0004, 0.0004, 0.0004, 0.0004, 0.0004, 0.0004, 0.0004, 0.0004, 0.0004, 0.0004, 0.0003, 0.0003, 0.0003, 0.0003, 0.0003, 0.0003, 0.0003, 0.0003, 0.0003, 0.0003, 0.0004, 0.0004, 0.0004, 0.0004, 0.0004, 0.0004, 0.0004, 0.0004, 0.0004, 0.0004, 0.1144, 0.1144, 0.1144, 0.1144, 0.1144, 0.1144, 0.1144, 0.1144, 0.1144, 0.1144, 0.0003, 0.0003, 0.0003, 0.0003, 0.0003, 0.0003, 0.0003, 0.0003, 0.0003, 0.0003, 0.0003, 0.0003, 0.0003, 0.0003, 0.0003, 0.0003, 0.0003, 0.0003, 0.0003, 0.0003, 0.0003, 0.0003, 0.0003, 0.0003, 0.0003, 0.0003, 0.0003, 0.0003, 0.0003, 0.0003, 0.0816, 0.0816, 0.0816, 0.0816, 0.0816, 0.0816, 0.0816, 0.0816, 0.0816, 0.0816, 0.0881, 0.0881, 0.0881, 0.0881, 0.0881, 0.0881, 0.0881, 0.0881, 0.0881, 0.0881, 0.0003, 0.0003, 0.0003, 0.0003, 0.0003, 0.0003, 0.0003, 0.0003, 0.0003, 0.0003, 0.098, 0.098, 0.098, 0.098, 0.098, 0.098, 0.098, 0.098, 0.098, 0.098, 0.0003, 0.0003, 0.0003, 0.0003, 0.0003, 0.0003, 0.0003, 0.0003, 0.0003, 0.0003, 0.1634, 0.1634, 0.1634, 0.1634, 0.1634, 0.1634, 0.1634, 0.1634, 0.1634, 0.1634, 0.1713, 0.1713, 0.1713, 0.1713, 0.1713, 0.1713, 0.1713, 0.1713, 0.1713, 0.1713, 0.0006, 0.0006, 0.0006, 0.0006, 0.0006, 0.0006, 0.0006, 0.0006, 0.0006, 0.0006, 0.0005, 0.0005, 0.0005, 0.0005, 0.0005, 0.0005, 0.0005, 0.0005, 0.0005, 0.0005, 0.0004, 0.0004, 0.0004, 0.0004, 0.0004, 0.0004, 0.0004, 0.0004, 0.0004, 0.0004, 0.0005, 0.0005, 0.0005, 0.0005, 0.0005, 0.0005, 0.0005, 0.0005, 0.0005, 0.0005, 0.0004, 0.0004, 0.0004, 0.0004, 0.0004, 0.0004, 0.0004, 0.0004, 0.0004, 0.0004, 0.0005, 0.0005, 0.0005, 0.0005, 0.0005, 0.0005, 0.0005, 0.0005, 0.0005, 0.0005, 0.0004, 0.0004, 0.0004, 0.0004, 0.0004, 0.0004, 0.0004, 0.0004, 0.0004, 0.0004, 0.0003, 0.0003, 0.0003, 0.0003, 0.0003, 0.0003, 0.0003, 0.0003, 0.0003, 0.0003, 0.0004, 0.0004, 0.0004, 0.0004, 0.0004, 0.0004, 0.0004, 0.0004, 0.0004, 0.0004, 0.0003, 0.0003, 0.0003, 0.0003, 0.0003, 0.0003, 0.0003, 0.0003, 0.0003, 0.0003, 0.0003, 0.0003, 0.0003, 0.0003, 0.0003, 0.0003, 0.0003, 0.0003, 0.0003, 0.0003, 0.0004, 0.0004, 0.0004, 0.0004, 0.0004, 0.0004, 0.0004, 0.0004, 0.0004, 0.0004, 0.0003, 0.0003, 0.0003, 0.0003, 0.0003, 0.0003, 0.0003, 0.0003, 0.0003, 0.0003, 0.0003, 0.0003, 0.0003, 0.0003, 0.0003, 0.0003, 0.0003, 0.0003, 0.0003, 0.0003, 0.0003, 0.0003, 0.0003, 0.0003, 0.0003, 0.0003, 0.0003, 0.0003, 0.0003, 0.0003, 0.0693, 0.0693, 0.0693, 0.0693, 0.0693, 0.0693, 0.0693, 0.0693, 0.0693, 0.0693, 0.0003, 0.0003, 0.0003, 0.0003, 0.0003, 0.0003, 0.0003, 0.0003, 0.0003, 0.0003, 0.0656, 0.0656, 0.0656, 0.0656, 0.0656, 0.0656, 0.0656, 0.0656, 0.0656, 0.0656, 0.1143, 0.1143, 0.1143, 0.1143, 0.1143, 0.1143, 0.1143, 0.1143, 0.1143, 0.1143, 0.0216, 0.0216, 0.0216, 0.0216, 0.0216, 0.0216, 0.0216, 0.0216, 0.0216, 0.0216, 0.0166, 0.0166, 0.0166, 0.0166, 0.0166, 0.0166, 0.0166, 0.0166, 0.0166, 0.0166, 0.0499, 0.0499, 0.0499, 0.0499, 0.0499, 0.0499, 0.0499, 0.0499, 0.0499, 0.0499, 0.0003, 0.0003, 0.0003, 0.0003, 0.0003, 0.0003, 0.0003, 0.0003, 0.0003, 0.0003, 0.0003, 0.0003, 0.0003, 0.0003, 0.0003, 0.0003, 0.0003, 0.0003, 0.0003, 0.0003, 0.0003, 0.0003, 0.0003, 0.0003, 0.0003, 0.0003, 0.0003, 0.0003, 0.0003, 0.0003, 0.0032, 0.0032, 0.0032, 0.0032, 0.0032, 0.0032, 0.0032, 0.0032, 0.0032, 0.0032, 0.0003, 0.0003, 0.0003, 0.0003, 0.0003, 0.0003, 0.0003, 0.0003, 0.0003, 0.0003, 0.0003, 0.0003, 0.0003, 0.0003, 0.0003, 0.0003, 0.0003, 0.0003, 0.0003, 0.0003, 0.0018, 0.0018, 0.0018, 0.0018, 0.0018, 0.0018, 0.0018, 0.0018, 0.0018, 0.0018, 0.0003, 0.0003, 0.0003, 0.0003, 0.0003, 0.0003, 0.0003, 0.0003, 0.0003, 0.0003, 0.0002, 0.0002, 0.0002, 0.0002, 0.0002, 0.0002, 0.0002, 0.0002, 0.0002, 0.0002, 0.0882, 0.0882, 0.0882, 0.0882, 0.0882, 0.0882, 0.0882, 0.0882, 0.0882, 0.0882, 0.0004, 0.0004, 0.0004, 0.0004, 0.0004, 0.0004, 0.0004, 0.0004, 0.0004, 0.0004, 0.0014, 0.0014, 0.0014, 0.0014, 0.0014, 0.0014, 0.0014, 0.0014, 0.0014, 0.0014, 0.0486, 0.0486, 0.0486, 0.0486, 0.0486, 0.0486, 0.0486, 0.0486, 0.0486, 0.0486, 0.0003, 0.0003, 0.0003, 0.0003, 0.0003, 0.0003, 0.0003, 0.0003, 0.0003, 0.0003, 0.1185, 0.1185, 0.1185, 0.1185, 0.1185, 0.1185, 0.1185, 0.1185, 0.1185, 0.1185, 0.1051, 0.1051, 0.1051, 0.1051, 0.1051, 0.1051, 0.1051, 0.1051, 0.1051, 0.1051, 0.0003, 0.0003, 0.0003, 0.0003, 0.0003, 0.0003, 0.0003, 0.0003, 0.0003, 0.0003, 0.0696, 0.0696, 0.0696, 0.0696, 0.0696, 0.0696, 0.0696, 0.0696, 0.0696, 0.0696, 0.0003, 0.0003, 0.0003, 0.0003, 0.0003, 0.0003, 0.0003, 0.0003, 0.0003, 0.0003, 0.0005, 0.0005, 0.0005, 0.0005, 0.0005, 0.0005, 0.0005, 0.0005, 0.0005, 0.0005, 0.0965, 0.0965, 0.0965, 0.0965, 0.0965, 0.0965, 0.0965, 0.0965, 0.0965, 0.0965, 0.0048, 0.0048, 0.0048, 0.0048, 0.0048, 0.0048, 0.0048, 0.0048, 0.0048, 0.0048, 0.0004, 0.0004, 0.0004, 0.0004, 0.0004, 0.0004, 0.0004, 0.0004, 0.0004, 0.0004, 0.0004, 0.0004, 0.0004, 0.0004, 0.0004, 0.0004, 0.0004, 0.0004, 0.0004, 0.0004, 0.0006, 0.0006, 0.0002, 0.0002, 0.0002, 0.0002, 0.0002, 0.0002, 0.0002, 0.0002, 0.0002, 0.0002, 0.0002, 0.0002, 0.0002, 0.0002, 0.0002, 0.0002, 0.0002, 0.0002, 0.0002, 0.0002, 0.0003, 0.0003, 0.0003, 0.0003, 0.0003, 0.0003, 0.0003, 0.0003, 0.0003, 0.0003, 0.0002, 0.0002, 0.0002, 0.0002, 0.0002, 0.0002, 0.0002, 0.0002, 0.0002, 0.0002, 0.0002, 0.0002, 0.0002, 0.0002, 0.0002, 0.0002, 0.0002, 0.0002, 0.0002, 0.0002, 0.0002, 0.0002, 0.0002, 0.0002, 0.0002, 0.0002, 0.0002, 0.0002, 0.0002, 0.0002, 0.0002, 0.0002, 0.0002, 0.0002, 0.0002, 0.0002, 0.0002, 0.0002, 0.0002, 0.0002, 0.0002, 0.0002, 0.0002, 0.0002, 0.0002, 0.0002, 0.0002, 0.0002, 0.0002, 0.0002, 0.0002, 0.0002, 0.0002, 0.0002, 0.0002, 0.0002, 0.0002, 0.0002, 0.0002, 0.0002, 0.1174, 0.1174, 0.1174, 0.1174, 0.1174, 0.1174, 0.1174, 0.1174, 0.1174, 0.1174, 0.0002, 0.0002, 0.0002, 0.0002, 0.0002, 0.0002, 0.0002, 0.0002, 0.0002, 0.0002, 0.0004, 0.0004, 0.0004, 0.0004, 0.0004, 0.0004, 0.0004, 0.0004, 0.0004, 0.0004, 0.0003, 0.0003, 0.0003, 0.0003, 0.0003, 0.0003, 0.0003, 0.0003, 0.0003, 0.0003, 0.0003, 0.0003, 0.0003, 0.0003, 0.0003, 0.0003, 0.0003, 0.0003, 0.0003, 0.0003, 0.0002, 0.0002, 0.0002, 0.0002, 0.0002, 0.0002, 0.0002, 0.0002, 0.0002, 0.0002, 0.0002, 0.0002, 0.0002, 0.0002, 0.0002, 0.0002, 0.0002, 0.0002, 0.0002, 0.0002, 0.0002, 0.0002, 0.0002, 0.0002, 0.0002, 0.0002, 0.0002, 0.0002, 0.0002, 0.0002, 0.076, 0.076, 0.076, 0.076, 0.076, 0.076, 0.076, 0.076, 0.076, 0.076, 0.0002, 0.0002, 0.0002, 0.0002, 0.0002, 0.0002, 0.0002, 0.0002, 0.0002, 0.0002, 0.0004, 0.0004, 0.0004, 0.0004, 0.0004, 0.0004, 0.0004, 0.0004, 0.0004, 0.0004, 0.0002, 0.0002, 0.0002, 0.0002, 0.0002, 0.0002, 0.0002, 0.0002, 0.0002, 0.0002, 0.0003, 0.0003, 0.0003, 0.0003, 0.0003, 0.0003, 0.0003, 0.0003, 0.0003, 0.0003, 0.0003, 0.0003, 0.0003, 0.0003, 0.0003, 0.0003, 0.0003, 0.0003, 0.0003, 0.0003, 0.0003, 0.0003, 0.0003, 0.0003, 0.0003, 0.0003, 0.0003, 0.0003, 0.0003, 0.0003, 0.0003, 0.0003, 0.0003, 0.0003, 0.0003, 0.0003, 0.0003, 0.0003, 0.0003, 0.0003, 0.0002, 0.0002, 0.0002, 0.0002, 0.0002, 0.0002, 0.0002, 0.0002, 0.0002, 0.0002, 0.0002, 0.0002, 0.0002, 0.0002, 0.0002, 0.0002, 0.0002, 0.0002, 0.0002, 0.0002, 0.0002, 0.0002, 0.0002, 0.0002, 0.0002, 0.0002, 0.0002, 0.0002, 0.0002, 0.0002, 0.0002, 0.0002, 0.0002, 0.0002, 0.0002, 0.0002, 0.0002, 0.0002, 0.0002, 0.0002, 0.0002, 0.0002, 0.0002, 0.0002, 0.0002, 0.0002, 0.0002, 0.0002, 0.0002, 0.0002, 0.0003, 0.0003, 0.0003, 0.0003, 0.0003, 0.0003, 0.0003, 0.0003, 0.0003, 0.0003, 0.0002, 0.0002, 0.0002, 0.0002, 0.0002, 0.0002, 0.0002, 0.0002, 0.0002, 0.0002, 0.0002, 0.0002, 0.0002, 0.0002, 0.0002, 0.0002, 0.0002, 0.0002, 0.0002, 0.0002, 0.0269, 0.0269, 0.0269, 0.0269, 0.0269, 0.0269, 0.0269, 0.0269, 0.0269, 0.0269, 0.0002, 0.0002, 0.0002, 0.0002, 0.0002, 0.0002, 0.0002, 0.0002, 0.0002, 0.0002, 0.0003, 0.0003, 0.0003, 0.0003, 0.0003, 0.0003, 0.0003, 0.0003, 0.0003, 0.0003, 0.0003, 0.0003, 0.0003, 0.0003, 0.0003, 0.0003, 0.0003, 0.0003, 0.0003, 0.0003, 0.0002, 0.0002, 0.0002, 0.0002, 0.0002, 0.0002, 0.0002, 0.0002, 0.0002, 0.0002, 0.0002, 0.0002, 0.0002, 0.0002, 0.0002, 0.0002, 0.0002, 0.0002, 0.0002, 0.0002, 0.0002, 0.0002, 0.0002, 0.0002, 0.0002, 0.0002, 0.0002, 0.0002, 0.0002, 0.0002, 0.0002, 0.0002, 0.0002, 0.0002, 0.0002, 0.0002, 0.0002, 0.0002, 0.0002, 0.0002, 0.0002, 0.0002, 0.0002, 0.0002, 0.0002, 0.0002, 0.0002, 0.0002, 0.0002, 0.0002, 0.1231, 0.1231, 0.1231, 0.1231, 0.1231, 0.1231, 0.1231, 0.1231, 0.1231, 0.1231, 0.0002, 0.0002, 0.0002, 0.0002, 0.0002, 0.0002, 0.0002, 0.0002, 0.0002, 0.0002, 0.0004, 0.0004, 0.0004, 0.0004, 0.0004, 0.0004, 0.0004, 0.0004, 0.0004, 0.0004, 0.0004, 0.0004, 0.0004, 0.0004, 0.0004, 0.0004, 0.0004, 0.0004, 0.0004, 0.0004, 0.0003, 0.0003, 0.0003, 0.0003, 0.0003, 0.0003, 0.0003, 0.0003, 0.0003, 0.0003, 0.0819, 0.0819, 0.0819, 0.0819, 0.0819, 0.0819, 0.0819, 0.0819, 0.0819, 0.0819, 0.0003, 0.0003, 0.0003, 0.0003, 0.0003, 0.0003, 0.0003, 0.0003, 0.0003, 0.0003, 0.0002, 0.0002, 0.0002, 0.0002, 0.0002, 0.0002, 0.0002, 0.0002, 0.0002, 0.0002, 0.0874, 0.0874, 0.0874, 0.0874, 0.0874, 0.0874, 0.0874, 0.0874, 0.0874, 0.0874, 0.0002, 0.0002, 0.0002, 0.0002, 0.0002, 0.0002, 0.0002, 0.0002, 0.0002, 0.0002, 0.0003, 0.0003, 0.0003, 0.0003, 0.0003, 0.0003, 0.0003, 0.0003, 0.0003, 0.0003, 0.0003, 0.0003, 0.0003, 0.0003, 0.0003, 0.0003, 0.0003, 0.0003, 0.0003, 0.0003, 0.0003, 0.0003, 0.0003, 0.0003, 0.0003, 0.0003, 0.0003, 0.0003, 0.0003, 0.0003, 0.0002, 0.0002, 0.0002, 0.0002, 0.0002, 0.0002, 0.0002, 0.0002, 0.0002, 0.0002, 0.0002, 0.0002, 0.0002, 0.0002, 0.0002, 0.0002, 0.0002, 0.0002, 0.0002, 0.0002, 0.0002, 0.0002, 0.0002, 0.0002, 0.0002, 0.0002, 0.0002, 0.0002, 0.0002, 0.0002, 0.0002, 0.0002, 0.0002, 0.0002, 0.0002, 0.0002, 0.0002, 0.0002, 0.0002, 0.0002, 0.0002, 0.0002, 0.0002, 0.0002, 0.0002, 0.0002, 0.0002, 0.0002, 0.0002, 0.0002, 0.0002, 0.0002, 0.0002, 0.0002, 0.0002, 0.0002, 0.0002, 0.0002, 0.0002, 0.0002, 0.0002, 0.0002, 0.0002, 0.0002, 0.0002, 0.0002, 0.0002, 0.0002, 0.0002, 0.0002, 0.0003, 0.0003, 0.0003, 0.0003, 0.0003, 0.0003, 0.0003, 0.0003, 0.0003, 0.0003, 0.0002, 0.0002, 0.0002, 0.0002, 0.0002, 0.0002, 0.0002, 0.0002, 0.0002, 0.0002, 0.0002, 0.0002, 0.0002, 0.0002, 0.0002, 0.0002, 0.0002, 0.0002, 0.0002, 0.0002, 0.0002, 0.0002, 0.0002, 0.0002, 0.0002, 0.0002, 0.0002, 0.0002, 0.0002, 0.0002, 0.0002, 0.0002, 0.0002, 0.0002, 0.0002, 0.0002, 0.0002, 0.0002, 0.0002, 0.0002, 0.0002, 0.0002, 0.0002, 0.0002, 0.0002, 0.0002, 0.0002, 0.0002, 0.0002, 0.0002, 0.0002, 0.0002, 0.0002, 0.0002, 0.0002, 0.0002, 0.0002, 0.0002, 0.0002, 0.0002, 0.0002, 0.0002, 0.0002, 0.0002, 0.0002, 0.0002, 0.0002, 0.0002, 0.0002, 0.0002, 0.0002, 0.0002, 0.0002, 0.0002, 0.0002, 0.0002, 0.0002, 0.0002, 0.0002, 0.0002, 0.0003, 0.0003, 0.0003, 0.0003, 0.0003, 0.0003, 0.0003, 0.0003, 0.0003, 0.0003, 0.0002, 0.0002, 0.0002, 0.0002, 0.0002, 0.0002, 0.0002, 0.0002, 0.0002, 0.0002, 0.0002, 0.0002, 0.0002, 0.0002, 0.0002, 0.0002, 0.0002, 0.0002, 0.0002, 0.0002, 0.1175, 0.1175, 0.1175, 0.1175, 0.1175, 0.1175, 0.1175, 0.1175, 0.1175, 0.1175, 0.1035, 0.1035, 0.1035, 0.1035, 0.1035, 0.1035, 0.1035, 0.1035, 0.1035, 0.1035, 0.0606, 0.0606, 0.0606, 0.0606, 0.0606, 0.0606, 0.0606, 0.0606, 0.0606, 0.0606, 0.2032, 0.2032, 0.2032, 0.2032, 0.2032, 0.2032, 0.2032, 0.2032, 0.2032, 0.2032, 0.0003, 0.0003, 0.0003, 0.0003, 0.0003, 0.0003, 0.0003, 0.0003, 0.0003, 0.0003, 0.0003, 0.0003, 0.0003, 0.0003, 0.0003, 0.0003, 0.0003, 0.0003, 0.0003, 0.0003, 0.0004, 0.0004, 0.0004, 0.0004, 0.0004, 0.0004, 0.0002, 0.0002, 0.0002, 0.0002, 0.0002, 0.0002, 0.0002, 0.0002, 0.0002, 0.0002, 0.0002, 0.0002, 0.0002, 0.0002, 0.0002, 0.0002, 0.0002, 0.0002, 0.0002, 0.0002, 0.046, 0.046, 0.046, 0.046, 0.046, 0.046, 0.046, 0.046, 0.046, 0.046, 0.0003, 0.0003, 0.0003, 0.0003, 0.0003, 0.0003, 0.0003, 0.0003, 0.0003, 0.0003, 0.0002, 0.0002, 0.0002, 0.0002, 0.0002, 0.0002, 0.0002, 0.0002, 0.0002, 0.0002, 0.0003, 0.0003, 0.0003, 0.0003, 0.0003, 0.0003, 0.0003, 0.0003, 0.0003, 0.0003, 0.0002, 0.0002, 0.0002, 0.0002, 0.0002, 0.0002, 0.0002, 0.0002, 0.0002, 0.0002, 0.0002, 0.0002, 0.0002, 0.0002, 0.0002, 0.0002, 0.0002, 0.0002, 0.0002, 0.0002, 0.0003, 0.0003, 0.0003, 0.0003, 0.0003, 0.0003, 0.0003, 0.0003, 0.0003, 0.0003, 0.0002, 0.0002, 0.0002, 0.0002, 0.0002, 0.0002, 0.0002, 0.0002, 0.0002, 0.0002, 0.0002, 0.0002, 0.0002, 0.0002, 0.0002, 0.0002, 0.0002, 0.0002, 0.0002, 0.0002, 0.0003, 0.0003, 0.0003, 0.0003, 0.0003, 0.0003, 0.0003, 0.0003, 0.0003, 0.0003, 0.1157, 0.1157, 0.1157, 0.1157, 0.1157, 0.1157, 0.1157, 0.1157, 0.1157, 0.1157, 0.0002, 0.0002, 0.0002, 0.0002, 0.0002, 0.0002, 0.0002, 0.0002, 0.0002, 0.0002, 0.1067, 0.1067, 0.1067, 0.1067, 0.1067, 0.1067, 0.1067, 0.1067, 0.1067, 0.1067, 0.0003, 0.0003, 0.0003, 0.0003, 0.0003, 0.0003, 0.0003, 0.0003, 0.0003, 0.0003, 0.0003, 0.0003, 0.0003, 0.0003, 0.0003, 0.0003, 0.0003, 0.0003, 0.0003, 0.0003, 0.0003, 0.0003, 0.0003, 0.0003, 0.0003, 0.0003, 0.0003, 0.0003, 0.0003, 0.0003, 0.0003, 0.0003, 0.0003, 0.0003, 0.0003, 0.0003, 0.0003, 0.0003, 0.0003, 0.0003, 0.0003, 0.0003, 0.0003, 0.0003, 0.0003, 0.0003, 0.0003, 0.0003, 0.0003, 0.0003, 0.0003, 0.0003, 0.0003, 0.0003, 0.0003, 0.0003, 0.0003, 0.0003, 0.0003, 0.0003, 0.0002, 0.0002, 0.0002, 0.0002, 0.0002, 0.0002, 0.0002, 0.0002, 0.0002, 0.0002, 0.0002, 0.0002, 0.0002, 0.0002, 0.0002, 0.0002, 0.0002, 0.0002, 0.0002, 0.0002, 0.0003, 0.0003, 0.0003, 0.0003, 0.0003, 0.0003, 0.0003, 0.0003, 0.0003, 0.0003, 0.0003, 0.0003, 0.0003, 0.0003, 0.0003, 0.0003, 0.0003, 0.0003, 0.0003, 0.0003, 0.0003, 0.0003, 0.0003, 0.0003, 0.0003, 0.0003, 0.0003, 0.0003, 0.0003, 0.0003, 0.1129, 0.1129, 0.1129, 0.1129, 0.1129, 0.1129, 0.1129, 0.1129, 0.1129, 0.1129, 0.0003, 0.0003, 0.0003, 0.0003, 0.0003, 0.0003, 0.0003, 0.0003, 0.0003, 0.0003, 0.0003, 0.0003, 0.0003, 0.0003, 0.0003, 0.0003, 0.0003, 0.0003, 0.0003, 0.0003, 0.1195, 0.1195, 0.1195, 0.1195, 0.1195, 0.1195, 0.1195, 0.1195, 0.1195, 0.1195, 0.0003, 0.0003, 0.0003, 0.0003, 0.0003, 0.0003, 0.0003, 0.0003, 0.0003, 0.0003, 0.0002, 0.0002, 0.0002, 0.0002, 0.0002, 0.0002, 0.0002, 0.0002, 0.0002, 0.0002, 0.0003, 0.0003, 0.0003, 0.0003, 0.0003, 0.0003, 0.0003, 0.0003, 0.0003, 0.0003, 0.0003, 0.0003, 0.0003, 0.0003, 0.0003, 0.0003, 0.0003, 0.0003, 0.0003, 0.0003, 0.0002, 0.0002, 0.0002, 0.0002, 0.0002, 0.0002, 0.0002, 0.0002, 0.0002, 0.0002, 0.0004, 0.0004, 0.0004, 0.0004, 0.0004, 0.0004, 0.0004, 0.0004, 0.0004, 0.0004, 0.0399, 0.0399, 0.0399, 0.0399, 0.0399, 0.0399, 0.0399, 0.0399, 0.0399, 0.0399, 0.0513, 0.0513, 0.0513, 0.0513, 0.0513, 0.0513, 0.0513, 0.0513, 0.0513, 0.0513, 0.0003, 0.0003, 0.0003, 0.0003, 0.0003, 0.0003, 0.0003, 0.0003, 0.0003, 0.0003, 0.0003, 0.0003, 0.0003, 0.0003, 0.0003, 0.0003, 0.0003, 0.0003, 0.0003, 0.0003, 0.0002, 0.0002, 0.0002, 0.0002, 0.0002, 0.0002, 0.0002, 0.0002, 0.0002, 0.0002, 0.0002, 0.0002, 0.0002, 0.0002, 0.0002, 0.0002, 0.0002, 0.0002, 0.0002, 0.0002, 0.0002, 0.0002, 0.0002, 0.0002, 0.0002, 0.0002, 0.0002, 0.0002, 0.0002, 0.0002, 0.0002, 0.0002, 0.0002, 0.0002, 0.0002, 0.0002, 0.0002, 0.0002, 0.0002, 0.0002, 0.0003, 0.0003, 0.0003, 0.0003, 0.0003, 0.0003, 0.0003, 0.0003, 0.0003, 0.0003, 0.0003, 0.0003, 0.0003, 0.0003, 0.0003, 0.0003, 0.0003, 0.0003, 0.0003, 0.0003, 0.0003, 0.0003, 0.0003, 0.0003, 0.0003, 0.0003, 0.0003, 0.0003, 0.0003, 0.0003, 0.0002, 0.0002, 0.0002, 0.0002, 0.0002, 0.0002, 0.0002, 0.0002, 0.0002, 0.0002, 0.0002, 0.0002, 0.0002, 0.0002, 0.0002, 0.0002, 0.0002, 0.0002, 0.0002, 0.0002, 0.0002, 0.0002, 0.0002, 0.0002, 0.0002, 0.0002, 0.0002, 0.0002, 0.0002, 0.0002, 0.0002, 0.0002, 0.0002, 0.0002, 0.0002, 0.0002, 0.0002, 0.0002, 0.0002, 0.0002, 0.0003, 0.0003, 0.0003, 0.0003, 0.0003, 0.0003, 0.0003, 0.0003, 0.0003, 0.0003, 0.0004, 0.0004, 0.0004, 0.0004, 0.0004, 0.0004, 0.0004, 0.0004, 0.0004, 0.0004, 0.0002, 0.0002, 0.0002, 0.0002, 0.0002, 0.0002, 0.0002, 0.0002, 0.0002, 0.0002, 0.0002, 0.0002, 0.0002, 0.0002, 0.0002, 0.0002, 0.0002, 0.0002, 0.0002, 0.0002, 0.0002, 0.0002, 0.0002, 0.0002, 0.0002, 0.0002, 0.0002, 0.0002, 0.0002, 0.0002, 0.0002, 0.0002, 0.0002, 0.0002, 0.0002, 0.0002, 0.0002, 0.0002, 0.0002, 0.0002, 0.0003, 0.0003, 0.0003, 0.0003, 0.0003, 0.0003, 0.0003, 0.0003, 0.0003, 0.0003, 0.0002, 0.0002, 0.0002, 0.0002, 0.0002, 0.0002, 0.0002, 0.0002, 0.0002, 0.0002, 0.0002, 0.0002, 0.0002, 0.0002, 0.0002, 0.0002, 0.0002, 0.0002, 0.0002, 0.0002, 0.0002, 0.0002, 0.0002, 0.0002, 0.0002, 0.0002, 0.0002, 0.0002, 0.0002, 0.0002, 0.0003, 0.0003, 0.0003, 0.0003, 0.0003, 0.0003, 0.0003, 0.0003, 0.0003, 0.0003, 0.0003, 0.0003, 0.0003, 0.0003, 0.0003, 0.0003, 0.0003, 0.0003, 0.0003, 0.0003, 0.0002, 0.0002, 0.0002, 0.0002, 0.0002, 0.0002, 0.0002, 0.0002, 0.0002, 0.0002, 0.0002, 0.0002, 0.0002, 0.0002, 0.0002, 0.0002, 0.0002, 0.0002, 0.0002, 0.0002, 0.0002, 0.0002, 0.0002, 0.0002, 0.0002, 0.0002, 0.0002, 0.0002, 0.0002, 0.0002, 0.0002, 0.0002, 0.0002, 0.0002, 0.0002, 0.0002, 0.0002, 0.0002, 0.0002, 0.0002, 0.0002, 0.0002, 0.0002, 0.0002, 0.0002, 0.0002, 0.0002, 0.0002, 0.0002, 0.0002, 0.1169, 0.1169, 0.1169, 0.1169, 0.1169, 0.1169, 0.1169, 0.1169, 0.1169, 0.1169, 0.0002, 0.0002, 0.0002, 0.0002, 0.0002, 0.0002, 0.0002, 0.0002, 0.0002, 0.0002, 0.0003, 0.0003, 0.0003, 0.0003, 0.0003, 0.0003, 0.0003, 0.0003, 0.0003, 0.0003, 0.0002, 0.0002, 0.0002, 0.0002, 0.0002, 0.0002, 0.0002, 0.0002, 0.0002, 0.0002, 0.0003, 0.0003, 0.0003, 0.0003, 0.0003, 0.0003, 0.0003, 0.0003, 0.0003, 0.0003, 0.0003, 0.0003, 0.0003, 0.0003, 0.0003, 0.0003, 0.0003, 0.0003, 0.0003, 0.0003, 0.0002, 0.0002, 0.0002, 0.0002, 0.0002, 0.0002, 0.0002, 0.0002, 0.0002, 0.0002, 0.0002, 0.0002, 0.0002, 0.0002, 0.0002, 0.0002, 0.0002, 0.0002, 0.0002, 0.0002, 0.0003, 0.0003, 0.0003, 0.0003, 0.0003, 0.0003, 0.0003, 0.0003, 0.0003, 0.0003, 0.0055, 0.0055, 0.0055, 0.0055, 0.0055, 0.0055, 0.0055, 0.0055, 0.0055, 0.0055, 0.0002, 0.0002, 0.0002, 0.0002, 0.0002, 0.0002, 0.0002, 0.0002, 0.0002, 0.0002, 0.0002, 0.0002, 0.0002, 0.0002, 0.0002, 0.0002, 0.0002, 0.0002, 0.0002, 0.0002, 0.0002, 0.0002, 0.0002, 0.0002, 0.0002, 0.0002, 0.0002, 0.0002, 0.0002, 0.0002]
Validation Loss:
[0.35154521465301514, 0.3813764452934265, 0.40788769721984863, 0.27896812558174133, 0.2387566715478897, 0.37838810682296753, 0.3536999225616455, 0.283378005027771, 0.2948099672794342, 0.3032078742980957]
Train, Validation, Test split:
Train: 6506
Validation: 1836
Test: 927
