Accuracy: 0.8818897637795275
Classification Report:
              precision    recall  f1-score   support

     Assyria       0.86      0.99      0.92       608
   Babylonia       0.97      0.89      0.93       202
        West       0.00      0.00      0.00        79

    accuracy                           0.88       889
   macro avg       0.61      0.63      0.62       889
weighted avg       0.81      0.88      0.84       889

Training Loss:
[1.016, 1.016, 1.016, 1.016, 1.016, 1.016, 1.016, 1.016, 1.016, 1.016, 1.0002, 1.0002, 1.0002, 1.0002, 1.0002, 1.0002, 1.0002, 1.0002, 1.0002, 1.0002, 0.8817, 0.8817, 0.8817, 0.8817, 0.8817, 0.8817, 0.8817, 0.8817, 0.8817, 0.8817, 0.8628, 0.8628, 0.8628, 0.8628, 0.8628, 0.8628, 0.8628, 0.8628, 0.8628, 0.8628, 0.7466, 0.7466, 0.7466, 0.7466, 0.7466, 0.7466, 0.7466, 0.7466, 0.7466, 0.7466, 0.8392, 0.8392, 0.8392, 0.8392, 0.8392, 0.8392, 0.8392, 0.8392, 0.8392, 0.8392, 0.7314, 0.7314, 0.7314, 0.7314, 0.7314, 0.7314, 0.7314, 0.7314, 0.7314, 0.7314, 0.8371, 0.8371, 0.8371, 0.8371, 0.8371, 0.8371, 0.8371, 0.8371, 0.8371, 0.8371, 0.8679, 0.8679, 0.8679, 0.8679, 0.8679, 0.8679, 0.8679, 0.8679, 0.8679, 0.8679, 0.8413, 0.8413, 0.8413, 0.8413, 0.8413, 0.8413, 0.8413, 0.8413, 0.8413, 0.8413, 0.8309, 0.8309, 0.8309, 0.8309, 0.8309, 0.8309, 0.8309, 0.8309, 0.8309, 0.8309, 0.7302, 0.7302, 0.7302, 0.7302, 0.7302, 0.7302, 0.7302, 0.7302, 0.7302, 0.7302, 0.8734, 0.8734, 0.8734, 0.8734, 0.8734, 0.8734, 0.8734, 0.8734, 0.8734, 0.8734, 0.7143, 0.7143, 0.7143, 0.7143, 0.7143, 0.7143, 0.7143, 0.7143, 0.7143, 0.7143, 0.5755, 0.5755, 0.5755, 0.5755, 0.5755, 0.5755, 0.5755, 0.5755, 0.5755, 0.5755, 0.7238, 0.7238, 0.7238, 0.7238, 0.7238, 0.7238, 0.7238, 0.7238, 0.7238, 0.7238, 0.6905, 0.6905, 0.6905, 0.6905, 0.6905, 0.6905, 0.6905, 0.6905, 0.6905, 0.6905, 0.622, 0.622, 0.622, 0.622, 0.622, 0.622, 0.622, 0.622, 0.622, 0.622, 0.5283, 0.5283, 0.5283, 0.5283, 0.5283, 0.5283, 0.5283, 0.5283, 0.5283, 0.5283, 0.5291, 0.5291, 0.5291, 0.5291, 0.5291, 0.5291, 0.5291, 0.5291, 0.5291, 0.5291, 0.6554, 0.6554, 0.6554, 0.6554, 0.6554, 0.6554, 0.6554, 0.6554, 0.6554, 0.6554, 0.865, 0.865, 0.865, 0.865, 0.865, 0.865, 0.865, 0.865, 0.865, 0.865, 0.6761, 0.6761, 0.6761, 0.6761, 0.6761, 0.6761, 0.6761, 0.6761, 0.6761, 0.6761, 0.5856, 0.5856, 0.5856, 0.5856, 0.5856, 0.5856, 0.5856, 0.5856, 0.5856, 0.5856, 0.6922, 0.6922, 0.6922, 0.6922, 0.6922, 0.6922, 0.6922, 0.6922, 0.6922, 0.6922, 0.6552, 0.6552, 0.6552, 0.6552, 0.6552, 0.6552, 0.6552, 0.6552, 0.6552, 0.6552, 0.5432, 0.5432, 0.5432, 0.5432, 0.5432, 0.5432, 0.5432, 0.5432, 0.5432, 0.5432, 0.828, 0.828, 0.828, 0.828, 0.828, 0.828, 0.828, 0.828, 0.828, 0.828, 0.5161, 0.5161, 0.5161, 0.5161, 0.5161, 0.5161, 0.5161, 0.5161, 0.5161, 0.5161, 0.5753, 0.5753, 0.5753, 0.5753, 0.5753, 0.5753, 0.5753, 0.5753, 0.5753, 0.5753, 0.6628, 0.6628, 0.6628, 0.6628, 0.6628, 0.6628, 0.6628, 0.6628, 0.6628, 0.6628, 0.4848, 0.4848, 0.4848, 0.4848, 0.4848, 0.4848, 0.4848, 0.4848, 0.4848, 0.4848, 0.3949, 0.3949, 0.3949, 0.3949, 0.3949, 0.3949, 0.3949, 0.3949, 0.3949, 0.3949, 0.7021, 0.7021, 0.7021, 0.7021, 0.7021, 0.7021, 0.7021, 0.7021, 0.7021, 0.7021, 0.7289, 0.7289, 0.7289, 0.7289, 0.7289, 0.7289, 0.7289, 0.7289, 0.7289, 0.7289, 0.5867, 0.5867, 0.5867, 0.5867, 0.5867, 0.5867, 0.5867, 0.5867, 0.5867, 0.5867, 0.7848, 0.7848, 0.7848, 0.7848, 0.7848, 0.7848, 0.7848, 0.7848, 0.7848, 0.7848, 0.5717, 0.5717, 0.5717, 0.5717, 0.5717, 0.5717, 0.5717, 0.5717, 0.5717, 0.5717, 0.4471, 0.4471, 0.4471, 0.4471, 0.4471, 0.4471, 0.4471, 0.4471, 0.4471, 0.4471, 0.4833, 0.4833, 0.4833, 0.4833, 0.4833, 0.4833, 0.4833, 0.4833, 0.4833, 0.4833, 0.5696, 0.5696, 0.5696, 0.5696, 0.5696, 0.5696, 0.5696, 0.5696, 0.5696, 0.5696, 0.5885, 0.5885, 0.5885, 0.5885, 0.5885, 0.5885, 0.5885, 0.5885, 0.5885, 0.5885, 0.4872, 0.4872, 0.4872, 0.4872, 0.4872, 0.4872, 0.4872, 0.4872, 0.4872, 0.4872, 0.714, 0.714, 0.714, 0.714, 0.714, 0.714, 0.714, 0.714, 0.714, 0.714, 0.7153, 0.7153, 0.7153, 0.7153, 0.7153, 0.7153, 0.7153, 0.7153, 0.7153, 0.7153, 0.3511, 0.3511, 0.3511, 0.3511, 0.3511, 0.3511, 0.3511, 0.3511, 0.3511, 0.3511, 0.4851, 0.4851, 0.4851, 0.4851, 0.4851, 0.4851, 0.4851, 0.4851, 0.4851, 0.4851, 0.4689, 0.4689, 0.4689, 0.4689, 0.4689, 0.4689, 0.4689, 0.4689, 0.4689, 0.4689, 0.5798, 0.5798, 0.5798, 0.5798, 0.5798, 0.5798, 0.5798, 0.5798, 0.5798, 0.5798, 0.6743, 0.6743, 0.6743, 0.6743, 0.6743, 0.6743, 0.6743, 0.6743, 0.6743, 0.6743, 0.6515, 0.6515, 0.6515, 0.6515, 0.6515, 0.6515, 0.6515, 0.6515, 0.6515, 0.6515, 0.4317, 0.4317, 0.4317, 0.4317, 0.4317, 0.4317, 0.4317, 0.4317, 0.4317, 0.4317, 0.5494, 0.5494, 0.5494, 0.5494, 0.5494, 0.5494, 0.5494, 0.5494, 0.5494, 0.5494, 0.6069, 0.6069, 0.6069, 0.6069, 0.6069, 0.6069, 0.6069, 0.6069, 0.6069, 0.6069, 0.6419, 0.6419, 0.6419, 0.6419, 0.6419, 0.6419, 0.6419, 0.6419, 0.6419, 0.6419, 0.4242, 0.4242, 0.4242, 0.4242, 0.4242, 0.4242, 0.4242, 0.4242, 0.4242, 0.4242, 0.6672, 0.6672, 0.6672, 0.6672, 0.6672, 0.6672, 0.6672, 0.6672, 0.6672, 0.6672, 0.5143, 0.5143, 0.5143, 0.5143, 0.5143, 0.5143, 0.5143, 0.5143, 0.5143, 0.5143, 0.3331, 0.3331, 0.3331, 0.3331, 0.3331, 0.3331, 0.3331, 0.3331, 0.3331, 0.3331, 0.5094, 0.5094, 0.5094, 0.5094, 0.5094, 0.5094, 0.5094, 0.5094, 0.5094, 0.5094, 0.6287, 0.6287, 0.6287, 0.6287, 0.6287, 0.6287, 0.6287, 0.6287, 0.6287, 0.6287, 0.6372, 0.6372, 0.6372, 0.6372, 0.6372, 0.6372, 0.6372, 0.6372, 0.6372, 0.6372, 0.5371, 0.5371, 0.5371, 0.5371, 0.5371, 0.5371, 0.5371, 0.5371, 0.5371, 0.5371, 0.418, 0.418, 0.418, 0.418, 0.418, 0.418, 0.418, 0.418, 0.418, 0.418, 0.7916, 0.7916, 0.7916, 0.7916, 0.7916, 0.7916, 0.7916, 0.7916, 0.7916, 0.7916, 0.55, 0.55, 0.55, 0.55, 0.55, 0.55, 0.55, 0.55, 0.55, 0.55, 0.6686, 0.6686, 0.6686, 0.6686, 0.6686, 0.6686, 0.6686, 0.6686, 0.6686, 0.6686, 0.4632, 0.4632, 0.4632, 0.4632, 0.4632, 0.4632, 0.4632, 0.4632, 0.4632, 0.4632, 0.6111, 0.6111, 0.6111, 0.6111, 0.6111, 0.6111, 0.6111, 0.6111, 0.6111, 0.6111, 0.4798, 0.4798, 0.4798, 0.4798, 0.4798, 0.4798, 0.4798, 0.4798, 0.4798, 0.4798, 0.4385, 0.4385, 0.4385, 0.4385, 0.4385, 0.4385, 0.4385, 0.4385, 0.4385, 0.4385, 0.5967, 0.5967, 0.5967, 0.5967, 0.5967, 0.5967, 0.5967, 0.5967, 0.5967, 0.5967, 0.6339, 0.6339, 0.6339, 0.6339, 0.6339, 0.6339, 0.6339, 0.6339, 0.6339, 0.6339, 0.5893, 0.5893, 0.5893, 0.5893, 0.5893, 0.5893, 0.5893, 0.5893, 0.5893, 0.5893, 0.4769, 0.4769, 0.4769, 0.4769, 0.4769, 0.4769, 0.4769, 0.4769, 0.4769, 0.4769, 0.6386, 0.6386, 0.6386, 0.6386, 0.6386, 0.6386, 0.6386, 0.6386, 0.6386, 0.6386, 0.4591, 0.4591, 0.4591, 0.4591, 0.4591, 0.4591, 0.4591, 0.4591, 0.4591, 0.4591, 0.7928, 0.7928, 0.7928, 0.7928, 0.7928, 0.7928, 0.7928, 0.7928, 0.7928, 0.7928, 0.1974, 0.1974, 0.1974, 0.1974, 0.1974, 0.1974, 0.1974, 0.1974, 0.1974, 0.1974, 0.7284, 0.7284, 0.7284, 0.7284, 0.7284, 0.7284, 0.7284, 0.7284, 0.7284, 0.7284, 0.3942, 0.3942, 0.3942, 0.3942, 0.3942, 0.3942, 0.3942, 0.3942, 0.3942, 0.3942, 0.4276, 0.4276, 0.4276, 0.4276, 0.4276, 0.4276, 0.4276, 0.4276, 0.4276, 0.4276, 0.6144, 0.6144, 0.6144, 0.6144, 0.6144, 0.6144, 0.6144, 0.6144, 0.6144, 0.6144, 0.3194, 0.3194, 0.3194, 0.3194, 0.3194, 0.3194, 0.3194, 0.3194, 0.3194, 0.3194, 0.2514, 0.2514, 0.2514, 0.2514, 0.2514, 0.2514, 0.2514, 0.2514, 0.2514, 0.2514, 0.5513, 0.5513, 0.5513, 0.5513, 0.5513, 0.5513, 0.5513, 0.5513, 0.5513, 0.5513, 0.4758, 0.4758, 0.4758, 0.4758, 0.4758, 0.4758, 0.4758, 0.4758, 0.4758, 0.4758, 0.4346, 0.4346, 0.4346, 0.4346, 0.4346, 0.4346, 0.4346, 0.4346, 0.4346, 0.4346, 0.4447, 0.4447, 0.4447, 0.4447, 0.4447, 0.4447, 0.4447, 0.4447, 0.4447, 0.4447, 0.3653, 0.3653, 0.3653, 0.3653, 0.3653, 0.3653, 0.3653, 0.3653, 0.3653, 0.3653, 0.414, 0.414, 0.414, 0.414, 0.414, 0.414, 0.414, 0.414, 0.414, 0.414, 0.4823, 0.4823, 0.4823, 0.4823, 0.4823, 0.4823, 0.4823, 0.4823, 0.4823, 0.4823, 0.3349, 0.3349, 0.3349, 0.3349, 0.3349, 0.3349, 0.3349, 0.3349, 0.3349, 0.3349, 0.7609, 0.7609, 0.7609, 0.7609, 0.7609, 0.7609, 0.7609, 0.7609, 0.7609, 0.7609, 0.6128, 0.6128, 0.6128, 0.6128, 0.6128, 0.6128, 0.6128, 0.6128, 0.6128, 0.6128, 0.4149, 0.4149, 0.4149, 0.4149, 0.4149, 0.4149, 0.4149, 0.4149, 0.4149, 0.4149, 0.5828, 0.5828, 0.5828, 0.5828, 0.5828, 0.5828, 0.5828, 0.5828, 0.5828, 0.5828, 0.4909, 0.4909, 0.4909, 0.4909, 0.4909, 0.4909, 0.4909, 0.4909, 0.4909, 0.4909, 0.4538, 0.4538, 0.4538, 0.4538, 0.4538, 0.4538, 0.4538, 0.4538, 0.4538, 0.4538, 0.3332, 0.3332, 0.3332, 0.3332, 0.3332, 0.3332, 0.3332, 0.3332, 0.3332, 0.3332, 0.3148, 0.3148, 0.3148, 0.3148, 0.3148, 0.3148, 0.3148, 0.3148, 0.3148, 0.3148, 0.5057, 0.5057, 0.5057, 0.5057, 0.5057, 0.5057, 0.5057, 0.5057, 0.5057, 0.5057, 0.6673, 0.6673, 0.6673, 0.6673, 0.6673, 0.6673, 0.6673, 0.6673, 0.6673, 0.6673, 0.3318, 0.3318, 0.3318, 0.3318, 0.3318, 0.3318, 0.3318, 0.3318, 0.3318, 0.3318, 0.5151, 0.5151, 0.5151, 0.5151, 0.5151, 0.5151, 0.5151, 0.5151, 0.5151, 0.5151, 0.604, 0.604, 0.604, 0.604, 0.604, 0.604, 0.604, 0.604, 0.604, 0.604, 0.3973, 0.3973, 0.3973, 0.3973, 0.3973, 0.3973, 0.3973, 0.3973, 0.3973, 0.3973, 0.2155, 0.2155, 0.2155, 0.2155, 0.2155, 0.2155, 0.2155, 0.2155, 0.2155, 0.2155, 0.4766, 0.4766, 0.4766, 0.4766, 0.4766, 0.4766, 0.4766, 0.4766, 0.4766, 0.4766, 0.6251, 0.6251, 0.6251, 0.6251, 0.6251, 0.6251, 0.6251, 0.6251, 0.6251, 0.6251, 0.3091, 0.3091, 0.3091, 0.3091, 0.3091, 0.3091, 0.3091, 0.3091, 0.3091, 0.3091, 0.6387, 0.6387, 0.6387, 0.6387, 0.6387, 0.6387, 0.6387, 0.6387, 0.6387, 0.6387, 0.472, 0.472, 0.472, 0.472, 0.472, 0.472, 0.472, 0.472, 0.472, 0.472, 0.6253, 0.6253, 0.6253, 0.6253, 0.6253, 0.6253, 0.6253, 0.6253, 0.6253, 0.6253, 0.4868, 0.4868, 0.4868, 0.4868, 0.4868, 0.4868, 0.4868, 0.4868, 0.4868, 0.4868, 0.3639, 0.3639, 0.3639, 0.3639, 0.3639, 0.3639, 0.3639, 0.3639, 0.3639, 0.3639, 0.4428, 0.4428, 0.4428, 0.4428, 0.4428, 0.4428, 0.4428, 0.4428, 0.4428, 0.4428, 0.4178, 0.4178, 0.4178, 0.4178, 0.4178, 0.4178, 0.4178, 0.4178, 0.4178, 0.4178, 0.5214, 0.5214, 0.5214, 0.5214, 0.5214, 0.5214, 0.5214, 0.5214, 0.5214, 0.5214, 0.5083, 0.5083, 0.5083, 0.5083, 0.5083, 0.5083, 0.5083, 0.5083, 0.5083, 0.5083, 0.4666, 0.4666, 0.4666, 0.4666, 0.4666, 0.4666, 0.4666, 0.4666, 0.4666, 0.4666, 0.3382, 0.3382, 0.3382, 0.3382, 0.3382, 0.3382, 0.3382, 0.3382, 0.3382, 0.3382, 0.5011, 0.5011, 0.5011, 0.5011, 0.5011, 0.5011, 0.5011, 0.5011, 0.5011, 0.5011, 0.4431, 0.4431, 0.4431, 0.4431, 0.4431, 0.4431, 0.4431, 0.4431, 0.4431, 0.4431, 0.5265, 0.5265, 0.5265, 0.5265, 0.5265, 0.5265, 0.5265, 0.5265, 0.5265, 0.5265, 0.4016, 0.4016, 0.4016, 0.4016, 0.4016, 0.4016, 0.4016, 0.4016, 0.4016, 0.4016, 0.2817, 0.2817, 0.2817, 0.2817, 0.2817, 0.2817, 0.2817, 0.2817, 0.2817, 0.2817, 0.5393, 0.5393, 0.5393, 0.5393, 0.5393, 0.5393, 0.5393, 0.5393, 0.5393, 0.5393, 0.4269, 0.4269, 0.4269, 0.4269, 0.4269, 0.4269, 0.4269, 0.4269, 0.4269, 0.4269, 0.4506, 0.4506, 0.4506, 0.4506, 0.4506, 0.4506, 0.4506, 0.4506, 0.4506, 0.4506, 0.4438, 0.4438, 0.4438, 0.4438, 0.4438, 0.4438, 0.4438, 0.4438, 0.4438, 0.4438, 0.3007, 0.3007, 0.3007, 0.3007, 0.3007, 0.3007, 0.3007, 0.3007, 0.3007, 0.3007, 0.2881, 0.2881, 0.2881, 0.2881, 0.2881, 0.2881, 0.2881, 0.2881, 0.2881, 0.2881, 0.3944, 0.3944, 0.3944, 0.3944, 0.3944, 0.3944, 0.3944, 0.3944, 0.3944, 0.3944, 0.4545, 0.4545, 0.4545, 0.4545, 0.4545, 0.4545, 0.4545, 0.4545, 0.4545, 0.4545, 0.6143, 0.6143, 0.6143, 0.6143, 0.6143, 0.6143, 0.6143, 0.6143, 0.6143, 0.6143, 0.2442, 0.2442, 0.2442, 0.2442, 0.2442, 0.2442, 0.2442, 0.2442, 0.2442, 0.2442, 0.3971, 0.3971, 0.3971, 0.3971, 0.3971, 0.3971, 0.3971, 0.3971, 0.3971, 0.3971, 0.4304, 0.4304, 0.4304, 0.4304, 0.4304, 0.4304, 0.4304, 0.4304, 0.4304, 0.4304, 0.2592, 0.2592, 0.2592, 0.2592, 0.2592, 0.2592, 0.2592, 0.2592, 0.2592, 0.2592, 0.525, 0.525, 0.525, 0.525, 0.525, 0.525, 0.525, 0.525, 0.525, 0.525, 0.5832, 0.5832, 0.5832, 0.5832, 0.5832, 0.5832, 0.5832, 0.5832, 0.5832, 0.5832, 0.78, 0.78, 0.78, 0.78, 0.78, 0.78, 0.78, 0.78, 0.78, 0.78, 0.349, 0.349, 0.349, 0.349, 0.349, 0.349, 0.349, 0.349, 0.349, 0.349, 0.4454, 0.4454, 0.4454, 0.4454, 0.4454, 0.4454, 0.4454, 0.4454, 0.4454, 0.4454, 0.5116, 0.5116, 0.5116, 0.5116, 0.5116, 0.5116, 0.5116, 0.5116, 0.5116, 0.5116, 0.4694, 0.4694, 0.4694, 0.4694, 0.4694, 0.4694, 0.4694, 0.4694, 0.4694, 0.4694, 0.3562, 0.3562, 0.3562, 0.3562, 0.3562, 0.3562, 0.3562, 0.3562, 0.3562, 0.3562, 0.5137, 0.5137, 0.5137, 0.5137, 0.5137, 0.5137, 0.5137, 0.5137, 0.5137, 0.5137, 0.8463, 0.8463, 0.8463, 0.8463, 0.8463, 0.8463, 0.8463, 0.8463, 0.8463, 0.8463, 0.4288, 0.4288, 0.4288, 0.4288, 0.4288, 0.4288, 0.4288, 0.4288, 0.4288, 0.4288, 0.4406, 0.4406, 0.4406, 0.4406, 0.4406, 0.4406, 0.4406, 0.4406, 0.4406, 0.4406, 0.4607, 0.4607, 0.4607, 0.4607, 0.4607, 0.4607, 0.4607, 0.4607, 0.4607, 0.4607, 0.4112, 0.4112, 0.4112, 0.4112, 0.4112, 0.4112, 0.4112, 0.4112, 0.4112, 0.4112, 0.3214, 0.3214, 0.3214, 0.3214, 0.3214, 0.3214, 0.3214, 0.3214, 0.3214, 0.3214, 0.4407, 0.4407, 0.4407, 0.4407, 0.4407, 0.4407, 0.4407, 0.4407, 0.4407, 0.4407, 0.2869, 0.2869, 0.2869, 0.2869, 0.2869, 0.2869, 0.2869, 0.2869, 0.2869, 0.2869, 0.4473, 0.4473, 0.4473, 0.4473, 0.4473, 0.4473, 0.4473, 0.4473, 0.4473, 0.4473, 0.403, 0.403, 0.403, 0.403, 0.403, 0.403, 0.403, 0.403, 0.403, 0.403, 0.3413, 0.3413, 0.3413, 0.3413, 0.3413, 0.3413, 0.3413, 0.3413, 0.3413, 0.3413, 0.2999, 0.2999, 0.2999, 0.2999, 0.2999, 0.2999, 0.2999, 0.2999, 0.2999, 0.2999, 0.5786, 0.5786, 0.5786, 0.5786, 0.5786, 0.5786, 0.5786, 0.5786, 0.5786, 0.5786, 0.3299, 0.3299, 0.3299, 0.3299, 0.3299, 0.3299, 0.3299, 0.3299, 0.3299, 0.3299, 0.5399, 0.5399, 0.5399, 0.5399, 0.5399, 0.5399, 0.5399, 0.5399, 0.5399, 0.5399, 0.402, 0.402, 0.402, 0.402, 0.402, 0.402, 0.402, 0.402, 0.402, 0.402, 0.4358, 0.4358, 0.4358, 0.4358, 0.4358, 0.4358, 0.4358, 0.4358, 0.4358, 0.4358, 0.3695, 0.3695, 0.3695, 0.3695, 0.3695, 0.3695, 0.3695, 0.3695, 0.3695, 0.3695, 0.5289, 0.5289, 0.5289, 0.5289, 0.5289, 0.5289, 0.5289, 0.5289, 0.5289, 0.5289, 0.3347, 0.3347, 0.3347, 0.3347, 0.3347, 0.3347, 0.3347, 0.3347, 0.3347, 0.3347, 0.1811, 0.1811, 0.1811, 0.1811, 0.1811, 0.1811, 0.1811, 0.1811, 0.1811, 0.1811, 0.4104, 0.4104, 0.4104, 0.4104, 0.4104, 0.4104, 0.4104, 0.4104, 0.4104, 0.4104, 0.4178, 0.4178, 0.4178, 0.4178, 0.4178, 0.4178, 0.4178, 0.4178, 0.4178, 0.4178, 0.3892, 0.3892, 0.3892, 0.3892, 0.3892, 0.3892, 0.3892, 0.3892, 0.3892, 0.3892, 0.4226, 0.4226, 0.4226, 0.4226, 0.4226, 0.4226, 0.4226, 0.4226, 0.4226, 0.4226, 0.5583, 0.5583, 0.5583, 0.5583, 0.5583, 0.5583, 0.5583, 0.5583, 0.5583, 0.5583, 0.3919, 0.3919, 0.3919, 0.3919, 0.3919, 0.3919, 0.3919, 0.3919, 0.3919, 0.3919, 0.4013, 0.4013, 0.4013, 0.4013, 0.4013, 0.4013, 0.4013, 0.4013, 0.4013, 0.4013, 0.2517, 0.2517, 0.2517, 0.2517, 0.2517, 0.2517, 0.2517, 0.2517, 0.2517, 0.2517, 0.3999, 0.3999, 0.3999, 0.3999, 0.3999, 0.3999, 0.3999, 0.3999, 0.3999, 0.3999, 0.4064, 0.4064, 0.4064, 0.4064, 0.4064, 0.4064, 0.4064, 0.4064, 0.4064, 0.4064, 0.4068, 0.4068, 0.4068, 0.4068, 0.4068, 0.4068, 0.4068, 0.4068, 0.4068, 0.4068, 0.449, 0.449, 0.449, 0.449, 0.449, 0.449, 0.449, 0.449, 0.449, 0.449, 0.2827, 0.2827, 0.2827, 0.2827, 0.2827, 0.2827, 0.2827, 0.2827, 0.2827, 0.2827, 0.4528, 0.4528, 0.4528, 0.4528, 0.4528, 0.4528, 0.4528, 0.4528, 0.4528, 0.4528, 0.3951, 0.3951, 0.3951, 0.3951, 0.3951, 0.3951, 0.3951, 0.3951, 0.3951, 0.3951, 0.4046, 0.4046, 0.4046, 0.4046, 0.4046, 0.4046, 0.4046, 0.4046, 0.4046, 0.4046, 0.4581, 0.4581, 0.4581, 0.4581, 0.4581, 0.4581, 0.4581, 0.4581, 0.4581, 0.4581, 0.5034, 0.5034, 0.5034, 0.5034, 0.5034, 0.5034, 0.5034, 0.5034, 0.5034, 0.5034, 0.5731, 0.5731, 0.5731, 0.5731, 0.5731, 0.5731, 0.5731, 0.5731, 0.5731, 0.5731, 0.3845, 0.3845, 0.3845, 0.3845, 0.3845, 0.3845, 0.3845, 0.3845, 0.3845, 0.3845, 0.4686, 0.4686, 0.4686, 0.4686, 0.4686, 0.4686, 0.4686, 0.4686, 0.4686, 0.4686, 0.4408, 0.4408, 0.4408, 0.4408, 0.4408, 0.4408, 0.4408, 0.4408, 0.4408, 0.4408, 0.4759, 0.4759, 0.4759, 0.4759, 0.4759, 0.4759, 0.4759, 0.4759, 0.4759, 0.4759, 0.434, 0.434, 0.434, 0.434, 0.434, 0.434, 0.434, 0.434, 0.434, 0.434, 0.4497, 0.4497, 0.4497, 0.4497, 0.4497, 0.4497, 0.4497, 0.4497, 0.4497, 0.4497, 0.7491, 0.7491, 0.7491, 0.7491, 0.7491, 0.7491, 0.7491, 0.7491, 0.7491, 0.7491, 0.3788, 0.3788, 0.3788, 0.3788, 0.3788, 0.3788, 0.3788, 0.3788, 0.3788, 0.3788, 0.6669, 0.6669, 0.6669, 0.6669, 0.6669, 0.6669, 0.6669, 0.6669, 0.6669, 0.6669, 0.5737, 0.5737, 0.5737, 0.5737, 0.5737, 0.5737, 0.5737, 0.5737, 0.5737, 0.5737, 0.9405, 0.9405, 0.9405, 0.9405, 0.9405, 0.9405, 0.9405, 0.9405, 0.9405, 0.9405, 1.5644, 1.5644, 1.5644, 1.5644, 1.5644, 1.5644, 1.5644, 1.5644, 1.5644, 1.5644, 0.8106, 0.8106, 0.8106, 0.8106, 0.8106, 0.8106, 0.8106, 0.8106, 0.8106, 0.8106, 0.9047, 0.9047, 0.9047, 0.9047, 0.9047, 0.9047, 0.9047, 0.9047, 0.9047, 0.9047, 0.8779, 0.8779, 0.8779, 0.8779, 0.8779, 0.8779, 0.8779, 0.8779, 0.8779, 0.8779, 0.7839, 0.7839, 0.7839, 0.7839, 0.7839, 0.7839, 0.7839, 0.7839, 0.7839, 0.7839, 0.7842, 0.7842, 0.7842, 0.7842, 0.7842, 0.7842, 0.7842, 0.7842, 0.7842, 0.7842, 0.8746, 0.8746, 0.8746, 0.8746, 0.8746, 0.8746, 0.8746, 0.8746, 0.8746, 0.8746, 0.7267, 0.7267, 0.7267, 0.7267, 0.7267, 0.7267, 0.7267, 0.7267, 0.7267, 0.7267, 0.7167, 0.7167, 0.7167, 0.7167, 0.7167, 0.7167, 0.7167, 0.7167, 0.7167, 0.7167, 0.7508, 0.7508, 0.7508, 0.7508, 0.7508, 0.7508, 0.7508, 0.7508, 0.7508, 0.7508, 1.0054, 1.0054, 1.0054, 1.0054, 1.0054, 1.0054, 1.0054, 1.0054, 1.0054, 1.0054, 0.8396, 0.8396, 0.8396, 0.8396, 0.8396, 0.8396, 0.8396, 0.8396, 0.8396, 0.8396, 0.7494, 0.7494, 0.7494, 0.7494, 0.7494, 0.7494, 0.7494, 0.7494, 0.7494, 0.7494, 0.7324, 0.7324, 0.7324, 0.7324, 0.7324, 0.7324, 0.7324, 0.7324, 0.7324, 0.7324, 0.6968, 0.6968, 0.6968, 0.6968, 0.6968, 0.6968, 0.6968, 0.6968, 0.6968, 0.6968, 0.6273, 0.6273, 0.6273, 0.6273, 0.6273, 0.6273, 0.6273, 0.6273, 0.6273, 0.6273, 0.5649, 0.5649, 0.5649, 0.5649, 0.5649, 0.5649, 0.5649, 0.5649, 0.5649, 0.5649, 0.7016, 0.7016, 0.7016, 0.7016, 0.7016, 0.7016, 0.7016, 0.7016, 0.7016, 0.7016, 0.6273, 0.6273, 0.6273, 0.6273, 0.6273, 0.6273, 0.6273, 0.6273, 0.6273, 0.6273, 0.6301, 0.6301, 0.6301, 0.6301, 0.6301, 0.6301, 0.6301, 0.6301, 0.6301, 0.6301, 0.5983, 0.5983, 0.5983, 0.5983, 0.5983, 0.5983, 0.5983, 0.5983, 0.5983, 0.5983, 0.5108, 0.5108, 0.5108, 0.5108, 0.5108, 0.5108, 0.5108, 0.5108, 0.5108, 0.5108, 0.6995, 0.6995, 0.6995, 0.6995, 0.6995, 0.6995, 0.6995, 0.6995, 0.6995, 0.6995, 0.5743, 0.5743, 0.5743, 0.5743, 0.5743, 0.5743, 0.5743, 0.5743, 0.5743, 0.5743, 0.4377, 0.4377, 0.4377, 0.4377, 0.4377, 0.4377, 0.4377, 0.4377, 0.4377, 0.4377, 0.4881, 0.4881, 0.4881, 0.4881, 0.4881, 0.4881, 0.4881, 0.4881, 0.4881, 0.4881, 0.7305, 0.7305, 0.7305, 0.7305, 0.7305, 0.7305, 0.7305, 0.7305, 0.7305, 0.7305, 0.6356, 0.6356, 0.6356, 0.6356, 0.6356, 0.6356, 0.6356, 0.6356, 0.6356, 0.6356, 0.4713, 0.4713, 0.4713, 0.4713, 0.4713, 0.4713, 0.4713, 0.4713, 0.4713, 0.4713, 0.4231, 0.4231, 0.4231, 0.4231, 0.4231, 0.4231, 0.4231, 0.4231, 0.4231, 0.4231, 0.5018, 0.5018, 0.5018, 0.5018, 0.5018, 0.5018, 0.5018, 0.5018, 0.5018, 0.5018, 0.3432, 0.3432, 0.3432, 0.3432, 0.3432, 0.3432, 0.3432, 0.3432, 0.3432, 0.3432, 0.6034, 0.6034, 0.6034, 0.6034, 0.6034, 0.6034, 0.6034, 0.6034, 0.6034, 0.6034, 0.5133, 0.5133, 0.5133, 0.5133, 0.5133, 0.5133, 0.5133, 0.5133, 0.5133, 0.5133, 0.4748, 0.4748, 0.4748, 0.4748, 0.4748, 0.4748, 0.4748, 0.4748, 0.4748, 0.4748, 0.2891, 0.2891, 0.2891, 0.2891, 0.2891, 0.2891, 0.2891, 0.2891, 0.2891, 0.2891, 0.6592, 0.6592, 0.6592, 0.6592, 0.6592, 0.6592, 0.6592, 0.6592, 0.6592, 0.6592, 0.4575, 0.4575, 0.4575, 0.4575, 0.4575, 0.4575, 0.4575, 0.4575, 0.4575, 0.4575, 0.491, 0.491, 0.491, 0.491, 0.491, 0.491, 0.491, 0.491, 0.491, 0.491, 0.4008, 0.4008, 0.4008, 0.4008, 0.4008, 0.4008, 0.4008, 0.4008, 0.4008, 0.4008, 0.3505, 0.3505, 0.3505, 0.3505, 0.3505, 0.3505, 0.3505, 0.3505, 0.3505, 0.3505, 0.5013, 0.5013, 0.5013, 0.5013, 0.5013, 0.5013, 0.5013, 0.5013, 0.5013, 0.5013, 0.4691, 0.4691, 0.4691, 0.4691, 0.4691, 0.4691, 0.4691, 0.4691, 0.4691, 0.4691, 0.4243, 0.4243, 0.4243, 0.4243, 0.4243, 0.4243, 0.4243, 0.4243, 0.4243, 0.4243, 0.3542, 0.3542, 0.3542, 0.3542, 0.3542, 0.3542, 0.3542, 0.3542, 0.3542, 0.3542, 0.4146, 0.4146, 0.4146, 0.4146, 0.4146, 0.4146, 0.4146, 0.4146, 0.4146, 0.4146, 0.4472, 0.4472, 0.4472, 0.4472, 0.4472, 0.4472, 0.4472, 0.4472, 0.4472, 0.4472, 0.5692, 0.5692, 0.5692, 0.5692, 0.5692, 0.5692, 0.5692, 0.5692, 0.5692, 0.5692, 0.4443, 0.4443, 0.4443, 0.4443, 0.4443, 0.4443, 0.4443, 0.4443, 0.4443, 0.4443, 0.569, 0.569, 0.569, 0.569, 0.569, 0.569, 0.569, 0.569, 0.569, 0.569, 0.3363, 0.3363, 0.3363, 0.3363, 0.3363, 0.3363, 0.3363, 0.3363, 0.3363, 0.3363, 0.4188, 0.4188, 0.4188, 0.4188, 0.4188, 0.4188, 0.4188, 0.4188, 0.4188, 0.4188, 0.4864, 0.4864, 0.4864, 0.4864, 0.4864, 0.4864, 0.4864, 0.4864, 0.4864, 0.4864, 0.3825, 0.3825, 0.3825, 0.3825, 0.3825, 0.3825, 0.3825, 0.3825, 0.3825, 0.3825, 0.4098, 0.4098, 0.4098, 0.4098, 0.4098, 0.4098, 0.4098, 0.4098, 0.4098, 0.4098, 0.3798, 0.3798, 0.3798, 0.3798, 0.3798, 0.3798, 0.3798, 0.3798, 0.3798, 0.3798, 0.521, 0.521, 0.521, 0.521, 0.521, 0.521, 0.521, 0.521, 0.521, 0.521, 0.4077, 0.4077, 0.4077, 0.4077, 0.4077, 0.4077, 0.4077, 0.4077, 0.4077, 0.4077, 0.5087, 0.5087, 0.5087, 0.5087, 0.5087, 0.5087, 0.5087, 0.5087, 0.5087, 0.5087, 0.3985, 0.3985, 0.3985, 0.3985, 0.3985, 0.3985, 0.3985, 0.3985, 0.3985, 0.3985, 0.4926, 0.4926, 0.4926, 0.4926, 0.4926, 0.4926, 0.4926, 0.4926, 0.4926, 0.4926, 0.3054, 0.3054, 0.3054, 0.3054, 0.3054, 0.3054, 0.3054, 0.3054, 0.3054, 0.3054, 0.7506, 0.7506, 0.7506, 0.7506, 0.7506, 0.7506, 0.7506, 0.7506, 0.7506, 0.7506, 0.2453, 0.2453, 0.2453, 0.2453, 0.2453, 0.2453, 0.2453, 0.2453, 0.2453, 0.2453, 0.4297, 0.4297, 0.4297, 0.4297, 0.4297, 0.4297, 0.4297, 0.4297, 0.4297, 0.4297, 0.4928, 0.4928, 0.4928, 0.4928, 0.4928, 0.4928, 0.4928, 0.4928, 0.4928, 0.4928, 0.7218, 0.7218, 0.7218, 0.7218, 0.7218, 0.7218, 0.7218, 0.7218, 0.7218, 0.7218, 0.3581, 0.3581, 0.3581, 0.3581, 0.3581, 0.3581, 0.3581, 0.3581, 0.3581, 0.3581, 0.3949, 0.3949, 0.3949, 0.3949, 0.3949, 0.3949, 0.3949, 0.3949, 0.3949, 0.3949, 0.3261, 0.3261, 0.3261, 0.3261, 0.3261, 0.3261, 0.3261, 0.3261, 0.3261, 0.3261, 0.6315, 0.6315, 0.6315, 0.6315, 0.6315, 0.6315, 0.6315, 0.6315, 0.6315, 0.6315, 0.5352, 0.5352, 0.5352, 0.5352, 0.5352, 0.5352, 0.5352, 0.5352, 0.5352, 0.5352, 0.5603, 0.5603, 0.5603, 0.5603, 0.5603, 0.5603, 0.5603, 0.5603, 0.5603, 0.5603, 0.3837, 0.3837, 0.3837, 0.3837, 0.3837, 0.3837, 0.3837, 0.3837, 0.3837, 0.3837, 0.4, 0.4, 0.4, 0.4, 0.4, 0.4, 0.4, 0.4, 0.4, 0.4, 0.4069, 0.4069, 0.4069, 0.4069, 0.4069, 0.4069, 0.4069, 0.4069, 0.4069, 0.4069, 0.5511, 0.5511, 0.5511, 0.5511, 0.5511, 0.5511, 0.5511, 0.5511, 0.5511, 0.5511, 0.4277, 0.4277, 0.4277, 0.4277, 0.4277, 0.4277, 0.4277, 0.4277, 0.4277, 0.4277, 0.351, 0.351, 0.351, 0.351, 0.351, 0.351, 0.351, 0.351, 0.351, 0.351, 0.2866, 0.2866, 0.2866, 0.2866, 0.2866, 0.2866, 0.2866, 0.2866, 0.2866, 0.2866, 0.5397, 0.5397, 0.5397, 0.5397, 0.5397, 0.5397, 0.5397, 0.5397, 0.5397, 0.5397, 0.2991, 0.2991, 0.2991, 0.2991, 0.2991, 0.2991, 0.2991, 0.2991, 0.2991, 0.2991, 0.5968, 0.5968, 0.5968, 0.5968, 0.5968, 0.5968, 0.5968, 0.5968, 0.5968, 0.5968, 0.2979, 0.2979, 0.2979, 0.2979, 0.2979, 0.2979, 0.2979, 0.2979, 0.2979, 0.2979, 0.3511, 0.3511, 0.3511, 0.3511, 0.3511, 0.3511, 0.3511, 0.3511, 0.3511, 0.3511, 0.5135, 0.5135, 0.5135, 0.5135, 0.5135, 0.5135, 0.5135, 0.5135, 0.5135, 0.5135, 0.4645, 0.4645, 0.4645, 0.4645, 0.4645, 0.4645, 0.4645, 0.4645, 0.4645, 0.4645, 0.4368, 0.4368, 0.4368, 0.4368, 0.4368, 0.4368, 0.4368, 0.4368, 0.4368, 0.4368, 0.4613, 0.4613, 0.4613, 0.4613, 0.4613, 0.4613, 0.4613, 0.4613, 0.4613, 0.4613, 0.449, 0.449, 0.449, 0.449, 0.449, 0.449, 0.449, 0.449, 0.449, 0.449, 0.4265, 0.4265, 0.4265, 0.4265, 0.4265, 0.4265, 0.4265, 0.4265, 0.4265, 0.4265, 0.3194, 0.3194, 0.3194, 0.3194, 0.3194, 0.3194, 0.3194, 0.3194, 0.3194, 0.3194, 0.4818, 0.4818, 0.4818, 0.4818, 0.4818, 0.4818, 0.4818, 0.4818, 0.4818, 0.4818, 0.5439, 0.5439, 0.5439, 0.5439, 0.5439, 0.5439, 0.5439, 0.5439, 0.5439, 0.5439, 0.4756, 0.4756, 0.4756, 0.4756, 0.4756, 0.4756, 0.4756, 0.4756, 0.4756, 0.4756, 0.4076, 0.4076, 0.4076, 0.4076, 0.4076, 0.4076, 0.4076, 0.4076, 0.4076, 0.4076, 0.47, 0.47, 0.47, 0.47, 0.47, 0.47, 0.47, 0.47, 0.47, 0.47, 0.4266, 0.4266, 0.4266, 0.4266, 0.4266, 0.4266, 0.4266, 0.4266, 0.4266, 0.4266, 0.4433, 0.4433, 0.4433, 0.4433, 0.4433, 0.4433, 0.4433, 0.4433, 0.4433, 0.4433, 0.4984, 0.4984, 0.4984, 0.4984, 0.4984, 0.4984, 0.4984, 0.4984, 0.4984, 0.4984, 0.4003, 0.4003, 0.4003, 0.4003, 0.4003, 0.4003, 0.4003, 0.4003, 0.4003, 0.4003, 0.4327, 0.4327, 0.4327, 0.4327, 0.4327, 0.4327, 0.4327, 0.4327, 0.4327, 0.4327, 0.4923, 0.4923, 0.4923, 0.4923, 0.4923, 0.4923, 0.4923, 0.4923, 0.4923, 0.4923, 0.4869, 0.4869, 0.4869, 0.4869, 0.4869, 0.4869, 0.4869, 0.4869, 0.4869, 0.4869, 0.3933, 0.3933, 0.3933, 0.3933, 0.3933, 0.3933, 0.3933, 0.3933, 0.3933, 0.3933, 0.674, 0.674, 0.674, 0.674, 0.674, 0.674, 0.674, 0.674, 0.674, 0.674, 0.4327, 0.4327, 0.4327, 0.4327, 0.4327, 0.4327, 0.4327, 0.4327, 0.4327, 0.4327, 0.3541, 0.3541, 0.3541, 0.3541, 0.3541, 0.3541, 0.3541, 0.3541, 0.3541, 0.3541, 0.4014, 0.4014, 0.4014, 0.4014, 0.4014, 0.4014, 0.4014, 0.4014, 0.4014, 0.4014, 0.5426, 0.5426, 0.5426, 0.5426, 0.5426, 0.5426, 0.5426, 0.5426, 0.5426, 0.5426, 0.529, 0.529, 0.529, 0.529, 0.529, 0.529, 0.529, 0.529, 0.529, 0.529, 0.6048, 0.6048, 0.6048, 0.6048, 0.6048, 0.6048, 0.6048, 0.6048, 0.6048, 0.6048, 0.6101, 0.6101, 0.6101, 0.6101, 0.6101, 0.6101, 0.6101, 0.6101, 0.6101, 0.6101, 0.3434, 0.3434, 0.3434, 0.3434, 0.3434, 0.3434, 0.3434, 0.3434, 0.3434, 0.3434, 0.4757, 0.4757, 0.4757, 0.4757, 0.4757, 0.4757, 0.4757, 0.4757, 0.4757, 0.4757, 0.505, 0.505, 0.505, 0.505, 0.505, 0.505, 0.505, 0.505, 0.505, 0.505, 0.4018, 0.4018, 0.4018, 0.4018, 0.4018, 0.4018, 0.4018, 0.4018, 0.4018, 0.4018, 0.3918, 0.3918, 0.3918, 0.3918, 0.3918, 0.3918, 0.3918, 0.3918, 0.3918, 0.3918, 0.5438, 0.5438, 0.5438, 0.5438, 0.5438, 0.5438, 0.5438, 0.5438, 0.5438, 0.5438, 0.4735, 0.4735, 0.4735, 0.4735, 0.4735, 0.4735, 0.4735, 0.4735, 0.4735, 0.4735, 0.5505, 0.5505, 0.5505, 0.5505, 0.5505, 0.5505, 0.5505, 0.5505, 0.5505, 0.5505, 0.3717, 0.3717, 0.3717, 0.3717, 0.3717, 0.3717, 0.3717, 0.3717, 0.3717, 0.3717, 0.3753, 0.3753, 0.3753, 0.3753, 0.3753, 0.3753, 0.3753, 0.3753, 0.3753, 0.3753, 0.6828, 0.6828, 0.6828, 0.6828, 0.6828, 0.6828, 0.6828, 0.6828, 0.6828, 0.6828, 0.6371, 0.6371, 0.6371, 0.6371, 0.6371, 0.6371, 0.6371, 0.6371, 0.6371, 0.6371, 1.0026, 1.0026, 1.0026, 1.0026, 1.0026, 1.0026, 1.0026, 1.0026, 1.0026, 1.0026, 0.7864, 0.7864, 0.7864, 0.7864, 0.7864, 0.7864, 0.7864, 0.7864, 0.7864, 0.7864, 0.7917, 0.7917, 0.7917, 0.7917, 0.7917, 0.7917, 0.7917, 0.7917, 0.7917, 0.7917, 0.7201, 0.7201, 0.7201, 0.7201, 0.7201, 0.7201, 0.7201, 0.7201, 0.7201, 0.7201, 0.8421, 0.8421, 0.8421, 0.8421, 0.8421, 0.8421, 0.8421, 0.8421, 0.8421, 0.8421, 0.7509, 0.7509, 0.7509, 0.7509, 0.7509, 0.7509, 0.7509, 0.7509, 0.7509, 0.7509, 0.8207, 0.8207, 0.8207, 0.8207, 0.8207, 0.8207, 0.8207, 0.8207, 0.8207, 0.8207, 0.7735, 0.7735, 0.7735, 0.7735, 0.7735, 0.7735, 0.7735, 0.7735, 0.7735, 0.7735, 0.921, 0.921, 0.921, 0.921, 0.921, 0.921, 0.921, 0.921, 0.921, 0.921, 0.952, 0.952, 0.952, 0.952, 0.952, 0.952, 0.952, 0.952, 0.952, 0.952, 0.7041, 0.7041, 0.7041, 0.7041, 0.7041, 0.7041, 0.7041, 0.7041, 0.7041, 0.7041, 0.6417, 0.6417, 0.6417, 0.6417, 0.6417, 0.6417, 0.6417, 0.6417, 0.6417, 0.6417, 0.7313, 0.7313, 0.7313, 0.7313, 0.7313, 0.7313, 0.7313, 0.7313, 0.7313, 0.7313, 0.796, 0.796, 0.796, 0.796, 0.796, 0.796, 0.796, 0.796, 0.796, 0.796, 0.7949, 0.7949, 0.7949, 0.7949, 0.7949, 0.7949, 0.7949, 0.7949, 0.7949, 0.7949, 0.8041, 0.8041, 0.8041, 0.8041, 0.8041, 0.8041, 0.8041, 0.8041, 0.8041, 0.8041, 0.6872, 0.6872, 0.6872, 0.6872, 0.6872, 0.6872, 0.6872, 0.6872, 0.6872, 0.6872, 0.7453, 0.7453, 0.7453, 0.7453, 0.7453, 0.7453, 0.7453, 0.7453, 0.7453, 0.7453, 0.5995, 0.5995, 0.5995, 0.5995, 0.5995, 0.5995, 0.5995, 0.5995, 0.5995, 0.5995, 0.765, 0.765, 0.765, 0.765, 0.765, 0.765, 0.765, 0.765, 0.765, 0.765, 0.9248, 0.9248, 0.9248, 0.9248, 0.9248, 0.9248, 0.9248, 0.9248, 0.9248, 0.9248, 0.6675, 0.6675, 0.6675, 0.6675, 0.6675, 0.6675, 0.6675, 0.6675, 0.6675, 0.6675, 0.7385, 0.7385, 0.7385, 0.7385, 0.7385, 0.7385, 0.7385, 0.7385, 0.7385, 0.7385, 0.6813, 0.6813, 0.6813, 0.6813, 0.6813, 0.6813, 0.6813, 0.6813, 0.6813, 0.6813, 0.63, 0.63, 0.63, 0.63, 0.63, 0.63, 0.63, 0.63, 0.63, 0.63, 0.4428, 0.4428, 0.4428, 0.4428, 0.4428, 0.4428, 0.4428, 0.4428, 0.4428, 0.4428, 0.5474, 0.5474, 0.5474, 0.5474, 0.5474, 0.5474, 0.5474, 0.5474, 0.5474, 0.5474, 0.51, 0.51, 0.51, 0.51, 0.51, 0.51, 0.51, 0.51, 0.51, 0.51, 0.6045, 0.6045, 0.6045, 0.6045, 0.6045, 0.6045, 0.6045, 0.6045, 0.6045, 0.6045, 0.4659, 0.4659, 0.4659, 0.4659, 0.4659, 0.4659, 0.4659, 0.4659, 0.4659, 0.4659, 0.4594, 0.4594, 0.4594, 0.4594, 0.4594, 0.4594, 0.4594, 0.4594, 0.4594, 0.4594, 0.3489, 0.3489, 0.3489, 0.3489, 0.3489, 0.3489, 0.3489, 0.3489, 0.3489, 0.3489, 0.3387, 0.3387, 0.3387, 0.3387, 0.3387, 0.3387, 0.3387, 0.3387, 0.3387, 0.3387, 0.5402, 0.5402, 0.5402, 0.5402, 0.5402, 0.5402, 0.5402, 0.5402, 0.5402, 0.5402, 0.581, 0.581, 0.581, 0.581, 0.581, 0.581, 0.581, 0.581, 0.581, 0.581, 0.3854, 0.3854, 0.3854, 0.3854, 0.3854, 0.3854, 0.3854, 0.3854, 0.3854, 0.3854, 0.4754, 0.4754, 0.4754, 0.4754, 0.4754, 0.4754, 0.4754, 0.4754, 0.4754, 0.4754, 0.279, 0.279, 0.279, 0.279, 0.279, 0.279, 0.279, 0.279, 0.279, 0.279, 0.5189, 0.5189, 0.5189, 0.5189, 0.5189, 0.5189, 0.5189, 0.5189, 0.5189, 0.5189, 0.2666, 0.2666, 0.2666, 0.2666, 0.2666, 0.2666, 0.2666, 0.2666, 0.2666, 0.2666, 0.648, 0.648, 0.648, 0.648, 0.648, 0.648, 0.648, 0.648, 0.648, 0.648, 0.5162, 0.5162, 0.5162, 0.5162, 0.5162, 0.5162, 0.5162, 0.5162, 0.5162, 0.5162, 0.292, 0.292, 0.292, 0.292, 0.292, 0.292, 0.292, 0.292, 0.292, 0.292, 0.7474, 0.7474, 0.7474, 0.7474, 0.7474, 0.7474, 0.7474, 0.7474, 0.7474, 0.7474, 0.4183, 0.4183, 0.4183, 0.4183, 0.4183, 0.4183, 0.4183, 0.4183, 0.4183, 0.4183, 0.4186, 0.4186, 0.4186, 0.4186, 0.4186, 0.4186, 0.4186, 0.4186, 0.4186, 0.4186, 0.4092, 0.4092, 0.4092, 0.4092, 0.4092, 0.4092, 0.4092, 0.4092, 0.4092, 0.4092, 0.4999, 0.4999, 0.4999, 0.4999, 0.4999, 0.4999, 0.4999, 0.4999, 0.4999, 0.4999, 0.3485, 0.3485, 0.3485, 0.3485, 0.3485, 0.3485, 0.3485, 0.3485, 0.3485, 0.3485, 0.4435, 0.4435, 0.4435, 0.4435, 0.4435, 0.4435, 0.4435, 0.4435, 0.4435, 0.4435, 0.3765, 0.3765, 0.3765, 0.3765, 0.3765, 0.3765, 0.3765, 0.3765, 0.3765, 0.3765, 0.4355, 0.4355, 0.4355, 0.4355, 0.4355, 0.4355, 0.4355, 0.4355, 0.4355, 0.4355, 0.6416, 0.6416, 0.6416, 0.6416, 0.6416, 0.6416, 0.6416, 0.6416, 0.6416, 0.6416, 0.3632, 0.3632, 0.3632, 0.3632, 0.3632, 0.3632, 0.3632, 0.3632, 0.3632, 0.3632, 0.5753, 0.5753, 0.5753, 0.5753, 0.5753, 0.5753, 0.5753, 0.5753, 0.5753, 0.5753, 0.3575, 0.3575, 0.3575, 0.3575, 0.3575, 0.3575, 0.3575, 0.3575, 0.3575, 0.3575, 0.7333, 0.7333, 0.7333, 0.7333, 0.7333, 0.7333, 0.7333, 0.7333, 0.7333, 0.7333, 0.6108, 0.6108, 0.6108, 0.6108, 0.6108, 0.6108, 0.6108, 0.6108, 0.6108, 0.6108, 0.5001, 0.5001, 0.5001, 0.5001, 0.5001, 0.5001, 0.5001, 0.5001, 0.5001, 0.5001, 0.9136, 0.9136, 0.9136, 0.9136, 0.9136, 0.9136, 0.9136, 0.9136, 0.9136, 0.9136, 0.7429, 0.7429, 0.7429, 0.7429, 0.7429, 0.7429, 0.7429, 0.7429, 0.7429, 0.7429, 0.9685, 0.9685, 0.9685, 0.9685, 0.9685, 0.9685, 0.9685, 0.9685, 0.9685, 0.9685, 0.7536, 0.7536, 0.7536, 0.7536, 0.7536, 0.7536, 0.7536, 0.7536, 0.7536, 0.7536, 0.8084, 0.8084, 0.8084, 0.8084, 0.8084, 0.8084, 0.8084, 0.8084, 0.8084, 0.8084, 0.8075, 0.8075, 0.8075, 0.8075, 0.8075, 0.8075, 0.8075, 0.8075, 0.8075, 0.8075, 0.8085, 0.8085, 0.8085, 0.8085, 0.8085, 0.8085, 0.8085, 0.8085, 0.8085, 0.8085, 0.8295, 0.8295, 0.8295, 0.8295, 0.8295, 0.8295, 0.8295, 0.8295, 0.8295, 0.8295, 1.2548, 1.2548, 1.2548, 1.2548, 1.2548, 1.2548, 1.2548, 1.2548, 1.2548, 1.2548, 1.8358, 1.8358, 1.8358, 1.8358, 1.8358, 1.8358, 1.8358, 1.8358, 1.8358, 1.8358, 0.6672, 0.6672, 0.6672, 0.6672, 0.6672, 0.6672, 0.6672, 0.6672, 0.6672, 0.6672, 0.5235, 0.5235, 0.5235, 0.5235, 0.5235, 0.5235, 0.5235, 0.5235, 0.5235, 0.5235, 0.4079, 0.4079, 0.4079, 0.4079, 0.4079, 0.4079, 0.4079, 0.4079, 0.4079, 0.4079, 0.3426, 0.3426, 0.3426, 0.3426, 0.3426, 0.3426, 0.3426, 0.3426, 0.3426, 0.3426, 0.3752, 0.3752, 0.3752, 0.3752, 0.3752, 0.3752, 0.3752, 0.3752, 0.3752, 0.3752, 0.407, 0.407, 0.407, 0.407, 0.407, 0.407, 0.407, 0.407, 0.407, 0.407, 0.4285, 0.4285, 0.4285, 0.4285, 0.4285, 0.4285, 0.4285, 0.4285, 0.4285, 0.4285, 0.4613, 0.4613, 0.4613, 0.4613, 0.4613, 0.4613, 0.4613, 0.4613, 0.4613, 0.4613, 0.5744, 0.5744, 0.5744, 0.5744, 0.5744, 0.5744, 0.5744, 0.5744, 0.5744, 0.5744, 0.4076, 0.4076, 0.4076, 0.4076, 0.4076, 0.4076, 0.4076, 0.4076, 0.4076, 0.4076, 0.3998, 0.3998, 0.3998, 0.3998, 0.3998, 0.3998, 0.3998, 0.3998, 0.3998, 0.3998, 0.464, 0.464, 0.464, 0.464, 0.464, 0.464, 0.464, 0.464, 0.464, 0.464, 0.5536, 0.5536, 0.5536, 0.5536, 0.5536, 0.5536, 0.5536, 0.5536, 0.5536, 0.5536, 0.3599, 0.3599, 0.3599, 0.3599, 0.3599, 0.3599, 0.3599, 0.3599, 0.3599, 0.3599, 0.4445, 0.4445, 0.4445, 0.4445, 0.4445, 0.4445, 0.4445, 0.4445, 0.4445, 0.4445, 0.3284, 0.3284, 0.3284, 0.3284, 0.3284, 0.3284, 0.3284, 0.3284, 0.3284, 0.3284, 0.4948, 0.4948, 0.4948, 0.4948, 0.4948, 0.4948, 0.4948, 0.4948, 0.4948, 0.4948, 0.256, 0.256, 0.256, 0.256, 0.256, 0.256, 0.256, 0.256, 0.256, 0.256, 0.5023, 0.5023, 0.5023, 0.5023, 0.5023, 0.5023, 0.5023, 0.5023, 0.5023, 0.5023, 0.2956, 0.2956, 0.2956, 0.2956, 0.2956, 0.2956, 0.2956, 0.2956, 0.2956, 0.2956, 0.2428, 0.2428, 0.2428, 0.2428, 0.2428, 0.2428, 0.2428, 0.2428, 0.2428, 0.2428, 0.2208, 0.2208, 0.2208, 0.2208, 0.2208, 0.2208, 0.2208, 0.2208, 0.2208, 0.2208, 0.5407, 0.5407, 0.5407, 0.5407, 0.5407, 0.5407, 0.5407, 0.5407, 0.5407, 0.5407, 0.4161, 0.4161, 0.4161, 0.4161, 0.4161, 0.4161, 0.4161, 0.4161, 0.4161, 0.4161, 0.5663, 0.5663, 0.5663, 0.5663, 0.5663, 0.5663, 0.5663, 0.5663, 0.5663, 0.5663, 0.3353, 0.3353, 0.3353, 0.3353, 0.3353, 0.3353, 0.3353, 0.3353, 0.3353, 0.3353, 0.4978, 0.4978, 0.4978, 0.4978, 0.4978, 0.4978, 0.4978, 0.4978, 0.4978, 0.4978, 0.3105, 0.3105, 0.3105, 0.3105, 0.3105, 0.3105, 0.3105, 0.3105, 0.3105, 0.3105, 0.3549, 0.3549, 0.3549, 0.3549, 0.3549, 0.3549, 0.3549, 0.3549, 0.3549, 0.3549, 0.3366, 0.3366, 0.3366, 0.3366, 0.3366, 0.3366, 0.3366, 0.3366, 0.3366, 0.3366, 0.4407, 0.4407, 0.4407, 0.4407, 0.4407, 0.4407, 0.4407, 0.4407, 0.4407, 0.4407, 0.4761, 0.4761, 0.4761, 0.4761, 0.4761, 0.4761, 0.4761, 0.4761, 0.4761, 0.4761, 0.4403, 0.4403, 0.4403, 0.4403, 0.4403, 0.4403, 0.4403, 0.4403, 0.4403, 0.4403, 0.6786, 0.6786, 0.6786, 0.6786, 0.6786, 0.6786, 0.6786, 0.6786, 0.6786, 0.6786, 0.6447, 0.6447, 0.6447, 0.6447, 0.6447, 0.6447, 0.6447, 0.6447, 0.6447, 0.6447, 0.793, 0.793, 0.793, 0.793, 0.793, 0.793, 0.793, 0.793, 0.793, 0.793, 0.5063, 0.5063, 0.5063, 0.5063, 0.5063, 0.5063, 0.5063, 0.5063, 0.5063, 0.5063, 0.5626, 0.5626, 0.5626, 0.5626, 0.5626, 0.5626, 0.5626, 0.5626, 0.5626, 0.5626, 0.4807, 0.4807, 0.4807, 0.4807, 0.4807, 0.4807, 0.4807, 0.4807, 0.4807, 0.4807, 0.4775, 0.4775, 0.4775, 0.4775, 0.4775, 0.4775, 0.4775, 0.4775, 0.4775, 0.4775, 0.3146, 0.3146, 0.3146, 0.3146, 0.3146, 0.3146, 0.3146, 0.3146, 0.3146, 0.3146, 0.4769, 0.4769, 0.4769, 0.4769, 0.4769, 0.4769, 0.4769, 0.4769, 0.4769, 0.4769, 0.5442, 0.5442, 0.5442, 0.5442, 0.5442, 0.5442, 0.5442, 0.5442, 0.5442, 0.5442, 0.3673, 0.3673, 0.3673, 0.3673, 0.3673, 0.3673, 0.3673, 0.3673, 0.3673, 0.3673, 0.6472, 0.6472, 0.6472, 0.6472, 0.6472, 0.6472, 0.6472, 0.6472, 0.6472, 0.6472, 0.5219, 0.5219, 0.5219, 0.5219, 0.5219, 0.5219, 0.5219, 0.5219, 0.5219, 0.5219, 0.5095, 0.5095, 0.5095, 0.5095, 0.5095, 0.5095, 0.5095, 0.5095, 0.5095, 0.5095, 0.4968, 0.4968, 0.4968, 0.4968, 0.4968, 0.4968, 0.4968, 0.4968, 0.4968, 0.4968, 0.3184, 0.3184, 0.3184, 0.3184, 0.3184, 0.3184, 0.3184, 0.3184, 0.3184, 0.3184, 0.6138, 0.6138, 0.6138, 0.6138, 0.6138, 0.6138, 0.6138, 0.6138, 0.6138, 0.6138, 0.4921, 0.4921, 0.4921, 0.4921, 0.4921, 0.4921, 0.4921, 0.4921, 0.4921, 0.4921, 0.1988, 0.1988, 0.1988, 0.1988, 0.1988, 0.1988, 0.1988, 0.1988, 0.1988, 0.1988, 0.3482, 0.3482, 0.3482, 0.3482, 0.3482, 0.3482, 0.3482, 0.3482, 0.3482, 0.3482, 0.446, 0.446, 0.446, 0.446, 0.446, 0.446, 0.446, 0.446, 0.446, 0.446, 0.4411, 0.4411, 0.4411, 0.4411, 0.4411, 0.4411, 0.4411, 0.4411, 0.4411, 0.4411, 0.6798, 0.6798, 0.6798, 0.6798, 0.6798, 0.6798, 0.6798, 0.6798, 0.6798, 0.6798, 0.3603, 0.3603, 0.3603, 0.3603, 0.3603, 0.3603, 0.3603, 0.3603, 0.3603, 0.3603, 0.532, 0.532, 0.532, 0.532, 0.532, 0.532, 0.532, 0.532, 0.532, 0.532, 0.3094, 0.3094, 0.3094, 0.3094, 0.3094, 0.3094, 0.3094, 0.3094, 0.3094, 0.3094, 0.6408, 0.6408, 0.6408, 0.6408, 0.6408, 0.6408, 0.6408, 0.6408, 0.6408, 0.6408, 0.3413, 0.3413, 0.3413, 0.3413, 0.3413, 0.3413, 0.3413, 0.3413, 0.3413, 0.3413, 0.4533, 0.4533, 0.4533, 0.4533, 0.4533, 0.4533, 0.4533, 0.4533, 0.4533, 0.4533, 0.4296, 0.4296, 0.4296, 0.4296, 0.4296, 0.4296, 0.4296, 0.4296, 0.4296, 0.4296, 0.6102, 0.6102, 0.6102, 0.6102, 0.6102, 0.6102, 0.6102, 0.6102, 0.6102, 0.6102, 0.626, 0.626, 0.626, 0.626, 0.626, 0.626, 0.626, 0.626, 0.626, 0.626, 0.568, 0.568, 0.568, 0.568, 0.568, 0.568, 0.568, 0.568, 0.568, 0.568, 0.747, 0.747, 0.747, 0.747, 0.747, 0.747, 0.747, 0.747, 0.747, 0.747, 0.4382, 0.4382, 0.4382, 0.4382, 0.4382, 0.4382, 0.4382, 0.4382, 0.4382, 0.4382, 0.6045, 0.6045, 0.6045, 0.6045, 0.6045, 0.6045, 0.6045, 0.6045, 0.6045, 0.6045, 0.3753, 0.3753, 0.3753, 0.3753, 0.3753, 0.3753, 0.3753, 0.3753, 0.3753, 0.3753, 0.3119, 0.3119, 0.3119, 0.3119, 0.3119, 0.3119, 0.3119, 0.3119, 0.3119, 0.3119, 0.3053, 0.3053, 0.3053, 0.3053, 0.3053, 0.3053, 0.3053, 0.3053, 0.3053, 0.3053, 0.2398, 0.2398, 0.2398, 0.2398, 0.2398, 0.2398, 0.2398, 0.2398, 0.2398, 0.2398, 0.2675, 0.2675, 0.2675, 0.2675, 0.2675, 0.2675, 0.2675, 0.2675, 0.2675, 0.2675, 0.6484, 0.6484, 0.6484, 0.6484, 0.6484, 0.6484, 0.6484, 0.6484, 0.6484, 0.6484, 0.3607, 0.3607, 0.3607, 0.3607, 0.3607, 0.3607, 0.3607, 0.3607, 0.3607, 0.3607, 0.3226, 0.3226, 0.3226, 0.3226, 0.3226, 0.3226, 0.3226, 0.3226, 0.3226, 0.3226, 0.4229, 0.4229, 0.4229, 0.4229, 0.4229, 0.4229, 0.4229, 0.4229, 0.4229, 0.4229, 0.6068, 0.6068, 0.6068, 0.6068, 0.6068, 0.6068, 0.6068, 0.6068, 0.6068, 0.6068, 0.3447, 0.3447, 0.3447, 0.3447, 0.3447, 0.3447, 0.3447, 0.3447, 0.3447, 0.3447, 0.4635, 0.4635, 0.4635, 0.4635, 0.4635, 0.4635, 0.4635, 0.4635, 0.4635, 0.4635, 0.3986, 0.3986, 0.3986, 0.3986, 0.3986, 0.3986, 0.3986, 0.3986, 0.3986, 0.3986, 0.2857, 0.2857, 0.2857, 0.2857, 0.2857, 0.2857, 0.2857, 0.2857, 0.2857, 0.2857, 0.3862, 0.3862, 0.3862, 0.3862, 0.3862, 0.3862, 0.3862, 0.3862, 0.3862, 0.3862, 0.5086, 0.5086, 0.5086, 0.5086, 0.5086, 0.5086, 0.5086, 0.5086, 0.5086, 0.5086, 0.4359, 0.4359, 0.4359, 0.4359, 0.4359, 0.4359, 0.4359, 0.4359, 0.4359, 0.4359, 0.3554, 0.3554, 0.3554, 0.3554, 0.3554, 0.3554, 0.3554, 0.3554, 0.3554, 0.3554, 0.2825, 0.2825, 0.2825, 0.2825, 0.2825, 0.2825, 0.2825, 0.2825, 0.2825, 0.2825, 0.5496, 0.5496, 0.5496, 0.5496, 0.5496, 0.5496, 0.5496, 0.5496, 0.5496, 0.5496, 0.6165, 0.6165, 0.6165, 0.6165, 0.6165, 0.6165, 0.6165, 0.6165, 0.6165, 0.6165, 0.4656, 0.4656, 0.4656, 0.4656, 0.4656, 0.4656, 0.4656, 0.4656, 0.4656, 0.4656, 0.312, 0.312, 0.312, 0.312, 0.312, 0.312, 0.312, 0.312, 0.312, 0.312, 0.3904, 0.3904, 0.3904, 0.3904, 0.3904, 0.3904, 0.3904, 0.3904, 0.3904, 0.3904, 0.2909, 0.2909, 0.2909, 0.2909, 0.2909, 0.2909, 0.2909, 0.2909, 0.2909, 0.2909, 0.4862, 0.4862, 0.4862, 0.4862, 0.4862, 0.4862, 0.4862, 0.4862, 0.4862, 0.4862, 0.3467, 0.3467, 0.3467, 0.3467, 0.3467, 0.3467, 0.3467, 0.3467, 0.3467, 0.3467, 0.3094, 0.3094, 0.3094, 0.3094, 0.3094, 0.3094, 0.3094, 0.3094, 0.3094, 0.3094, 0.2394, 0.2394, 0.2394, 0.2394, 0.2394, 0.2394, 0.2394, 0.2394, 0.2394, 0.2394, 0.3945, 0.3945, 0.3945, 0.3945, 0.3945, 0.3945, 0.3945, 0.3945, 0.3945, 0.3945, 0.7443, 0.7443, 0.7443, 0.7443, 0.7443, 0.7443, 0.7443, 0.7443, 0.7443, 0.7443, 0.2594, 0.2594, 0.2594, 0.2594, 0.2594, 0.2594, 0.2594, 0.2594, 0.2594, 0.2594, 0.2546, 0.2546, 0.2546, 0.2546, 0.2546, 0.2546, 0.2546, 0.2546, 0.2546, 0.2546, 0.4567, 0.4567, 0.4567, 0.4567, 0.4567, 0.4567, 0.4567, 0.4567, 0.4567, 0.4567, 0.361, 0.361, 0.361, 0.361, 0.361, 0.361, 0.361, 0.361, 0.361, 0.361, 0.2924, 0.2924, 0.2924, 0.2924, 0.2924, 0.2924, 0.2924, 0.2924, 0.2924, 0.2924, 0.4532, 0.4532, 0.4532, 0.4532, 0.4532, 0.4532, 0.4532, 0.4532, 0.4532, 0.4532, 0.4857, 0.4857, 0.4857, 0.4857, 0.4857, 0.4857, 0.4857, 0.4857, 0.4857, 0.4857, 0.4528, 0.4528, 0.4528, 0.4528, 0.4528, 0.4528, 0.4528, 0.4528, 0.4528, 0.4528, 0.3819, 0.3819, 0.3819, 0.3819, 0.3819, 0.3819, 0.3819, 0.3819, 0.3819, 0.3819, 0.4614, 0.4614, 0.4614, 0.4614, 0.4614, 0.4614, 0.4614, 0.4614, 0.4614, 0.4614, 0.6349, 0.6349, 0.6349, 0.6349, 0.6349, 0.6349, 0.6349, 0.6349, 0.6349, 0.6349, 0.4195, 0.4195, 0.4195, 0.4195, 0.4195, 0.4195, 0.4195, 0.4195, 0.4195, 0.4195, 0.3678, 0.3678, 0.3678, 0.3678, 0.3678, 0.3678, 0.3678, 0.3678, 0.3678, 0.3678, 0.4613, 0.4613, 0.4613, 0.4613, 0.4613, 0.4613, 0.4613, 0.4613, 0.4613, 0.4613, 0.3344, 0.3344, 0.3344, 0.3344, 0.3344, 0.3344, 0.3344, 0.3344, 0.3344, 0.3344, 0.5895, 0.5895, 0.5895, 0.5895, 0.5895, 0.5895, 0.5895, 0.5895, 0.5895, 0.5895, 0.4353, 0.4353, 0.4353, 0.4353, 0.4353, 0.4353, 0.4353, 0.4353, 0.4353, 0.4353, 0.2171, 0.2171, 0.2171, 0.2171, 0.2171, 0.2171, 0.2171, 0.2171, 0.2171, 0.2171, 0.8197, 0.8197, 0.8197, 0.8197, 0.8197, 0.8197, 0.8197, 0.8197, 0.8197, 0.8197, 0.1821, 0.1821, 0.1821, 0.1821, 0.1821, 0.1821, 0.1821, 0.1821, 0.1821, 0.1821, 0.3995, 0.3995, 0.3995, 0.3995, 0.3995, 0.3995, 0.3995, 0.3995, 0.3995, 0.3995, 0.3903, 0.3903, 0.3903, 0.3903, 0.3903, 0.3903, 0.3903, 0.3903, 0.3903, 0.3903, 0.5779, 0.5779, 0.5779, 0.5779, 0.5779, 0.5779, 0.5779, 0.5779, 0.5779, 0.5779, 0.3064, 0.3064, 0.3064, 0.3064, 0.3064, 0.3064, 0.3064, 0.3064, 0.3064, 0.3064, 0.5396, 0.5396, 0.5396, 0.5396, 0.5396, 0.5396, 0.5396, 0.5396, 0.5396, 0.5396, 0.3967, 0.3967, 0.3967, 0.3967, 0.3967, 0.3967, 0.3967, 0.3967, 0.3967, 0.3967, 0.2465, 0.2465, 0.2465, 0.2465, 0.2465, 0.2465, 0.2465, 0.2465, 0.2465, 0.2465, 0.3555, 0.3555, 0.3555, 0.3555, 0.3555, 0.3555, 0.3555, 0.3555, 0.3555, 0.3555, 0.4857, 0.4857, 0.4857, 0.4857, 0.4857, 0.4857, 0.4857, 0.4857, 0.4857, 0.4857, 0.3785, 0.3785, 0.3785, 0.3785, 0.3785, 0.3785, 0.3785, 0.3785, 0.3785, 0.3785, 0.5823, 0.5823, 0.5823, 0.5823, 0.5823, 0.5823, 0.5823, 0.5823, 0.5823, 0.5823, 0.4386, 0.4386, 0.4386, 0.4386, 0.4386, 0.4386, 0.4386, 0.4386, 0.4386, 0.4386, 0.6208, 0.6208, 0.6208, 0.6208, 0.6208, 0.6208, 0.6208, 0.6208, 0.6208, 0.6208, 0.2704, 0.2704, 0.2704, 0.2704, 0.2704, 0.2704, 0.2704, 0.2704, 0.2704, 0.2704, 0.2941, 0.2941, 0.2941, 0.2941, 0.2941, 0.2941, 0.2941, 0.2941, 0.2941, 0.2941, 0.5429, 0.5429, 0.5429, 0.5429, 0.5429, 0.5429, 0.5429, 0.5429, 0.5429, 0.5429, 0.4432, 0.4432, 0.4432, 0.4432, 0.4432, 0.4432, 0.4432, 0.4432, 0.4432, 0.4432, 0.3916, 0.3916, 0.3916, 0.3916, 0.3916, 0.3916, 0.3916, 0.3916, 0.3916, 0.3916, 0.4422, 0.4422, 0.4422, 0.4422, 0.4422, 0.4422, 0.4422, 0.4422, 0.4422, 0.4422, 0.4306, 0.4306, 0.4306, 0.4306, 0.4306, 0.4306, 0.4306, 0.4306, 0.4306, 0.4306, 0.5249, 0.5249, 0.5249, 0.5249, 0.5249, 0.5249, 0.5249, 0.5249, 0.5249, 0.5249, 0.2689, 0.2689, 0.2689, 0.2689, 0.2689, 0.2689, 0.2689, 0.2689, 0.2689, 0.2689, 0.6601, 0.6601, 0.6601, 0.6601, 0.6601, 0.6601, 0.6601, 0.6601, 0.6601, 0.6601, 0.2656, 0.2656, 0.2656, 0.2656, 0.2656, 0.2656, 0.2656, 0.2656, 0.2656, 0.2656, 0.47, 0.47, 0.47, 0.47, 0.47, 0.47, 0.47, 0.47, 0.47, 0.47, 0.1978, 0.1978, 0.1978, 0.1978, 0.1978, 0.1978, 0.1978, 0.1978, 0.1978, 0.1978, 0.5201, 0.5201, 0.5201, 0.5201, 0.5201, 0.5201, 0.5201, 0.5201, 0.5201, 0.5201, 0.4403, 0.4403, 0.4403, 0.4403, 0.4403, 0.4403, 0.4403, 0.4403, 0.4403, 0.4403, 0.3464, 0.3464, 0.3464, 0.3464, 0.3464, 0.3464, 0.3464, 0.3464, 0.3464, 0.3464, 0.3408, 0.3408, 0.3408, 0.3408, 0.3408, 0.3408, 0.3408, 0.3408, 0.3408, 0.3408, 0.4164, 0.4164, 0.4164, 0.4164, 0.4164, 0.4164, 0.4164, 0.4164, 0.4164, 0.4164, 0.3939, 0.3939, 0.3939, 0.3939, 0.3939, 0.3939, 0.3939, 0.3939, 0.3939, 0.3939, 0.3715, 0.3715, 0.3715, 0.3715, 0.3715, 0.3715, 0.3715, 0.3715, 0.3715, 0.3715, 0.3097, 0.3097, 0.3097, 0.3097, 0.3097, 0.3097, 0.3097, 0.3097, 0.3097, 0.3097, 0.3365, 0.3365, 0.3365, 0.3365, 0.3365, 0.3365, 0.3365, 0.3365, 0.3365, 0.3365, 0.6965, 0.6965, 0.6965, 0.6965, 0.6965, 0.6965, 0.6965, 0.6965, 0.6965, 0.6965, 0.3207, 0.3207, 0.3207, 0.3207, 0.3207, 0.3207, 0.3207, 0.3207, 0.3207, 0.3207, 0.4137, 0.4137, 0.4137, 0.4137, 0.4137, 0.4137, 0.4137, 0.4137, 0.4137, 0.4137, 0.2981, 0.2981, 0.2981, 0.2981, 0.2981, 0.2981, 0.2981, 0.2981, 0.2981, 0.2981, 0.6289, 0.6289, 0.6289, 0.6289, 0.6289, 0.6289, 0.6289, 0.6289, 0.6289, 0.6289, 0.4968, 0.4968, 0.4968, 0.4968, 0.4968, 0.4968, 0.4968, 0.4968, 0.4968, 0.4968, 0.4804, 0.4804, 0.4804, 0.4804, 0.4804, 0.4804, 0.4804, 0.4804, 0.4804, 0.4804, 0.3397, 0.3397, 0.3397, 0.3397, 0.3397, 0.3397, 0.3397, 0.3397, 0.3397, 0.3397, 0.4601, 0.4601, 0.4601, 0.4601, 0.4601, 0.4601, 0.4601, 0.4601, 0.4601, 0.4601, 0.3584, 0.3584, 0.3584, 0.3584, 0.3584, 0.3584, 0.3584, 0.3584, 0.3584, 0.3584, 0.365, 0.365, 0.365, 0.365, 0.365, 0.365, 0.365, 0.365, 0.365, 0.365, 0.4247, 0.4247, 0.4247, 0.4247, 0.4247, 0.4247, 0.4247, 0.4247, 0.4247, 0.4247, 0.5157, 0.5157, 0.5157, 0.5157, 0.5157, 0.5157, 0.5157, 0.5157, 0.5157, 0.5157, 0.4833, 0.4833, 0.4833, 0.4833, 0.4833, 0.4833, 0.4833, 0.4833, 0.4833, 0.4833, 0.5383, 0.5383, 0.5383, 0.5383, 0.5383, 0.5383, 0.5383, 0.5383, 0.5383, 0.5383, 0.4757, 0.4757, 0.4757, 0.4757, 0.4757, 0.4757, 0.4757, 0.4757, 0.4757, 0.4757, 0.4002, 0.4002, 0.4002, 0.4002, 0.4002, 0.4002, 0.4002, 0.4002, 0.4002, 0.4002, 0.2597, 0.2597, 0.2597, 0.2597, 0.2597, 0.2597, 0.2597, 0.2597, 0.2597, 0.2597, 0.51, 0.51, 0.51, 0.51, 0.51, 0.51, 0.51, 0.51, 0.51, 0.51, 0.3518, 0.3518, 0.3518, 0.3518, 0.3518, 0.3518, 0.3518, 0.3518, 0.3518, 0.3518, 0.5605, 0.5605, 0.5605, 0.5605, 0.5605, 0.5605, 0.5605, 0.5605, 0.5605, 0.5605, 0.3053, 0.3053, 0.3053, 0.3053, 0.3053, 0.3053, 0.3053, 0.3053, 0.3053, 0.3053, 0.2333, 0.2333, 0.2333, 0.2333, 0.2333, 0.2333, 0.2333, 0.2333, 0.2333, 0.2333, 0.3187, 0.3187, 0.3187, 0.3187, 0.3187, 0.3187, 0.3187, 0.3187, 0.3187, 0.3187, 0.3941, 0.3941, 0.3941, 0.3941, 0.3941, 0.3941, 0.3941, 0.3941, 0.3941, 0.3941, 0.4992, 0.4992, 0.4992, 0.4992, 0.4992, 0.4992, 0.4992, 0.4992, 0.4992, 0.4992, 0.4772, 0.4772, 0.4772, 0.4772, 0.4772, 0.4772, 0.4772, 0.4772, 0.4772, 0.4772, 0.3615, 0.3615, 0.3615, 0.3615, 0.3615, 0.3615, 0.3615, 0.3615, 0.3615, 0.3615, 0.7464, 0.7464, 0.7464, 0.7464, 0.7464, 0.7464, 0.7464, 0.7464, 0.7464, 0.7464, 0.6116, 0.6116, 0.6116, 0.6116, 0.6116, 0.6116, 0.6116, 0.6116, 0.6116, 0.6116, 0.3823, 0.3823, 0.3823, 0.3823, 0.3823, 0.3823, 0.3823, 0.3823, 0.3823, 0.3823, 0.3269, 0.3269, 0.3269, 0.3269, 0.3269, 0.3269, 0.3269, 0.3269, 0.3269, 0.3269, 0.2705, 0.2705, 0.2705, 0.2705, 0.2705, 0.2705, 0.2705, 0.2705, 0.2705, 0.2705, 0.4134, 0.4134, 0.4134, 0.4134, 0.4134, 0.4134, 0.4134, 0.4134, 0.4134, 0.4134, 0.5284, 0.5284, 0.5284, 0.5284, 0.5284, 0.5284, 0.5284, 0.5284, 0.5284, 0.5284, 0.4611, 0.4611, 0.4611, 0.4611, 0.4611, 0.4611, 0.4611, 0.4611, 0.4611, 0.4611, 0.2102, 0.2102, 0.2102, 0.2102, 0.2102, 0.2102, 0.2102, 0.2102, 0.2102, 0.2102, 0.6055, 0.6055, 0.6055, 0.6055, 0.6055, 0.6055, 0.6055, 0.6055, 0.6055, 0.6055, 0.5125, 0.5125, 0.5125, 0.5125, 0.5125, 0.5125, 0.5125, 0.5125, 0.5125, 0.5125, 0.4537, 0.4537, 0.4537, 0.4537, 0.4537, 0.4537, 0.4537, 0.4537, 0.4537, 0.4537, 0.2649, 0.2649, 0.2649, 0.2649, 0.2649, 0.2649, 0.2649, 0.2649, 0.2649, 0.2649, 0.3409, 0.3409, 0.3409, 0.3409, 0.3409, 0.3409, 0.3409, 0.3409, 0.3409, 0.3409, 0.3734, 0.3734, 0.3734, 0.3734, 0.3734, 0.3734, 0.3734, 0.3734, 0.3734, 0.3734, 0.3739, 0.3739, 0.3739, 0.3739, 0.3739, 0.3739, 0.3739, 0.3739, 0.3739, 0.3739, 0.2876, 0.2876, 0.2876, 0.2876, 0.2876, 0.2876, 0.2876, 0.2876, 0.2876, 0.2876, 0.4371, 0.4371, 0.4371, 0.4371, 0.4371, 0.4371, 0.4371, 0.4371, 0.4371, 0.4371, 0.2627, 0.2627, 0.2627, 0.2627, 0.2627, 0.2627, 0.2627, 0.2627, 0.2627, 0.2627, 0.4745, 0.4745, 0.4745, 0.4745, 0.4745, 0.4745, 0.4745, 0.4745, 0.4745, 0.4745, 0.3204, 0.3204, 0.3204, 0.3204, 0.3204, 0.3204, 0.3204, 0.3204, 0.3204, 0.3204, 0.3732, 0.3732, 0.3732, 0.3732, 0.3732, 0.3732, 0.3732, 0.3732, 0.3732, 0.3732, 0.5526, 0.5526, 0.5526, 0.5526, 0.5526, 0.5526, 0.5526, 0.5526, 0.5526, 0.5526, 0.2065, 0.2065, 0.2065, 0.2065, 0.2065, 0.2065, 0.2065, 0.2065, 0.2065, 0.2065, 0.3381, 0.3381, 0.3381, 0.3381, 0.3381, 0.3381, 0.3381, 0.3381, 0.3381, 0.3381, 0.3348, 0.3348, 0.3348, 0.3348, 0.3348, 0.3348, 0.3348, 0.3348, 0.3348, 0.3348, 0.4591, 0.4591, 0.4591, 0.4591, 0.4591, 0.4591, 0.4591, 0.4591, 0.4591, 0.4591, 0.1799, 0.1799, 0.1799, 0.1799, 0.1799, 0.1799, 0.1799, 0.1799, 0.1799, 0.1799, 0.2983, 0.2983, 0.2983, 0.2983, 0.2983, 0.2983, 0.2983, 0.2983, 0.2983, 0.2983, 0.3974, 0.3974, 0.3974, 0.3974, 0.3974, 0.3974, 0.3974, 0.3974, 0.3974, 0.3974, 0.614, 0.614, 0.614, 0.614, 0.614, 0.614, 0.614, 0.614, 0.614, 0.614, 0.4202, 0.4202, 0.4202, 0.4202, 0.4202, 0.4202, 0.4202, 0.4202, 0.4202, 0.4202, 0.1624, 0.1624, 0.1624, 0.1624, 0.1624, 0.1624, 0.1624, 0.1624, 0.1624, 0.1624, 0.5071, 0.5071, 0.5071, 0.5071, 0.5071, 0.5071, 0.5071, 0.5071, 0.5071, 0.5071, 0.5601, 0.5601, 0.5601, 0.5601, 0.5601, 0.5601, 0.5601, 0.5601, 0.5601, 0.5601, 0.3643, 0.3643, 0.3643, 0.3643, 0.3643, 0.3643, 0.3643, 0.3643, 0.3643, 0.3643, 0.5122, 0.5122, 0.5122, 0.5122, 0.5122, 0.5122, 0.5122, 0.5122, 0.5122, 0.5122, 0.3186, 0.3186, 0.3186, 0.3186, 0.3186, 0.3186, 0.3186, 0.3186, 0.3186, 0.3186, 0.4692, 0.4692, 0.4692, 0.4692, 0.4692, 0.4692, 0.4692, 0.4692, 0.4692, 0.4692, 0.4264, 0.4264, 0.4264, 0.4264, 0.4264, 0.4264, 0.4264, 0.4264, 0.4264, 0.4264, 0.3125, 0.3125, 0.3125, 0.3125, 0.3125, 0.3125, 0.3125, 0.3125, 0.3125, 0.3125, 0.2132, 0.2132, 0.2132, 0.2132, 0.2132, 0.2132, 0.2132, 0.2132, 0.2132, 0.2132, 0.5765, 0.5765, 0.5765, 0.5765, 0.5765, 0.5765, 0.5765, 0.5765, 0.5765, 0.5765, 0.3314, 0.3314, 0.3314, 0.3314, 0.3314, 0.3314, 0.3314, 0.3314, 0.3314, 0.3314, 0.4084, 0.4084, 0.4084, 0.4084, 0.4084, 0.4084, 0.4084, 0.4084, 0.4084, 0.4084, 0.4083, 0.4083, 0.4083, 0.4083, 0.4083, 0.4083, 0.4083, 0.4083, 0.4083, 0.4083, 0.4871, 0.4871, 0.4871, 0.4871, 0.4871, 0.4871, 0.4871, 0.4871, 0.4871, 0.4871, 0.4127, 0.4127, 0.4127, 0.4127, 0.4127, 0.4127, 0.4127, 0.4127, 0.4127, 0.4127, 0.2223, 0.2223, 0.2223, 0.2223, 0.2223, 0.2223, 0.2223, 0.2223, 0.2223, 0.2223, 0.3345, 0.3345, 0.3345, 0.3345, 0.3345, 0.3345, 0.3345, 0.3345, 0.3345, 0.3345, 0.5562, 0.5562, 0.5562, 0.5562, 0.5562, 0.5562, 0.5562, 0.5562, 0.5562, 0.5562, 0.3491, 0.3491, 0.3491, 0.3491, 0.3491, 0.3491, 0.3491, 0.3491, 0.3491, 0.3491, 0.3824, 0.3824, 0.3824, 0.3824, 0.3824, 0.3824, 0.3824, 0.3824, 0.3824, 0.3824, 0.5212, 0.5212, 0.5212, 0.5212, 0.5212, 0.5212, 0.5212, 0.5212, 0.5212, 0.5212, 0.2742, 0.2742, 0.2742, 0.2742, 0.2742, 0.2742, 0.2742, 0.2742, 0.2742, 0.2742, 0.5261, 0.5261, 0.5261, 0.5261, 0.5261, 0.5261, 0.5261, 0.5261, 0.5261, 0.5261, 0.642, 0.642, 0.642, 0.642, 0.642, 0.642, 0.642, 0.642, 0.642, 0.642, 0.3641, 0.3641, 0.3641, 0.3641, 0.3641, 0.3641, 0.3641, 0.3641, 0.3641, 0.3641, 0.3004, 0.3004, 0.3004, 0.3004, 0.3004, 0.3004, 0.3004, 0.3004, 0.3004, 0.3004, 0.2731, 0.2731, 0.2731, 0.2731, 0.2731, 0.2731, 0.2731, 0.2731, 0.2731, 0.2731, 0.4129, 0.4129, 0.4129, 0.4129, 0.4129, 0.4129, 0.4129, 0.4129, 0.4129, 0.4129, 0.5172, 0.5172, 0.5172, 0.5172, 0.5172, 0.5172, 0.5172, 0.5172, 0.5172, 0.5172, 0.6643, 0.6643, 0.6643, 0.6643, 0.6643, 0.6643, 0.6643, 0.6643, 0.6643, 0.6643, 0.3082, 0.3082, 0.3082, 0.3082, 0.3082, 0.3082, 0.3082, 0.3082, 0.3082, 0.3082, 0.5462, 0.5462, 0.5462, 0.5462, 0.5462, 0.5462, 0.5462, 0.5462, 0.5462, 0.5462, 0.4168, 0.4168, 0.4168, 0.4168, 0.4168, 0.4168, 0.4168, 0.4168, 0.4168, 0.4168, 0.2351, 0.2351, 0.2351, 0.2351, 0.2351, 0.2351, 0.2351, 0.2351, 0.2351, 0.2351, 0.2854, 0.2854, 0.2854, 0.2854, 0.2854, 0.2854, 0.2854, 0.2854, 0.2854, 0.2854, 0.3206, 0.3206, 0.3206, 0.3206, 0.3206, 0.3206, 0.3206, 0.3206, 0.3206, 0.3206, 0.4907, 0.4907, 0.4907, 0.4907, 0.4907, 0.4907, 0.4907, 0.4907, 0.4907, 0.4907, 0.3702, 0.3702, 0.3702, 0.3702, 0.3702, 0.3702, 0.3702, 0.3702, 0.3702, 0.3702, 0.5888, 0.5888, 0.5888, 0.5888, 0.5888, 0.5888, 0.5888, 0.5888, 0.5888, 0.5888, 0.2775, 0.2775, 0.2775, 0.2775, 0.2775, 0.2775, 0.2775, 0.2775, 0.2775, 0.2775, 0.3699, 0.3699, 0.3699, 0.3699, 0.3699, 0.3699, 0.3699, 0.3699, 0.3699, 0.3699, 0.3624, 0.3624, 0.3624, 0.3624, 0.3624, 0.3624, 0.3624, 0.3624, 0.3624, 0.3624, 0.3729, 0.3729, 0.3729, 0.3729, 0.3729, 0.3729, 0.3729, 0.3729, 0.3729, 0.3729, 0.4427, 0.4427, 0.4427, 0.4427, 0.4427, 0.4427, 0.4427, 0.4427, 0.4427, 0.4427, 0.284, 0.284, 0.284, 0.284, 0.284, 0.284, 0.284, 0.284, 0.284, 0.284, 0.3965, 0.3965, 0.3965, 0.3965, 0.3965, 0.3965, 0.3965, 0.3965, 0.3965, 0.3965, 0.3881, 0.3881, 0.3881, 0.3881, 0.3881, 0.3881, 0.3881, 0.3881, 0.3881, 0.3881, 0.3811, 0.3811, 0.3811, 0.3811, 0.3811, 0.3811, 0.3811, 0.3811, 0.3811, 0.3811, 0.3129, 0.3129, 0.3129, 0.3129, 0.3129, 0.3129, 0.3129, 0.3129, 0.3129, 0.3129, 0.3388, 0.3388, 0.3388, 0.3388, 0.3388, 0.3388, 0.3388, 0.3388, 0.3388, 0.3388, 0.3688, 0.3688, 0.3688, 0.3688, 0.3688, 0.3688, 0.3688, 0.3688, 0.3688, 0.3688, 0.5247, 0.5247, 0.5247, 0.5247, 0.5247, 0.5247, 0.5247, 0.5247, 0.5247, 0.5247, 0.3226, 0.3226, 0.3226, 0.3226, 0.3226, 0.3226, 0.3226, 0.3226, 0.3226, 0.3226, 0.4468, 0.4468, 0.4468, 0.4468, 0.4468, 0.4468, 0.4468, 0.4468, 0.4468, 0.4468, 0.4972, 0.4972, 0.4972, 0.4972, 0.4972, 0.4972, 0.4972, 0.4972, 0.4972, 0.4972, 0.519, 0.519, 0.519, 0.519, 0.519, 0.519, 0.519, 0.519, 0.519, 0.519, 0.2702, 0.2702, 0.2702, 0.2702, 0.2702, 0.2702, 0.2702, 0.2702, 0.2702, 0.2702, 0.4853, 0.4853, 0.4853, 0.4853, 0.4853, 0.4853, 0.4853, 0.4853, 0.4853, 0.4853, 0.2815, 0.2815, 0.2815, 0.2815, 0.2815, 0.2815, 0.2815, 0.2815, 0.2815, 0.2815, 0.3582, 0.3582, 0.3582, 0.3582, 0.3582, 0.3582, 0.3582, 0.3582, 0.3582, 0.3582, 0.4593, 0.4593, 0.4593, 0.4593, 0.4593, 0.4593, 0.4593, 0.4593, 0.4593, 0.4593, 0.3798, 0.3798, 0.3798, 0.3798, 0.3798, 0.3798, 0.3798, 0.3798, 0.3798, 0.3798, 0.1292, 0.1292, 0.1292, 0.1292, 0.1292, 0.1292, 0.1292, 0.1292, 0.1292, 0.1292, 0.4114, 0.4114, 0.4114, 0.4114, 0.4114, 0.4114, 0.4114, 0.4114, 0.4114, 0.4114, 0.4735, 0.4735, 0.4735, 0.4735, 0.4735, 0.4735, 0.4735, 0.4735, 0.4735, 0.4735, 0.285, 0.285, 0.285, 0.285, 0.285, 0.285, 0.285, 0.285, 0.285, 0.285, 0.3866, 0.3866, 0.3866, 0.3866, 0.3866, 0.3866, 0.3866, 0.3866, 0.3866, 0.3866, 0.2288, 0.2288, 0.2288, 0.2288, 0.2288, 0.2288, 0.2288, 0.2288, 0.2288, 0.2288, 0.2534, 0.2534, 0.2534, 0.2534, 0.2534, 0.2534, 0.2534, 0.2534, 0.2534, 0.2534, 0.3826, 0.3826, 0.3826, 0.3826, 0.3826, 0.3826, 0.3826, 0.3826, 0.3826, 0.3826, 0.5689, 0.5689, 0.5689, 0.5689, 0.5689, 0.5689, 0.5689, 0.5689, 0.5689, 0.5689, 0.3984, 0.3984, 0.3984, 0.3984, 0.3984, 0.3984, 0.3984, 0.3984, 0.3984, 0.3984, 0.5016, 0.5016, 0.5016, 0.5016, 0.5016, 0.5016, 0.5016, 0.5016, 0.5016, 0.5016, 0.3737, 0.3737, 0.3737, 0.3737, 0.3737, 0.3737, 0.3737, 0.3737, 0.3737, 0.3737, 0.1976, 0.1976, 0.1976, 0.1976, 0.1976, 0.1976, 0.1976, 0.1976, 0.1976, 0.1976, 0.3314, 0.3314, 0.3314, 0.3314, 0.3314, 0.3314, 0.3314, 0.3314, 0.3314, 0.3314, 0.4336, 0.4336, 0.4336, 0.4336, 0.4336, 0.4336, 0.4336, 0.4336, 0.4336, 0.4336, 0.1547, 0.1547, 0.1547, 0.1547, 0.1547, 0.1547, 0.1547, 0.1547, 0.1547, 0.1547, 0.4917, 0.4917, 0.4917, 0.4917, 0.4917, 0.4917, 0.4917, 0.4917, 0.4917, 0.4917, 0.4697, 0.4697, 0.4697, 0.4697, 0.4697, 0.4697, 0.4697, 0.4697, 0.4697, 0.4697, 0.2557, 0.2557, 0.2557, 0.2557, 0.2557, 0.2557, 0.2557, 0.2557, 0.2557, 0.2557, 0.3657, 0.3657, 0.3657, 0.3657, 0.3657, 0.3657, 0.3657, 0.3657, 0.3657, 0.3657, 0.6113, 0.6113, 0.6113, 0.6113, 0.6113, 0.6113, 0.6113, 0.6113, 0.6113, 0.6113, 0.5626, 0.5626, 0.5626, 0.5626, 0.5626, 0.5626, 0.5626, 0.5626, 0.5626, 0.5626, 0.4295, 0.4295, 0.4295, 0.4295, 0.4295, 0.4295, 0.4295, 0.4295, 0.4295, 0.4295, 0.1184, 0.1184, 0.1184, 0.1184, 0.1184, 0.1184, 0.1184, 0.1184, 0.1184, 0.1184, 0.5314, 0.5314, 0.5314, 0.5314, 0.5314, 0.5314, 0.5314, 0.5314, 0.5314, 0.5314, 0.3288, 0.3288, 0.3288, 0.3288, 0.3288, 0.3288, 0.3288, 0.3288, 0.3288, 0.3288, 0.3504, 0.3504, 0.3504, 0.3504, 0.3504, 0.3504, 0.3504, 0.3504, 0.3504, 0.3504, 0.4362, 0.4362, 0.4362, 0.4362, 0.4362, 0.4362, 0.4362, 0.4362, 0.4362, 0.4362, 0.4153, 0.4153, 0.4153, 0.4153, 0.4153, 0.4153, 0.4153, 0.4153, 0.4153, 0.4153, 0.4437, 0.4437, 0.4437, 0.4437, 0.4437, 0.4437, 0.4437, 0.4437, 0.4437, 0.4437, 0.477, 0.477, 0.477, 0.477, 0.477, 0.477, 0.477, 0.477, 0.477, 0.477, 0.3503, 0.3503, 0.3503, 0.3503, 0.3503, 0.3503, 0.3503, 0.3503, 0.3503, 0.3503, 0.5896, 0.5896, 0.5896, 0.5896, 0.5896, 0.5896, 0.5896, 0.5896, 0.5896, 0.5896, 0.3218, 0.3218, 0.3218, 0.3218, 0.3218, 0.3218, 0.3218, 0.3218, 0.3218, 0.3218, 0.2585, 0.2585, 0.2585, 0.2585, 0.2585, 0.2585, 0.2585, 0.2585, 0.2585, 0.2585, 0.3284, 0.3284, 0.3284, 0.3284, 0.3284, 0.3284, 0.3284, 0.3284, 0.3284, 0.3284, 0.2882, 0.2882, 0.2882, 0.2882, 0.2882, 0.2882, 0.2882, 0.2882, 0.2882, 0.2882, 0.5112, 0.5112, 0.5112, 0.5112, 0.5112, 0.5112, 0.5112, 0.5112, 0.5112, 0.5112, 0.4965, 0.4965, 0.4965, 0.4965, 0.4965, 0.4965, 0.4965, 0.4965, 0.4965, 0.4965, 0.2584, 0.2584, 0.2584, 0.2584, 0.2584, 0.2584, 0.2584, 0.2584, 0.2584, 0.2584, 0.2911, 0.2911, 0.2911, 0.2911, 0.2911, 0.2911, 0.2911, 0.2911, 0.2911, 0.2911, 0.2591, 0.2591, 0.2591, 0.2591, 0.2591, 0.2591, 0.2591, 0.2591, 0.2591, 0.2591, 0.2992, 0.2992, 0.2992, 0.2992, 0.2992, 0.2992, 0.2992, 0.2992, 0.2992, 0.2992, 0.4744, 0.4744, 0.4744, 0.4744, 0.4744, 0.4744, 0.4744, 0.4744, 0.4744, 0.4744, 0.3239, 0.3239, 0.3239, 0.3239, 0.3239, 0.3239, 0.3239, 0.3239, 0.3239, 0.3239, 0.3301, 0.3301, 0.3301, 0.3301, 0.3301, 0.3301, 0.3301, 0.3301, 0.3301, 0.3301, 0.3721, 0.3721, 0.3721, 0.3721, 0.3721, 0.3721, 0.3721, 0.3721, 0.3721, 0.3721, 0.1581, 0.1581, 0.1581, 0.1581, 0.1581, 0.1581, 0.1581, 0.1581, 0.1581, 0.1581, 0.2641, 0.2641, 0.2641, 0.2641, 0.2641, 0.2641, 0.2641, 0.2641, 0.2641, 0.2641, 0.2645, 0.2645, 0.2645, 0.2645, 0.2645, 0.2645, 0.2645, 0.2645, 0.2645, 0.2645, 0.6392, 0.6392, 0.6392, 0.6392, 0.6392, 0.6392, 0.6392, 0.6392, 0.6392, 0.6392, 0.3735, 0.3735, 0.3735, 0.3735, 0.3735, 0.3735, 0.3735, 0.3735, 0.3735, 0.3735, 0.3688, 0.3688, 0.3688, 0.3688, 0.3688, 0.3688, 0.3688, 0.3688, 0.3688, 0.3688, 0.3271, 0.3271, 0.3271, 0.3271, 0.3271, 0.3271, 0.3271, 0.3271, 0.3271, 0.3271, 0.3886, 0.3886, 0.3886, 0.3886, 0.3886, 0.3886, 0.3886, 0.3886, 0.3886, 0.3886, 0.2966, 0.2966, 0.2966, 0.2966, 0.2966, 0.2966, 0.2966, 0.2966, 0.2966, 0.2966, 0.262, 0.262, 0.262, 0.262, 0.262, 0.262, 0.262, 0.262, 0.262, 0.262, 0.6341, 0.6341, 0.6341, 0.6341, 0.6341, 0.6341, 0.6341, 0.6341, 0.6341, 0.6341, 0.4631, 0.4631, 0.4631, 0.4631, 0.4631, 0.4631, 0.4631, 0.4631, 0.4631, 0.4631, 0.493, 0.493, 0.493, 0.493, 0.493, 0.493, 0.493, 0.493, 0.493, 0.493, 0.444, 0.444, 0.444, 0.444, 0.444, 0.444, 0.444, 0.444, 0.444, 0.444, 0.2885, 0.2885, 0.2885, 0.2885, 0.2885, 0.2885, 0.2885, 0.2885, 0.2885, 0.2885, 0.4588, 0.4588, 0.4588, 0.4588, 0.4588, 0.4588, 0.4588, 0.4588, 0.4588, 0.4588, 0.3295, 0.3295, 0.3295, 0.3295, 0.3295, 0.3295, 0.3295, 0.3295, 0.3295, 0.3295, 0.4285, 0.4285, 0.4285, 0.4285, 0.4285, 0.4285, 0.4285, 0.4285, 0.4285, 0.4285, 0.4828, 0.4828, 0.4828, 0.4828, 0.4828, 0.4828, 0.4828, 0.4828, 0.4828, 0.4828, 0.3644, 0.3644, 0.3644, 0.3644, 0.3644, 0.3644, 0.3644, 0.3644, 0.3644, 0.3644, 0.5536, 0.5536, 0.5536, 0.5536, 0.5536, 0.5536, 0.5536, 0.5536, 0.5536, 0.5536, 0.2916, 0.2916, 0.2916, 0.2916, 0.2916, 0.2916, 0.2916, 0.2916, 0.2916, 0.2916, 0.384, 0.384, 0.384, 0.384, 0.384, 0.384, 0.384, 0.384, 0.384, 0.384, 0.4274, 0.4274, 0.4274, 0.4274, 0.4274, 0.4274, 0.4274, 0.4274, 0.4274, 0.4274, 0.5768, 0.5768, 0.5768, 0.5768, 0.5768, 0.5768, 0.5768, 0.5768, 0.5768, 0.5768, 0.4418, 0.4418, 0.4418, 0.4418, 0.4418, 0.4418, 0.4418, 0.4418, 0.4418, 0.4418, 0.4839, 0.4839, 0.4839, 0.4839, 0.4839, 0.4839, 0.4839, 0.4839, 0.4839, 0.4839, 0.3249, 0.3249, 0.3249, 0.3249, 0.3249, 0.3249, 0.3249, 0.3249, 0.3249, 0.3249, 0.4816, 0.4816, 0.4816, 0.4816, 0.4816, 0.4816, 0.4816, 0.4816, 0.4816, 0.4816, 0.3191, 0.3191, 0.3191, 0.3191, 0.3191, 0.3191, 0.3191, 0.3191, 0.3191, 0.3191, 0.3809, 0.3809, 0.3809, 0.3809, 0.3809, 0.3809, 0.3809, 0.3809, 0.3809, 0.3809, 0.2871, 0.2871, 0.2871, 0.2871, 0.2871, 0.2871, 0.2871, 0.2871, 0.2871, 0.2871, 0.3982, 0.3982, 0.3982, 0.3982, 0.3982, 0.3982, 0.3982, 0.3982, 0.3982, 0.3982, 0.3729, 0.3729, 0.3729, 0.3729, 0.3729, 0.3729, 0.3729, 0.3729, 0.3729, 0.3729, 0.2655, 0.2655, 0.2655, 0.2655, 0.2655, 0.2655, 0.2655, 0.2655, 0.2655, 0.2655, 0.1999, 0.1999, 0.1999, 0.1999, 0.1999, 0.1999, 0.1999, 0.1999, 0.1999, 0.1999, 0.1667, 0.1667, 0.1667, 0.1667, 0.1667, 0.1667, 0.1667, 0.1667, 0.1667, 0.1667, 0.3179, 0.3179, 0.3179, 0.3179, 0.3179, 0.3179, 0.3179, 0.3179, 0.3179, 0.3179, 0.4446, 0.4446, 0.4446, 0.4446, 0.4446, 0.4446, 0.4446, 0.4446, 0.4446, 0.4446, 0.5148, 0.5148, 0.5148, 0.5148, 0.5148, 0.5148, 0.5148, 0.5148, 0.5148, 0.5148, 0.2933, 0.2933, 0.2933, 0.2933, 0.2933, 0.2933, 0.2933, 0.2933, 0.2933, 0.2933, 0.2436, 0.2436, 0.2436, 0.2436, 0.2436, 0.2436, 0.2436, 0.2436, 0.2436, 0.2436, 0.3027, 0.3027, 0.3027, 0.3027, 0.3027, 0.3027, 0.3027, 0.3027, 0.3027, 0.3027, 0.2881, 0.2881, 0.2881, 0.2881, 0.2881, 0.2881, 0.2881, 0.2881, 0.2881, 0.2881, 0.3615, 0.3615, 0.3615, 0.3615, 0.3615, 0.3615, 0.3615, 0.3615, 0.3615, 0.3615, 0.3432, 0.3432, 0.3432, 0.3432, 0.3432, 0.3432, 0.3432, 0.3432, 0.3432, 0.3432, 0.4023, 0.4023, 0.4023, 0.4023, 0.4023, 0.4023, 0.4023, 0.4023, 0.4023, 0.4023, 0.3336, 0.3336, 0.3336, 0.3336, 0.3336, 0.3336, 0.3336, 0.3336, 0.3336, 0.3336, 0.3572, 0.3572, 0.3572, 0.3572, 0.3572, 0.3572, 0.3572, 0.3572, 0.3572, 0.3572, 0.4033, 0.4033, 0.4033, 0.4033, 0.4033, 0.4033, 0.4033, 0.4033, 0.4033, 0.4033, 0.6358, 0.6358, 0.6358, 0.6358, 0.6358, 0.6358, 0.6358, 0.6358, 0.6358, 0.6358]
Validation Loss:
[0.4488268196582794, 0.5191457271575928, 0.7207779288291931, 0.4621513783931732, 0.7971093058586121, 0.5183671116828918, 0.46990108489990234, 0.5090229511260986, 0.4819442927837372, 0.4505660831928253]
Train, Validation, Test split:
Train: 6233
Validation: 1759
Test: 889
