Accuracy: 0.9526493799323562
Classification Report:
                                          precision    recall  f1-score   support

                         2ndMill-1stHalf       0.76      0.93      0.83        27
                         2ndMill-2ndHalf       0.94      0.95      0.94       170
                     Hellenistic onwards       0.90      0.89      0.90        91
Neo-Assyrian; Neo-Babylonian; Achaemenid       0.98      0.96      0.97       599

                                accuracy                           0.95       887
                               macro avg       0.89      0.93      0.91       887
                            weighted avg       0.95      0.95      0.95       887

Training Loss:
[1.4284, 1.4284, 1.4284, 1.4284, 1.4284, 1.4284, 1.4284, 1.4284, 1.4284, 1.4284, 1.3433, 1.3433, 1.3433, 1.3433, 1.3433, 1.3433, 1.3433, 1.3433, 1.3433, 1.3433, 1.2872, 1.2872, 1.2872, 1.2872, 1.2872, 1.2872, 1.2872, 1.2872, 1.2872, 1.2872, 1.1192, 1.1192, 1.1192, 1.1192, 1.1192, 1.1192, 1.1192, 1.1192, 1.1192, 1.1192, 1.1022, 1.1022, 1.1022, 1.1022, 1.1022, 1.1022, 1.1022, 1.1022, 1.1022, 1.1022, 1.0734, 1.0734, 1.0734, 1.0734, 1.0734, 1.0734, 1.0734, 1.0734, 1.0734, 1.0734, 0.8726, 0.8726, 0.8726, 0.8726, 0.8726, 0.8726, 0.8726, 0.8726, 0.8726, 0.8726, 0.9726, 0.9726, 0.9726, 0.9726, 0.9726, 0.9726, 0.9726, 0.9726, 0.9726, 0.9726, 0.7846, 0.7846, 0.7846, 0.7846, 0.7846, 0.7846, 0.7846, 0.7846, 0.7846, 0.7846, 0.9934, 0.9934, 0.9934, 0.9934, 0.9934, 0.9934, 0.9934, 0.9934, 0.9934, 0.9934, 0.7398, 0.7398, 0.7398, 0.7398, 0.7398, 0.7398, 0.7398, 0.7398, 0.7398, 0.7398, 0.8081, 0.8081, 0.8081, 0.8081, 0.8081, 0.8081, 0.8081, 0.8081, 0.8081, 0.8081, 1.0574, 1.0574, 1.0574, 1.0574, 1.0574, 1.0574, 1.0574, 1.0574, 1.0574, 1.0574, 0.9212, 0.9212, 0.9212, 0.9212, 0.9212, 0.9212, 0.9212, 0.9212, 0.9212, 0.9212, 0.7483, 0.7483, 0.7483, 0.7483, 0.7483, 0.7483, 0.7483, 0.7483, 0.7483, 0.7483, 0.6783, 0.6783, 0.6783, 0.6783, 0.6783, 0.6783, 0.6783, 0.6783, 0.6783, 0.6783, 0.5701, 0.5701, 0.5701, 0.5701, 0.5701, 0.5701, 0.5701, 0.5701, 0.5701, 0.5701, 0.6248, 0.6248, 0.6248, 0.6248, 0.6248, 0.6248, 0.6248, 0.6248, 0.6248, 0.6248, 0.8031, 0.8031, 0.8031, 0.8031, 0.8031, 0.8031, 0.8031, 0.8031, 0.8031, 0.8031, 0.7877, 0.7877, 0.7877, 0.7877, 0.7877, 0.7877, 0.7877, 0.7877, 0.7877, 0.7877, 0.6094, 0.6094, 0.6094, 0.6094, 0.6094, 0.6094, 0.6094, 0.6094, 0.6094, 0.6094, 0.471, 0.471, 0.471, 0.471, 0.471, 0.471, 0.471, 0.471, 0.471, 0.471, 0.6192, 0.6192, 0.6192, 0.6192, 0.6192, 0.6192, 0.6192, 0.6192, 0.6192, 0.6192, 0.4929, 0.4929, 0.4929, 0.4929, 0.4929, 0.4929, 0.4929, 0.4929, 0.4929, 0.4929, 0.572, 0.572, 0.572, 0.572, 0.572, 0.572, 0.572, 0.572, 0.572, 0.572, 0.4726, 0.4726, 0.4726, 0.4726, 0.4726, 0.4726, 0.4726, 0.4726, 0.4726, 0.4726, 0.5863, 0.5863, 0.5863, 0.5863, 0.5863, 0.5863, 0.5863, 0.5863, 0.5863, 0.5863, 0.3791, 0.3791, 0.3791, 0.3791, 0.3791, 0.3791, 0.3791, 0.3791, 0.3791, 0.3791, 0.461, 0.461, 0.461, 0.461, 0.461, 0.461, 0.461, 0.461, 0.461, 0.461, 0.6931, 0.6931, 0.6931, 0.6931, 0.6931, 0.6931, 0.6931, 0.6931, 0.6931, 0.6931, 0.59, 0.59, 0.59, 0.59, 0.59, 0.59, 0.59, 0.59, 0.59, 0.59, 0.3448, 0.3448, 0.3448, 0.3448, 0.3448, 0.3448, 0.3448, 0.3448, 0.3448, 0.3448, 0.8606, 0.8606, 0.8606, 0.8606, 0.8606, 0.8606, 0.8606, 0.8606, 0.8606, 0.8606, 0.5223, 0.5223, 0.5223, 0.5223, 0.5223, 0.5223, 0.5223, 0.5223, 0.5223, 0.5223, 0.5369, 0.5369, 0.5369, 0.5369, 0.5369, 0.5369, 0.5369, 0.5369, 0.5369, 0.5369, 0.4982, 0.4982, 0.4982, 0.4982, 0.4982, 0.4982, 0.4982, 0.4982, 0.4982, 0.4982, 0.5037, 0.5037, 0.5037, 0.5037, 0.5037, 0.5037, 0.5037, 0.5037, 0.5037, 0.5037, 0.5573, 0.5573, 0.5573, 0.5573, 0.5573, 0.5573, 0.5573, 0.5573, 0.5573, 0.5573, 0.5906, 0.5906, 0.5906, 0.5906, 0.5906, 0.5906, 0.5906, 0.5906, 0.5906, 0.5906, 0.3722, 0.3722, 0.3722, 0.3722, 0.3722, 0.3722, 0.3722, 0.3722, 0.3722, 0.3722, 0.4589, 0.4589, 0.4589, 0.4589, 0.4589, 0.4589, 0.4589, 0.4589, 0.4589, 0.4589, 0.4504, 0.4504, 0.4504, 0.4504, 0.4504, 0.4504, 0.4504, 0.4504, 0.4504, 0.4504, 0.4098, 0.4098, 0.4098, 0.4098, 0.4098, 0.4098, 0.4098, 0.4098, 0.4098, 0.4098, 0.5045, 0.5045, 0.5045, 0.5045, 0.5045, 0.5045, 0.5045, 0.5045, 0.5045, 0.5045, 0.3478, 0.3478, 0.3478, 0.3478, 0.3478, 0.3478, 0.3478, 0.3478, 0.3478, 0.3478, 0.4828, 0.4828, 0.4828, 0.4828, 0.4828, 0.4828, 0.4828, 0.4828, 0.4828, 0.4828, 0.4085, 0.4085, 0.4085, 0.4085, 0.4085, 0.4085, 0.4085, 0.4085, 0.4085, 0.4085, 0.6587, 0.6587, 0.6587, 0.6587, 0.6587, 0.6587, 0.6587, 0.6587, 0.6587, 0.6587, 0.6078, 0.6078, 0.6078, 0.6078, 0.6078, 0.6078, 0.6078, 0.6078, 0.6078, 0.6078, 0.3261, 0.3261, 0.3261, 0.3261, 0.3261, 0.3261, 0.3261, 0.3261, 0.3261, 0.3261, 0.2818, 0.2818, 0.2818, 0.2818, 0.2818, 0.2818, 0.2818, 0.2818, 0.2818, 0.2818, 0.5097, 0.5097, 0.5097, 0.5097, 0.5097, 0.5097, 0.5097, 0.5097, 0.5097, 0.5097, 0.3272, 0.3272, 0.3272, 0.3272, 0.3272, 0.3272, 0.3272, 0.3272, 0.3272, 0.3272, 0.7568, 0.7568, 0.7568, 0.7568, 0.7568, 0.7568, 0.7568, 0.7568, 0.7568, 0.7568, 0.4199, 0.4199, 0.4199, 0.4199, 0.4199, 0.4199, 0.4199, 0.4199, 0.4199, 0.4199, 0.5535, 0.5535, 0.5535, 0.5535, 0.5535, 0.5535, 0.5535, 0.5535, 0.5535, 0.5535, 0.3837, 0.3837, 0.3837, 0.3837, 0.3837, 0.3837, 0.3837, 0.3837, 0.3837, 0.3837, 0.5647, 0.5647, 0.5647, 0.5647, 0.5647, 0.5647, 0.5647, 0.5647, 0.5647, 0.5647, 0.5387, 0.5387, 0.5387, 0.5387, 0.5387, 0.5387, 0.5387, 0.5387, 0.5387, 0.5387, 0.3569, 0.3569, 0.3569, 0.3569, 0.3569, 0.3569, 0.3569, 0.3569, 0.3569, 0.3569, 0.1895, 0.1895, 0.1895, 0.1895, 0.1895, 0.1895, 0.1895, 0.1895, 0.1895, 0.1895, 0.6549, 0.6549, 0.6549, 0.6549, 0.6549, 0.6549, 0.6549, 0.6549, 0.6549, 0.6549, 0.3773, 0.3773, 0.3773, 0.3773, 0.3773, 0.3773, 0.3773, 0.3773, 0.3773, 0.3773, 0.4072, 0.4072, 0.4072, 0.4072, 0.4072, 0.4072, 0.4072, 0.4072, 0.4072, 0.4072, 0.4774, 0.4774, 0.4774, 0.4774, 0.4774, 0.4774, 0.4774, 0.4774, 0.4774, 0.4774, 0.4119, 0.4119, 0.4119, 0.4119, 0.4119, 0.4119, 0.4119, 0.4119, 0.4119, 0.4119, 0.3391, 0.3391, 0.3391, 0.3391, 0.3391, 0.3391, 0.3391, 0.3391, 0.3391, 0.3391, 0.671, 0.671, 0.671, 0.671, 0.671, 0.671, 0.671, 0.671, 0.671, 0.671, 0.7349, 0.7349, 0.7349, 0.7349, 0.7349, 0.7349, 0.7349, 0.7349, 0.7349, 0.7349, 0.4456, 0.4456, 0.4456, 0.4456, 0.4456, 0.4456, 0.4456, 0.4456, 0.4456, 0.4456, 0.0942, 0.0942, 0.0942, 0.0942, 0.0942, 0.0942, 0.0942, 0.0942, 0.0942, 0.0942, 0.2717, 0.2717, 0.2717, 0.2717, 0.2717, 0.2717, 0.2717, 0.2717, 0.2717, 0.2717, 0.4701, 0.4701, 0.4701, 0.4701, 0.4701, 0.4701, 0.4701, 0.4701, 0.4701, 0.4701, 0.4508, 0.4508, 0.4508, 0.4508, 0.4508, 0.4508, 0.4508, 0.4508, 0.4508, 0.4508, 0.4091, 0.4091, 0.4091, 0.4091, 0.4091, 0.4091, 0.4091, 0.4091, 0.4091, 0.4091, 0.4733, 0.4733, 0.4733, 0.4733, 0.4733, 0.4733, 0.4733, 0.4733, 0.4733, 0.4733, 0.3734, 0.3734, 0.3734, 0.3734, 0.3734, 0.3734, 0.3734, 0.3734, 0.5334, 0.5334, 0.5334, 0.5334, 0.5334, 0.5334, 0.5334, 0.5334, 0.5334, 0.5334, 0.1841, 0.1841, 0.1841, 0.1841, 0.1841, 0.1841, 0.1841, 0.1841, 0.1841, 0.1841, 0.4574, 0.4574, 0.4574, 0.4574, 0.4574, 0.4574, 0.4574, 0.4574, 0.4574, 0.4574, 0.2943, 0.2943, 0.2943, 0.2943, 0.2943, 0.2943, 0.2943, 0.2943, 0.2943, 0.2943, 0.1883, 0.1883, 0.1883, 0.1883, 0.1883, 0.1883, 0.1883, 0.1883, 0.1883, 0.1883, 0.5619, 0.5619, 0.5619, 0.5619, 0.5619, 0.5619, 0.5619, 0.5619, 0.5619, 0.5619, 0.1438, 0.1438, 0.1438, 0.1438, 0.1438, 0.1438, 0.1438, 0.1438, 0.1438, 0.1438, 0.2717, 0.2717, 0.2717, 0.2717, 0.2717, 0.2717, 0.2717, 0.2717, 0.2717, 0.2717, 0.2921, 0.2921, 0.2921, 0.2921, 0.2921, 0.2921, 0.2921, 0.2921, 0.2921, 0.2921, 0.2935, 0.2935, 0.2935, 0.2935, 0.2935, 0.2935, 0.2935, 0.2935, 0.2935, 0.2935, 0.1849, 0.1849, 0.1849, 0.1849, 0.1849, 0.1849, 0.1849, 0.1849, 0.1849, 0.1849, 0.0849, 0.0849, 0.0849, 0.0849, 0.0849, 0.0849, 0.0849, 0.0849, 0.0849, 0.0849, 0.2211, 0.2211, 0.2211, 0.2211, 0.2211, 0.2211, 0.2211, 0.2211, 0.2211, 0.2211, 0.1063, 0.1063, 0.1063, 0.1063, 0.1063, 0.1063, 0.1063, 0.1063, 0.1063, 0.1063, 0.3457, 0.3457, 0.3457, 0.3457, 0.3457, 0.3457, 0.3457, 0.3457, 0.3457, 0.3457, 0.6361, 0.6361, 0.6361, 0.6361, 0.6361, 0.6361, 0.6361, 0.6361, 0.6361, 0.6361, 0.4371, 0.4371, 0.4371, 0.4371, 0.4371, 0.4371, 0.4371, 0.4371, 0.4371, 0.4371, 0.3913, 0.3913, 0.3913, 0.3913, 0.3913, 0.3913, 0.3913, 0.3913, 0.3913, 0.3913, 0.3343, 0.3343, 0.3343, 0.3343, 0.3343, 0.3343, 0.3343, 0.3343, 0.3343, 0.3343, 0.4868, 0.4868, 0.4868, 0.4868, 0.4868, 0.4868, 0.4868, 0.4868, 0.4868, 0.4868, 0.3402, 0.3402, 0.3402, 0.3402, 0.3402, 0.3402, 0.3402, 0.3402, 0.3402, 0.3402, 0.3126, 0.3126, 0.3126, 0.3126, 0.3126, 0.3126, 0.3126, 0.3126, 0.3126, 0.3126, 0.3623, 0.3623, 0.3623, 0.3623, 0.3623, 0.3623, 0.3623, 0.3623, 0.3623, 0.3623, 0.646, 0.646, 0.646, 0.646, 0.646, 0.646, 0.646, 0.646, 0.646, 0.646, 0.4243, 0.4243, 0.4243, 0.4243, 0.4243, 0.4243, 0.4243, 0.4243, 0.4243, 0.4243, 0.2005, 0.2005, 0.2005, 0.2005, 0.2005, 0.2005, 0.2005, 0.2005, 0.2005, 0.2005, 0.4277, 0.4277, 0.4277, 0.4277, 0.4277, 0.4277, 0.4277, 0.4277, 0.4277, 0.4277, 0.5079, 0.5079, 0.5079, 0.5079, 0.5079, 0.5079, 0.5079, 0.5079, 0.5079, 0.5079, 0.5235, 0.5235, 0.5235, 0.5235, 0.5235, 0.5235, 0.5235, 0.5235, 0.5235, 0.5235, 0.3107, 0.3107, 0.3107, 0.3107, 0.3107, 0.3107, 0.3107, 0.3107, 0.3107, 0.3107, 0.3027, 0.3027, 0.3027, 0.3027, 0.3027, 0.3027, 0.3027, 0.3027, 0.3027, 0.3027, 0.6866, 0.6866, 0.6866, 0.6866, 0.6866, 0.6866, 0.6866, 0.6866, 0.6866, 0.6866, 0.2555, 0.2555, 0.2555, 0.2555, 0.2555, 0.2555, 0.2555, 0.2555, 0.2555, 0.2555, 0.4007, 0.4007, 0.4007, 0.4007, 0.4007, 0.4007, 0.4007, 0.4007, 0.4007, 0.4007, 0.2633, 0.2633, 0.2633, 0.2633, 0.2633, 0.2633, 0.2633, 0.2633, 0.2633, 0.2633, 0.3879, 0.3879, 0.3879, 0.3879, 0.3879, 0.3879, 0.3879, 0.3879, 0.3879, 0.3879, 0.2468, 0.2468, 0.2468, 0.2468, 0.2468, 0.2468, 0.2468, 0.2468, 0.2468, 0.2468, 0.2838, 0.2838, 0.2838, 0.2838, 0.2838, 0.2838, 0.2838, 0.2838, 0.2838, 0.2838, 0.6276, 0.6276, 0.6276, 0.6276, 0.6276, 0.6276, 0.6276, 0.6276, 0.6276, 0.6276, 0.3774, 0.3774, 0.3774, 0.3774, 0.3774, 0.3774, 0.3774, 0.3774, 0.3774, 0.3774, 0.5432, 0.5432, 0.5432, 0.5432, 0.5432, 0.5432, 0.5432, 0.5432, 0.5432, 0.5432, 0.3808, 0.3808, 0.3808, 0.3808, 0.3808, 0.3808, 0.3808, 0.3808, 0.3808, 0.3808, 0.457, 0.457, 0.457, 0.457, 0.457, 0.457, 0.457, 0.457, 0.457, 0.457, 0.464, 0.464, 0.464, 0.464, 0.464, 0.464, 0.464, 0.464, 0.464, 0.464, 0.3759, 0.3759, 0.3759, 0.3759, 0.3759, 0.3759, 0.3759, 0.3759, 0.3759, 0.3759, 0.2617, 0.2617, 0.2617, 0.2617, 0.2617, 0.2617, 0.2617, 0.2617, 0.2617, 0.2617, 0.2857, 0.2857, 0.2857, 0.2857, 0.2857, 0.2857, 0.2857, 0.2857, 0.2857, 0.2857, 0.3217, 0.3217, 0.3217, 0.3217, 0.3217, 0.3217, 0.3217, 0.3217, 0.3217, 0.3217, 0.1956, 0.1956, 0.1956, 0.1956, 0.1956, 0.1956, 0.1956, 0.1956, 0.1956, 0.1956, 0.5168, 0.5168, 0.5168, 0.5168, 0.5168, 0.5168, 0.5168, 0.5168, 0.5168, 0.5168, 0.4791, 0.4791, 0.4791, 0.4791, 0.4791, 0.4791, 0.4791, 0.4791, 0.4791, 0.4791, 0.2199, 0.2199, 0.2199, 0.2199, 0.2199, 0.2199, 0.2199, 0.2199, 0.2199, 0.2199, 0.2562, 0.2562, 0.2562, 0.2562, 0.2562, 0.2562, 0.2562, 0.2562, 0.2562, 0.2562, 0.3, 0.3, 0.3, 0.3, 0.3, 0.3, 0.3, 0.3, 0.3, 0.3, 0.3568, 0.3568, 0.3568, 0.3568, 0.3568, 0.3568, 0.3568, 0.3568, 0.3568, 0.3568, 0.3844, 0.3844, 0.3844, 0.3844, 0.3844, 0.3844, 0.3844, 0.3844, 0.3844, 0.3844, 0.3116, 0.3116, 0.3116, 0.3116, 0.3116, 0.3116, 0.3116, 0.3116, 0.3116, 0.3116, 0.4666, 0.4666, 0.4666, 0.4666, 0.4666, 0.4666, 0.4666, 0.4666, 0.4666, 0.4666, 0.106, 0.106, 0.106, 0.106, 0.106, 0.106, 0.106, 0.106, 0.106, 0.106, 0.3175, 0.3175, 0.3175, 0.3175, 0.3175, 0.3175, 0.3175, 0.3175, 0.3175, 0.3175, 0.3038, 0.3038, 0.3038, 0.3038, 0.3038, 0.3038, 0.3038, 0.3038, 0.3038, 0.3038, 0.4291, 0.4291, 0.4291, 0.4291, 0.4291, 0.4291, 0.4291, 0.4291, 0.4291, 0.4291, 0.3898, 0.3898, 0.3898, 0.3898, 0.3898, 0.3898, 0.3898, 0.3898, 0.3898, 0.3898, 0.2653, 0.2653, 0.2653, 0.2653, 0.2653, 0.2653, 0.2653, 0.2653, 0.2653, 0.2653, 0.2515, 0.2515, 0.2515, 0.2515, 0.2515, 0.2515, 0.2515, 0.2515, 0.2515, 0.2515, 0.1555, 0.1555, 0.1555, 0.1555, 0.1555, 0.1555, 0.1555, 0.1555, 0.1555, 0.1555, 0.3995, 0.3995, 0.3995, 0.3995, 0.3995, 0.3995, 0.3995, 0.3995, 0.3995, 0.3995, 0.138, 0.138, 0.138, 0.138, 0.138, 0.138, 0.138, 0.138, 0.138, 0.138, 0.3975, 0.3975, 0.3975, 0.3975, 0.3975, 0.3975, 0.3975, 0.3975, 0.3975, 0.3975, 0.3781, 0.3781, 0.3781, 0.3781, 0.3781, 0.3781, 0.3781, 0.3781, 0.3781, 0.3781, 0.6125, 0.6125, 0.6125, 0.6125, 0.6125, 0.6125, 0.6125, 0.6125, 0.6125, 0.6125, 0.3912, 0.3912, 0.3912, 0.3912, 0.3912, 0.3912, 0.3912, 0.3912, 0.3912, 0.3912, 0.5516, 0.5516, 0.5516, 0.5516, 0.5516, 0.5516, 0.5516, 0.5516, 0.5516, 0.5516, 0.4954, 0.4954, 0.4954, 0.4954, 0.4954, 0.4954, 0.4954, 0.4954, 0.4954, 0.4954, 0.2196, 0.2196, 0.2196, 0.2196, 0.2196, 0.2196, 0.2196, 0.2196, 0.2196, 0.2196, 0.291, 0.291, 0.291, 0.291, 0.291, 0.291, 0.291, 0.291, 0.291, 0.291, 0.4325, 0.4325, 0.4325, 0.4325, 0.4325, 0.4325, 0.4325, 0.4325, 0.4325, 0.4325, 0.314, 0.314, 0.314, 0.314, 0.314, 0.314, 0.2101, 0.2101, 0.2101, 0.2101, 0.2101, 0.2101, 0.2101, 0.2101, 0.2101, 0.2101, 0.2168, 0.2168, 0.2168, 0.2168, 0.2168, 0.2168, 0.2168, 0.2168, 0.2168, 0.2168, 0.291, 0.291, 0.291, 0.291, 0.291, 0.291, 0.291, 0.291, 0.291, 0.291, 0.2947, 0.2947, 0.2947, 0.2947, 0.2947, 0.2947, 0.2947, 0.2947, 0.2947, 0.2947, 0.2168, 0.2168, 0.2168, 0.2168, 0.2168, 0.2168, 0.2168, 0.2168, 0.2168, 0.2168, 0.4191, 0.4191, 0.4191, 0.4191, 0.4191, 0.4191, 0.4191, 0.4191, 0.4191, 0.4191, 0.4135, 0.4135, 0.4135, 0.4135, 0.4135, 0.4135, 0.4135, 0.4135, 0.4135, 0.4135, 0.1433, 0.1433, 0.1433, 0.1433, 0.1433, 0.1433, 0.1433, 0.1433, 0.1433, 0.1433, 0.4223, 0.4223, 0.4223, 0.4223, 0.4223, 0.4223, 0.4223, 0.4223, 0.4223, 0.4223, 0.256, 0.256, 0.256, 0.256, 0.256, 0.256, 0.256, 0.256, 0.256, 0.256, 0.0476, 0.0476, 0.0476, 0.0476, 0.0476, 0.0476, 0.0476, 0.0476, 0.0476, 0.0476, 0.2663, 0.2663, 0.2663, 0.2663, 0.2663, 0.2663, 0.2663, 0.2663, 0.2663, 0.2663, 0.4801, 0.4801, 0.4801, 0.4801, 0.4801, 0.4801, 0.4801, 0.4801, 0.4801, 0.4801, 0.2356, 0.2356, 0.2356, 0.2356, 0.2356, 0.2356, 0.2356, 0.2356, 0.2356, 0.2356, 0.1725, 0.1725, 0.1725, 0.1725, 0.1725, 0.1725, 0.1725, 0.1725, 0.1725, 0.1725, 0.7829, 0.7829, 0.7829, 0.7829, 0.7829, 0.7829, 0.7829, 0.7829, 0.7829, 0.7829, 0.3883, 0.3883, 0.3883, 0.3883, 0.3883, 0.3883, 0.3883, 0.3883, 0.3883, 0.3883, 0.2563, 0.2563, 0.2563, 0.2563, 0.2563, 0.2563, 0.2563, 0.2563, 0.2563, 0.2563, 0.4726, 0.4726, 0.4726, 0.4726, 0.4726, 0.4726, 0.4726, 0.4726, 0.4726, 0.4726, 0.439, 0.439, 0.439, 0.439, 0.439, 0.439, 0.439, 0.439, 0.439, 0.439, 0.0816, 0.0816, 0.0816, 0.0816, 0.0816, 0.0816, 0.0816, 0.0816, 0.0816, 0.0816, 0.3194, 0.3194, 0.3194, 0.3194, 0.3194, 0.3194, 0.3194, 0.3194, 0.3194, 0.3194, 0.1848, 0.1848, 0.1848, 0.1848, 0.1848, 0.1848, 0.1848, 0.1848, 0.1848, 0.1848, 0.2728, 0.2728, 0.2728, 0.2728, 0.2728, 0.2728, 0.2728, 0.2728, 0.2728, 0.2728, 0.3272, 0.3272, 0.3272, 0.3272, 0.3272, 0.3272, 0.3272, 0.3272, 0.3272, 0.3272, 0.2197, 0.2197, 0.2197, 0.2197, 0.2197, 0.2197, 0.2197, 0.2197, 0.2197, 0.2197, 0.1434, 0.1434, 0.1434, 0.1434, 0.1434, 0.1434, 0.1434, 0.1434, 0.1434, 0.1434, 0.1523, 0.1523, 0.1523, 0.1523, 0.1523, 0.1523, 0.1523, 0.1523, 0.1523, 0.1523, 0.4939, 0.4939, 0.4939, 0.4939, 0.4939, 0.4939, 0.4939, 0.4939, 0.4939, 0.4939, 0.5076, 0.5076, 0.5076, 0.5076, 0.5076, 0.5076, 0.5076, 0.5076, 0.5076, 0.5076, 0.2295, 0.2295, 0.2295, 0.2295, 0.2295, 0.2295, 0.2295, 0.2295, 0.2295, 0.2295, 0.2082, 0.2082, 0.2082, 0.2082, 0.2082, 0.2082, 0.2082, 0.2082, 0.2082, 0.2082, 0.4881, 0.4881, 0.4881, 0.4881, 0.4881, 0.4881, 0.4881, 0.4881, 0.4881, 0.4881, 0.3081, 0.3081, 0.3081, 0.3081, 0.3081, 0.3081, 0.3081, 0.3081, 0.3081, 0.3081, 0.2354, 0.2354, 0.2354, 0.2354, 0.2354, 0.2354, 0.2354, 0.2354, 0.2354, 0.2354, 0.4111, 0.4111, 0.4111, 0.4111, 0.4111, 0.4111, 0.4111, 0.4111, 0.4111, 0.4111, 0.3412, 0.3412, 0.3412, 0.3412, 0.3412, 0.3412, 0.3412, 0.3412, 0.3412, 0.3412, 0.2785, 0.2785, 0.2785, 0.2785, 0.2785, 0.2785, 0.2785, 0.2785, 0.2785, 0.2785, 0.1634, 0.1634, 0.1634, 0.1634, 0.1634, 0.1634, 0.1634, 0.1634, 0.1634, 0.1634, 0.4249, 0.4249, 0.4249, 0.4249, 0.4249, 0.4249, 0.4249, 0.4249, 0.4249, 0.4249, 0.5744, 0.5744, 0.5744, 0.5744, 0.5744, 0.5744, 0.5744, 0.5744, 0.5744, 0.5744, 0.1828, 0.1828, 0.1828, 0.1828, 0.1828, 0.1828, 0.1828, 0.1828, 0.1828, 0.1828, 0.2371, 0.2371, 0.2371, 0.2371, 0.2371, 0.2371, 0.2371, 0.2371, 0.2371, 0.2371, 0.3674, 0.3674, 0.3674, 0.3674, 0.3674, 0.3674, 0.3674, 0.3674, 0.3674, 0.3674, 0.133, 0.133, 0.133, 0.133, 0.133, 0.133, 0.133, 0.133, 0.133, 0.133, 0.4443, 0.4443, 0.4443, 0.4443, 0.4443, 0.4443, 0.4443, 0.4443, 0.4443, 0.4443, 0.2317, 0.2317, 0.2317, 0.2317, 0.2317, 0.2317, 0.2317, 0.2317, 0.2317, 0.2317, 0.1841, 0.1841, 0.1841, 0.1841, 0.1841, 0.1841, 0.1841, 0.1841, 0.1841, 0.1841, 0.1382, 0.1382, 0.1382, 0.1382, 0.1382, 0.1382, 0.1382, 0.1382, 0.1382, 0.1382, 0.2479, 0.2479, 0.2479, 0.2479, 0.2479, 0.2479, 0.2479, 0.2479, 0.2479, 0.2479, 0.4433, 0.4433, 0.4433, 0.4433, 0.4433, 0.4433, 0.4433, 0.4433, 0.4433, 0.4433, 0.1546, 0.1546, 0.1546, 0.1546, 0.1546, 0.1546, 0.1546, 0.1546, 0.1546, 0.1546, 0.3388, 0.3388, 0.3388, 0.3388, 0.3388, 0.3388, 0.3388, 0.3388, 0.3388, 0.3388, 0.1428, 0.1428, 0.1428, 0.1428, 0.1428, 0.1428, 0.1428, 0.1428, 0.1428, 0.1428, 0.4139, 0.4139, 0.4139, 0.4139, 0.4139, 0.4139, 0.4139, 0.4139, 0.4139, 0.4139, 0.1572, 0.1572, 0.1572, 0.1572, 0.1572, 0.1572, 0.1572, 0.1572, 0.1572, 0.1572, 0.495, 0.495, 0.495, 0.495, 0.495, 0.495, 0.495, 0.495, 0.495, 0.495, 0.2038, 0.2038, 0.2038, 0.2038, 0.2038, 0.2038, 0.2038, 0.2038, 0.2038, 0.2038, 0.3018, 0.3018, 0.3018, 0.3018, 0.3018, 0.3018, 0.3018, 0.3018, 0.3018, 0.3018, 0.519, 0.519, 0.519, 0.519, 0.519, 0.519, 0.519, 0.519, 0.519, 0.519, 0.2389, 0.2389, 0.2389, 0.2389, 0.2389, 0.2389, 0.2389, 0.2389, 0.2389, 0.2389, 0.4478, 0.4478, 0.4478, 0.4478, 0.4478, 0.4478, 0.4478, 0.4478, 0.4478, 0.4478, 0.2428, 0.2428, 0.2428, 0.2428, 0.2428, 0.2428, 0.2428, 0.2428, 0.2428, 0.2428, 0.1605, 0.1605, 0.1605, 0.1605, 0.1605, 0.1605, 0.1605, 0.1605, 0.1605, 0.1605, 0.2517, 0.2517, 0.2517, 0.2517, 0.2517, 0.2517, 0.2517, 0.2517, 0.2517, 0.2517, 0.0157, 0.0157, 0.0157, 0.0157, 0.0157, 0.0157, 0.0157, 0.0157, 0.0157, 0.0157, 0.478, 0.478, 0.478, 0.478, 0.478, 0.478, 0.478, 0.478, 0.478, 0.478, 0.1382, 0.1382, 0.1382, 0.1382, 0.1382, 0.1382, 0.1382, 0.1382, 0.1382, 0.1382, 0.2955, 0.2955, 0.2955, 0.2955, 0.2955, 0.2955, 0.2955, 0.2955, 0.2955, 0.2955, 0.5326, 0.5326, 0.5326, 0.5326, 0.5326, 0.5326, 0.5326, 0.5326, 0.5326, 0.5326, 0.3361, 0.3361, 0.3361, 0.3361, 0.3361, 0.3361, 0.3361, 0.3361, 0.3361, 0.3361, 0.5356, 0.5356, 0.5356, 0.5356, 0.5356, 0.5356, 0.5356, 0.5356, 0.5356, 0.5356, 0.5104, 0.5104, 0.5104, 0.5104, 0.5104, 0.5104, 0.5104, 0.5104, 0.5104, 0.5104, 0.6421, 0.6421, 0.6421, 0.6421, 0.6421, 0.6421, 0.6421, 0.6421, 0.6421, 0.6421, 0.625, 0.625, 0.625, 0.625, 0.625, 0.625, 0.625, 0.625, 0.625, 0.625, 0.416, 0.416, 0.416, 0.416, 0.416, 0.416, 0.416, 0.416, 0.416, 0.416, 0.388, 0.388, 0.388, 0.388, 0.388, 0.388, 0.388, 0.388, 0.388, 0.388, 0.366, 0.366, 0.366, 0.366, 0.5615, 0.5615, 0.5615, 0.5615, 0.5615, 0.5615, 0.5615, 0.5615, 0.5615, 0.5615, 0.5016, 0.5016, 0.5016, 0.5016, 0.5016, 0.5016, 0.5016, 0.5016, 0.5016, 0.5016, 0.5231, 0.5231, 0.5231, 0.5231, 0.5231, 0.5231, 0.5231, 0.5231, 0.5231, 0.5231, 0.7227, 0.7227, 0.7227, 0.7227, 0.7227, 0.7227, 0.7227, 0.7227, 0.7227, 0.7227, 0.2786, 0.2786, 0.2786, 0.2786, 0.2786, 0.2786, 0.2786, 0.2786, 0.2786, 0.2786, 0.4954, 0.4954, 0.4954, 0.4954, 0.4954, 0.4954, 0.4954, 0.4954, 0.4954, 0.4954, 0.6712, 0.6712, 0.6712, 0.6712, 0.6712, 0.6712, 0.6712, 0.6712, 0.6712, 0.6712, 0.4756, 0.4756, 0.4756, 0.4756, 0.4756, 0.4756, 0.4756, 0.4756, 0.4756, 0.4756, 0.4625, 0.4625, 0.4625, 0.4625, 0.4625, 0.4625, 0.4625, 0.4625, 0.4625, 0.4625, 0.5036, 0.5036, 0.5036, 0.5036, 0.5036, 0.5036, 0.5036, 0.5036, 0.5036, 0.5036, 0.1627, 0.1627, 0.1627, 0.1627, 0.1627, 0.1627, 0.1627, 0.1627, 0.1627, 0.1627, 0.3359, 0.3359, 0.3359, 0.3359, 0.3359, 0.3359, 0.3359, 0.3359, 0.3359, 0.3359, 0.4548, 0.4548, 0.4548, 0.4548, 0.4548, 0.4548, 0.4548, 0.4548, 0.4548, 0.4548, 0.3747, 0.3747, 0.3747, 0.3747, 0.3747, 0.3747, 0.3747, 0.3747, 0.3747, 0.3747, 0.6068, 0.6068, 0.6068, 0.6068, 0.6068, 0.6068, 0.6068, 0.6068, 0.6068, 0.6068, 0.1605, 0.1605, 0.1605, 0.1605, 0.1605, 0.1605, 0.1605, 0.1605, 0.1605, 0.1605, 0.2606, 0.2606, 0.2606, 0.2606, 0.2606, 0.2606, 0.2606, 0.2606, 0.2606, 0.2606, 0.3383, 0.3383, 0.3383, 0.3383, 0.3383, 0.3383, 0.3383, 0.3383, 0.3383, 0.3383, 0.2404, 0.2404, 0.2404, 0.2404, 0.2404, 0.2404, 0.2404, 0.2404, 0.2404, 0.2404, 0.3712, 0.3712, 0.3712, 0.3712, 0.3712, 0.3712, 0.3712, 0.3712, 0.3712, 0.3712, 0.2967, 0.2967, 0.2967, 0.2967, 0.2967, 0.2967, 0.2967, 0.2967, 0.2967, 0.2967, 0.2884, 0.2884, 0.2884, 0.2884, 0.2884, 0.2884, 0.2884, 0.2884, 0.2884, 0.2884, 0.2435, 0.2435, 0.2435, 0.2435, 0.2435, 0.2435, 0.2435, 0.2435, 0.2435, 0.2435, 0.4408, 0.4408, 0.4408, 0.4408, 0.4408, 0.4408, 0.4408, 0.4408, 0.4408, 0.4408, 0.5219, 0.5219, 0.5219, 0.5219, 0.5219, 0.5219, 0.5219, 0.5219, 0.5219, 0.5219, 0.2012, 0.2012, 0.2012, 0.2012, 0.2012, 0.2012, 0.2012, 0.2012, 0.2012, 0.2012, 0.1541, 0.1541, 0.1541, 0.1541, 0.1541, 0.1541, 0.1541, 0.1541, 0.1541, 0.1541, 0.0157, 0.0157, 0.0157, 0.0157, 0.0157, 0.0157, 0.0157, 0.0157, 0.0157, 0.0157, 0.2269, 0.2269, 0.2269, 0.2269, 0.2269, 0.2269, 0.2269, 0.2269, 0.2269, 0.2269, 0.3045, 0.3045, 0.3045, 0.3045, 0.3045, 0.3045, 0.3045, 0.3045, 0.3045, 0.3045, 0.2102, 0.2102, 0.2102, 0.2102, 0.2102, 0.2102, 0.2102, 0.2102, 0.2102, 0.2102, 0.321, 0.321, 0.321, 0.321, 0.321, 0.321, 0.321, 0.321, 0.321, 0.321, 0.4612, 0.4612, 0.4612, 0.4612, 0.4612, 0.4612, 0.4612, 0.4612, 0.4612, 0.4612, 0.1742, 0.1742, 0.1742, 0.1742, 0.1742, 0.1742, 0.1742, 0.1742, 0.1742, 0.1742, 0.2742, 0.2742, 0.2742, 0.2742, 0.2742, 0.2742, 0.2742, 0.2742, 0.2742, 0.2742, 0.2834, 0.2834, 0.2834, 0.2834, 0.2834, 0.2834, 0.2834, 0.2834, 0.2834, 0.2834, 0.2106, 0.2106, 0.2106, 0.2106, 0.2106, 0.2106, 0.2106, 0.2106, 0.2106, 0.2106, 0.2265, 0.2265, 0.2265, 0.2265, 0.2265, 0.2265, 0.2265, 0.2265, 0.2265, 0.2265, 0.3004, 0.3004, 0.3004, 0.3004, 0.3004, 0.3004, 0.3004, 0.3004, 0.3004, 0.3004, 0.2877, 0.2877, 0.2877, 0.2877, 0.2877, 0.2877, 0.2877, 0.2877, 0.2877, 0.2877, 0.4378, 0.4378, 0.4378, 0.4378, 0.4378, 0.4378, 0.4378, 0.4378, 0.4378, 0.4378, 0.3676, 0.3676, 0.3676, 0.3676, 0.3676, 0.3676, 0.3676, 0.3676, 0.3676, 0.3676, 0.2993, 0.2993, 0.2993, 0.2993, 0.2993, 0.2993, 0.2993, 0.2993, 0.2993, 0.2993, 0.3033, 0.3033, 0.3033, 0.3033, 0.3033, 0.3033, 0.3033, 0.3033, 0.3033, 0.3033, 0.1332, 0.1332, 0.1332, 0.1332, 0.1332, 0.1332, 0.1332, 0.1332, 0.1332, 0.1332, 0.3187, 0.3187, 0.3187, 0.3187, 0.3187, 0.3187, 0.3187, 0.3187, 0.3187, 0.3187, 0.2458, 0.2458, 0.2458, 0.2458, 0.2458, 0.2458, 0.2458, 0.2458, 0.2458, 0.2458, 0.4797, 0.4797, 0.4797, 0.4797, 0.4797, 0.4797, 0.4797, 0.4797, 0.4797, 0.4797, 0.4615, 0.4615, 0.4615, 0.4615, 0.4615, 0.4615, 0.4615, 0.4615, 0.4615, 0.4615, 0.4381, 0.4381, 0.4381, 0.4381, 0.4381, 0.4381, 0.4381, 0.4381, 0.4381, 0.4381, 0.4903, 0.4903, 0.4903, 0.4903, 0.4903, 0.4903, 0.4903, 0.4903, 0.4903, 0.4903, 0.2341, 0.2341, 0.2341, 0.2341, 0.2341, 0.2341, 0.2341, 0.2341, 0.2341, 0.2341, 0.3097, 0.3097, 0.3097, 0.3097, 0.3097, 0.3097, 0.3097, 0.3097, 0.3097, 0.3097, 0.295, 0.295, 0.295, 0.295, 0.295, 0.295, 0.295, 0.295, 0.295, 0.295, 0.0896, 0.0896, 0.0896, 0.0896, 0.0896, 0.0896, 0.0896, 0.0896, 0.0896, 0.0896, 0.2237, 0.2237, 0.2237, 0.2237, 0.2237, 0.2237, 0.2237, 0.2237, 0.2237, 0.2237, 0.273, 0.273, 0.273, 0.273, 0.273, 0.273, 0.273, 0.273, 0.273, 0.273, 0.2757, 0.2757, 0.2757, 0.2757, 0.2757, 0.2757, 0.2757, 0.2757, 0.2757, 0.2757, 0.1243, 0.1243, 0.1243, 0.1243, 0.1243, 0.1243, 0.1243, 0.1243, 0.1243, 0.1243, 0.276, 0.276, 0.276, 0.276, 0.276, 0.276, 0.276, 0.276, 0.276, 0.276, 0.2069, 0.2069, 0.2069, 0.2069, 0.2069, 0.2069, 0.2069, 0.2069, 0.2069, 0.2069, 0.1477, 0.1477, 0.1477, 0.1477, 0.1477, 0.1477, 0.1477, 0.1477, 0.1477, 0.1477, 0.0801, 0.0801, 0.0801, 0.0801, 0.0801, 0.0801, 0.0801, 0.0801, 0.0801, 0.0801, 0.3745, 0.3745, 0.3745, 0.3745, 0.3745, 0.3745, 0.3745, 0.3745, 0.3745, 0.3745, 0.3457, 0.3457, 0.3457, 0.3457, 0.3457, 0.3457, 0.3457, 0.3457, 0.3457, 0.3457, 0.274, 0.274, 0.274, 0.274, 0.274, 0.274, 0.274, 0.274, 0.274, 0.274, 0.3786, 0.3786, 0.3786, 0.3786, 0.3786, 0.3786, 0.3786, 0.3786, 0.3786, 0.3786, 0.4812, 0.4812, 0.4812, 0.4812, 0.4812, 0.4812, 0.4812, 0.4812, 0.4812, 0.4812, 0.2365, 0.2365, 0.2365, 0.2365, 0.2365, 0.2365, 0.2365, 0.2365, 0.2365, 0.2365, 0.2823, 0.2823, 0.2823, 0.2823, 0.2823, 0.2823, 0.2823, 0.2823, 0.2823, 0.2823, 0.6398, 0.6398, 0.6398, 0.6398, 0.6398, 0.6398, 0.6398, 0.6398, 0.6398, 0.6398, 0.3309, 0.3309, 0.3309, 0.3309, 0.3309, 0.3309, 0.3309, 0.3309, 0.3309, 0.3309, 0.3826, 0.3826, 0.3826, 0.3826, 0.3826, 0.3826, 0.3826, 0.3826, 0.3826, 0.3826, 0.2882, 0.2882, 0.2882, 0.2882, 0.2882, 0.2882, 0.2882, 0.2882, 0.2882, 0.2882, 0.5405, 0.5405, 0.5405, 0.5405, 0.5405, 0.5405, 0.5405, 0.5405, 0.5405, 0.5405, 0.1811, 0.1811, 0.1811, 0.1811, 0.1811, 0.1811, 0.1811, 0.1811, 0.1811, 0.1811, 0.3234, 0.3234, 0.3234, 0.3234, 0.3234, 0.3234, 0.3234, 0.3234, 0.3234, 0.3234, 0.0172, 0.0172, 0.2957, 0.2957, 0.2957, 0.2957, 0.2957, 0.2957, 0.2957, 0.2957, 0.2957, 0.2957, 0.4341, 0.4341, 0.4341, 0.4341, 0.4341, 0.4341, 0.4341, 0.4341, 0.4341, 0.4341, 0.1049, 0.1049, 0.1049, 0.1049, 0.1049, 0.1049, 0.1049, 0.1049, 0.1049, 0.1049, 0.4369, 0.4369, 0.4369, 0.4369, 0.4369, 0.4369, 0.4369, 0.4369, 0.4369, 0.4369, 0.1348, 0.1348, 0.1348, 0.1348, 0.1348, 0.1348, 0.1348, 0.1348, 0.1348, 0.1348, 0.1594, 0.1594, 0.1594, 0.1594, 0.1594, 0.1594, 0.1594, 0.1594, 0.1594, 0.1594, 0.2981, 0.2981, 0.2981, 0.2981, 0.2981, 0.2981, 0.2981, 0.2981, 0.2981, 0.2981, 0.2213, 0.2213, 0.2213, 0.2213, 0.2213, 0.2213, 0.2213, 0.2213, 0.2213, 0.2213, 0.2791, 0.2791, 0.2791, 0.2791, 0.2791, 0.2791, 0.2791, 0.2791, 0.2791, 0.2791, 0.5719, 0.5719, 0.5719, 0.5719, 0.5719, 0.5719, 0.5719, 0.5719, 0.5719, 0.5719, 0.1939, 0.1939, 0.1939, 0.1939, 0.1939, 0.1939, 0.1939, 0.1939, 0.1939, 0.1939, 0.2032, 0.2032, 0.2032, 0.2032, 0.2032, 0.2032, 0.2032, 0.2032, 0.2032, 0.2032, 0.0975, 0.0975, 0.0975, 0.0975, 0.0975, 0.0975, 0.0975, 0.0975, 0.0975, 0.0975, 0.0115, 0.0115, 0.0115, 0.0115, 0.0115, 0.0115, 0.0115, 0.0115, 0.0115, 0.0115, 0.4417, 0.4417, 0.4417, 0.4417, 0.4417, 0.4417, 0.4417, 0.4417, 0.4417, 0.4417, 0.3125, 0.3125, 0.3125, 0.3125, 0.3125, 0.3125, 0.3125, 0.3125, 0.3125, 0.3125, 0.3615, 0.3615, 0.3615, 0.3615, 0.3615, 0.3615, 0.3615, 0.3615, 0.3615, 0.3615, 0.097, 0.097, 0.097, 0.097, 0.097, 0.097, 0.097, 0.097, 0.097, 0.097, 0.2124, 0.2124, 0.2124, 0.2124, 0.2124, 0.2124, 0.2124, 0.2124, 0.2124, 0.2124, 0.3474, 0.3474, 0.3474, 0.3474, 0.3474, 0.3474, 0.3474, 0.3474, 0.3474, 0.3474, 0.3062, 0.3062, 0.3062, 0.3062, 0.3062, 0.3062, 0.3062, 0.3062, 0.3062, 0.3062, 0.2436, 0.2436, 0.2436, 0.2436, 0.2436, 0.2436, 0.2436, 0.2436, 0.2436, 0.2436, 0.0769, 0.0769, 0.0769, 0.0769, 0.0769, 0.0769, 0.0769, 0.0769, 0.0769, 0.0769, 0.1787, 0.1787, 0.1787, 0.1787, 0.1787, 0.1787, 0.1787, 0.1787, 0.1787, 0.1787, 0.2241, 0.2241, 0.2241, 0.2241, 0.2241, 0.2241, 0.2241, 0.2241, 0.2241, 0.2241, 0.3447, 0.3447, 0.3447, 0.3447, 0.3447, 0.3447, 0.3447, 0.3447, 0.3447, 0.3447, 0.0761, 0.0761, 0.0761, 0.0761, 0.0761, 0.0761, 0.0761, 0.0761, 0.0761, 0.0761, 0.3592, 0.3592, 0.3592, 0.3592, 0.3592, 0.3592, 0.3592, 0.3592, 0.3592, 0.3592, 0.0877, 0.0877, 0.0877, 0.0877, 0.0877, 0.0877, 0.0877, 0.0877, 0.0877, 0.0877, 0.1309, 0.1309, 0.1309, 0.1309, 0.1309, 0.1309, 0.1309, 0.1309, 0.1309, 0.1309, 0.1395, 0.1395, 0.1395, 0.1395, 0.1395, 0.1395, 0.1395, 0.1395, 0.1395, 0.1395, 0.1705, 0.1705, 0.1705, 0.1705, 0.1705, 0.1705, 0.1705, 0.1705, 0.1705, 0.1705, 0.1274, 0.1274, 0.1274, 0.1274, 0.1274, 0.1274, 0.1274, 0.1274, 0.1274, 0.1274, 0.2338, 0.2338, 0.2338, 0.2338, 0.2338, 0.2338, 0.2338, 0.2338, 0.2338, 0.2338, 0.2155, 0.2155, 0.2155, 0.2155, 0.2155, 0.2155, 0.2155, 0.2155, 0.2155, 0.2155, 0.2474, 0.2474, 0.2474, 0.2474, 0.2474, 0.2474, 0.2474, 0.2474, 0.2474, 0.2474, 0.3091, 0.3091, 0.3091, 0.3091, 0.3091, 0.3091, 0.3091, 0.3091, 0.3091, 0.3091, 0.0089, 0.0089, 0.0089, 0.0089, 0.0089, 0.0089, 0.0089, 0.0089, 0.0089, 0.0089, 0.0829, 0.0829, 0.0829, 0.0829, 0.0829, 0.0829, 0.0829, 0.0829, 0.0829, 0.0829, 0.2316, 0.2316, 0.2316, 0.2316, 0.2316, 0.2316, 0.2316, 0.2316, 0.2316, 0.2316, 0.3615, 0.3615, 0.3615, 0.3615, 0.3615, 0.3615, 0.3615, 0.3615, 0.3615, 0.3615, 0.0521, 0.0521, 0.0521, 0.0521, 0.0521, 0.0521, 0.0521, 0.0521, 0.0521, 0.0521, 0.1856, 0.1856, 0.1856, 0.1856, 0.1856, 0.1856, 0.1856, 0.1856, 0.1856, 0.1856, 0.1157, 0.1157, 0.1157, 0.1157, 0.1157, 0.1157, 0.1157, 0.1157, 0.1157, 0.1157, 0.2408, 0.2408, 0.2408, 0.2408, 0.2408, 0.2408, 0.2408, 0.2408, 0.2408, 0.2408, 0.1577, 0.1577, 0.1577, 0.1577, 0.1577, 0.1577, 0.1577, 0.1577, 0.1577, 0.1577, 0.189, 0.189, 0.189, 0.189, 0.189, 0.189, 0.189, 0.189, 0.189, 0.189, 0.3078, 0.3078, 0.3078, 0.3078, 0.3078, 0.3078, 0.3078, 0.3078, 0.3078, 0.3078, 0.3071, 0.3071, 0.3071, 0.3071, 0.3071, 0.3071, 0.3071, 0.3071, 0.3071, 0.3071, 0.2727, 0.2727, 0.2727, 0.2727, 0.2727, 0.2727, 0.2727, 0.2727, 0.2727, 0.2727, 0.4115, 0.4115, 0.4115, 0.4115, 0.4115, 0.4115, 0.4115, 0.4115, 0.4115, 0.4115, 0.014, 0.014, 0.014, 0.014, 0.014, 0.014, 0.014, 0.014, 0.014, 0.014, 0.099, 0.099, 0.099, 0.099, 0.099, 0.099, 0.099, 0.099, 0.099, 0.099, 0.0694, 0.0694, 0.0694, 0.0694, 0.0694, 0.0694, 0.0694, 0.0694, 0.0694, 0.0694, 0.1548, 0.1548, 0.1548, 0.1548, 0.1548, 0.1548, 0.1548, 0.1548, 0.1548, 0.1548, 0.1832, 0.1832, 0.1832, 0.1832, 0.1832, 0.1832, 0.1832, 0.1832, 0.1832, 0.1832, 0.163, 0.163, 0.163, 0.163, 0.163, 0.163, 0.163, 0.163, 0.163, 0.163, 0.308, 0.308, 0.308, 0.308, 0.308, 0.308, 0.308, 0.308, 0.308, 0.308, 0.2798, 0.2798, 0.2798, 0.2798, 0.2798, 0.2798, 0.2798, 0.2798, 0.2798, 0.2798, 0.2426, 0.2426, 0.2426, 0.2426, 0.2426, 0.2426, 0.2426, 0.2426, 0.2426, 0.2426, 0.2568, 0.2568, 0.2568, 0.2568, 0.2568, 0.2568, 0.2568, 0.2568, 0.2568, 0.2568, 0.4465, 0.4465, 0.4465, 0.4465, 0.4465, 0.4465, 0.4465, 0.4465, 0.4465, 0.4465, 0.1487, 0.1487, 0.1487, 0.1487, 0.1487, 0.1487, 0.1487, 0.1487, 0.1487, 0.1487, 0.1371, 0.1371, 0.1371, 0.1371, 0.1371, 0.1371, 0.1371, 0.1371, 0.1371, 0.1371, 0.2634, 0.2634, 0.2634, 0.2634, 0.2634, 0.2634, 0.2634, 0.2634, 0.2634, 0.2634, 0.0597, 0.0597, 0.0597, 0.0597, 0.0597, 0.0597, 0.0597, 0.0597, 0.0597, 0.0597, 0.2178, 0.2178, 0.2178, 0.2178, 0.2178, 0.2178, 0.2178, 0.2178, 0.2178, 0.2178, 0.083, 0.083, 0.083, 0.083, 0.083, 0.083, 0.083, 0.083, 0.083, 0.083, 0.2896, 0.2896, 0.2896, 0.2896, 0.2896, 0.2896, 0.2896, 0.2896, 0.2896, 0.2896, 0.3138, 0.3138, 0.3138, 0.3138, 0.3138, 0.3138, 0.3138, 0.3138, 0.3138, 0.3138, 0.1967, 0.1967, 0.1967, 0.1967, 0.1967, 0.1967, 0.1967, 0.1967, 0.1967, 0.1967, 0.0099, 0.0099, 0.0099, 0.0099, 0.0099, 0.0099, 0.0099, 0.0099, 0.0099, 0.0099, 0.1833, 0.1833, 0.1833, 0.1833, 0.1833, 0.1833, 0.1833, 0.1833, 0.1833, 0.1833, 0.1445, 0.1445, 0.1445, 0.1445, 0.1445, 0.1445, 0.1445, 0.1445, 0.1445, 0.1445, 0.0358, 0.0358, 0.0358, 0.0358, 0.0358, 0.0358, 0.0358, 0.0358, 0.0358, 0.0358, 0.3261, 0.3261, 0.3261, 0.3261, 0.3261, 0.3261, 0.3261, 0.3261, 0.3261, 0.3261, 0.3079, 0.3079, 0.3079, 0.3079, 0.3079, 0.3079, 0.3079, 0.3079, 0.3079, 0.3079, 0.2177, 0.2177, 0.2177, 0.2177, 0.2177, 0.2177, 0.2177, 0.2177, 0.2177, 0.2177, 0.1906, 0.1906, 0.1906, 0.1906, 0.1906, 0.1906, 0.1906, 0.1906, 0.1906, 0.1906, 0.0127, 0.0127, 0.0127, 0.0127, 0.0127, 0.0127, 0.0127, 0.0127, 0.0127, 0.0127, 0.0935, 0.0935, 0.0935, 0.0935, 0.0935, 0.0935, 0.0935, 0.0935, 0.0935, 0.0935, 0.1426, 0.1426, 0.1426, 0.1426, 0.1426, 0.1426, 0.1426, 0.1426, 0.1426, 0.1426, 0.289, 0.289, 0.289, 0.289, 0.289, 0.289, 0.289, 0.289, 0.289, 0.289, 0.1615, 0.1615, 0.1615, 0.1615, 0.1615, 0.1615, 0.1615, 0.1615, 0.1615, 0.1615, 0.2196, 0.2196, 0.2196, 0.2196, 0.2196, 0.2196, 0.2196, 0.2196, 0.2196, 0.2196, 0.2294, 0.2294, 0.2294, 0.2294, 0.2294, 0.2294, 0.2294, 0.2294, 0.2294, 0.2294, 0.266, 0.266, 0.266, 0.266, 0.266, 0.266, 0.266, 0.266, 0.266, 0.266, 0.137, 0.137, 0.137, 0.137, 0.137, 0.137, 0.137, 0.137, 0.137, 0.137, 0.2252, 0.2252, 0.2252, 0.2252, 0.2252, 0.2252, 0.2252, 0.2252, 0.2252, 0.2252, 0.1442, 0.1442, 0.1442, 0.1442, 0.1442, 0.1442, 0.1442, 0.1442, 0.1442, 0.1442, 0.0277, 0.0277, 0.0277, 0.0277, 0.0277, 0.0277, 0.0277, 0.0277, 0.0277, 0.0277, 0.1664, 0.1664, 0.1664, 0.1664, 0.1664, 0.1664, 0.1664, 0.1664, 0.1664, 0.1664, 0.249, 0.249, 0.249, 0.249, 0.249, 0.249, 0.249, 0.249, 0.249, 0.249, 0.212, 0.212, 0.212, 0.212, 0.212, 0.212, 0.212, 0.212, 0.212, 0.212, 0.0587, 0.0587, 0.0587, 0.0587, 0.0587, 0.0587, 0.0587, 0.0587, 0.0587, 0.0587, 0.2012, 0.2012, 0.2012, 0.2012, 0.2012, 0.2012, 0.2012, 0.2012, 0.2012, 0.2012, 0.118, 0.118, 0.118, 0.118, 0.118, 0.118, 0.118, 0.118, 0.118, 0.118, 0.1264, 0.1264, 0.1264, 0.1264, 0.1264, 0.1264, 0.1264, 0.1264, 0.1264, 0.1264, 0.2338, 0.2338, 0.2338, 0.2338, 0.2338, 0.2338, 0.2338, 0.2338, 0.2338, 0.2338, 0.0075, 0.0075, 0.0075, 0.0075, 0.0075, 0.0075, 0.0075, 0.0075, 0.0075, 0.0075, 0.2149, 0.2149, 0.2149, 0.2149, 0.2149, 0.2149, 0.2149, 0.2149, 0.2149, 0.2149, 0.0066, 0.0066, 0.0066, 0.0066, 0.0066, 0.0066, 0.0066, 0.0066, 0.0066, 0.0066, 0.24, 0.24, 0.24, 0.24, 0.24, 0.24, 0.24, 0.24, 0.24, 0.24, 0.007, 0.007, 0.007, 0.007, 0.007, 0.007, 0.007, 0.007, 0.007, 0.007, 0.3787, 0.3787, 0.3787, 0.3787, 0.3787, 0.3787, 0.3787, 0.3787, 0.3787, 0.3787, 0.2025, 0.2025, 0.2025, 0.2025, 0.2025, 0.2025, 0.2025, 0.2025, 0.2025, 0.2025, 0.0105, 0.0105, 0.0105, 0.0105, 0.0105, 0.0105, 0.0105, 0.0105, 0.0105, 0.0105, 0.117, 0.117, 0.117, 0.117, 0.117, 0.117, 0.117, 0.117, 0.117, 0.117, 0.1645, 0.1645, 0.1645, 0.1645, 0.1645, 0.1645, 0.1645, 0.1645, 0.1645, 0.1645, 0.2563, 0.2563, 0.2563, 0.2563, 0.2563, 0.2563, 0.2563, 0.2563, 0.2563, 0.2563, 0.3868, 0.3868, 0.3868, 0.3868, 0.3868, 0.3868, 0.3868, 0.3868, 0.3868, 0.3868, 0.1286, 0.1286, 0.1286, 0.1286, 0.1286, 0.1286, 0.1286, 0.1286, 0.1286, 0.1286, 0.1543, 0.1543, 0.1543, 0.1543, 0.1543, 0.1543, 0.1543, 0.1543, 0.1543, 0.1543, 0.199, 0.199, 0.199, 0.199, 0.199, 0.199, 0.199, 0.199, 0.199, 0.199, 0.192, 0.192, 0.192, 0.192, 0.192, 0.192, 0.192, 0.192, 0.192, 0.192, 0.0749, 0.0749, 0.0749, 0.0749, 0.0749, 0.0749, 0.0749, 0.0749, 0.0749, 0.0749, 0.1659, 0.1659, 0.1659, 0.1659, 0.1659, 0.1659, 0.1659, 0.1659, 0.1659, 0.1659, 0.1414, 0.1414, 0.1414, 0.1414, 0.1414, 0.1414, 0.1414, 0.1414, 0.1414, 0.1414, 0.0082, 0.0082, 0.0082, 0.0082, 0.0082, 0.0082, 0.0082, 0.0082, 0.0082, 0.0082, 0.3921, 0.3921, 0.3921, 0.3921, 0.3921, 0.3921, 0.3921, 0.3921, 0.3921, 0.3921, 0.2337, 0.2337, 0.2337, 0.2337, 0.2337, 0.2337, 0.2337, 0.2337, 0.2337, 0.2337, 0.0797, 0.0797, 0.0797, 0.0797, 0.0797, 0.0797, 0.0797, 0.0797, 0.0797, 0.0797, 0.2342, 0.2342, 0.2342, 0.2342, 0.2342, 0.2342, 0.2342, 0.2342, 0.2342, 0.2342, 0.0555, 0.0555, 0.0555, 0.0555, 0.0555, 0.0555, 0.0555, 0.0555, 0.0555, 0.0555, 0.0318, 0.0318, 0.0318, 0.0318, 0.0318, 0.0318, 0.0318, 0.0318, 0.0318, 0.0318, 0.0717, 0.0717, 0.0717, 0.0717, 0.0717, 0.0717, 0.0717, 0.0717, 0.0717, 0.0717, 0.1309, 0.1309, 0.1309, 0.1309, 0.1309, 0.1309, 0.1309, 0.1309, 0.1309, 0.1309, 0.2045, 0.2045, 0.2045, 0.2045, 0.2045, 0.2045, 0.2045, 0.2045, 0.2045, 0.2045, 0.157, 0.157, 0.157, 0.157, 0.157, 0.157, 0.157, 0.157, 0.157, 0.157, 0.2536, 0.2536, 0.2536, 0.2536, 0.2536, 0.2536, 0.2536, 0.2536, 0.2536, 0.2536, 0.16, 0.16, 0.16, 0.16, 0.16, 0.16, 0.16, 0.16, 0.16, 0.16, 0.2177, 0.2177, 0.2177, 0.2177, 0.2177, 0.2177, 0.2177, 0.2177, 0.2177, 0.2177, 0.1547, 0.1547, 0.1547, 0.1547, 0.1547, 0.1547, 0.1547, 0.1547, 0.1547, 0.1547, 0.2045, 0.2045, 0.2045, 0.2045, 0.2045, 0.2045, 0.2045, 0.2045, 0.2045, 0.2045, 0.2239, 0.2239, 0.2239, 0.2239, 0.2239, 0.2239, 0.2239, 0.2239, 0.2239, 0.2239, 0.3936, 0.3936, 0.3936, 0.3936, 0.3936, 0.3936, 0.3936, 0.3936, 0.3936, 0.3936, 0.6392, 0.6392, 0.6392, 0.6392, 0.6392, 0.6392, 0.6392, 0.6392, 0.6392, 0.6392, 0.273, 0.273, 0.273, 0.273, 0.273, 0.273, 0.273, 0.273, 0.273, 0.273, 0.4041, 0.4041, 0.4041, 0.4041, 0.4041, 0.4041, 0.4041, 0.4041, 0.4041, 0.4041, 0.214, 0.214, 0.214, 0.214, 0.214, 0.214, 0.214, 0.214, 0.214, 0.214, 0.0959, 0.0959, 0.0959, 0.0959, 0.0959, 0.0959, 0.0959, 0.0959, 0.0959, 0.0959, 0.0171, 0.0171, 0.0171, 0.0171, 0.0171, 0.0171, 0.0171, 0.0171, 0.0171, 0.0171, 0.3752, 0.3752, 0.3752, 0.3752, 0.3752, 0.3752, 0.3752, 0.3752, 0.3752, 0.3752, 0.2674, 0.2674, 0.2674, 0.2674, 0.2674, 0.2674, 0.2674, 0.2674, 0.2674, 0.2674, 0.1257, 0.1257, 0.1257, 0.1257, 0.1257, 0.1257, 0.1257, 0.1257, 0.1257, 0.1257, 0.2576, 0.2576, 0.2576, 0.2576, 0.2576, 0.2576, 0.2576, 0.2576, 0.2576, 0.2576, 0.2995, 0.2995, 0.2995, 0.2995, 0.2995, 0.2995, 0.2995, 0.2995, 0.2995, 0.2995, 0.1653, 0.1653, 0.1653, 0.1653, 0.1653, 0.1653, 0.1653, 0.1653, 0.1653, 0.1653, 0.2764, 0.2764, 0.2764, 0.2764, 0.2764, 0.2764, 0.2764, 0.2764, 0.2764, 0.2764, 0.0893, 0.0893, 0.0893, 0.0893, 0.0893, 0.0893, 0.0893, 0.0893, 0.0893, 0.0893, 0.2272, 0.2272, 0.2272, 0.2272, 0.2272, 0.2272, 0.2272, 0.2272, 0.2272, 0.2272, 0.1351, 0.1351, 0.1351, 0.1351, 0.1351, 0.1351, 0.1351, 0.1351, 0.1351, 0.1351, 0.3417, 0.3417, 0.3417, 0.3417, 0.3417, 0.3417, 0.3417, 0.3417, 0.3417, 0.3417, 0.1199, 0.1199, 0.1199, 0.1199, 0.1199, 0.1199, 0.1199, 0.1199, 0.4556, 0.4556, 0.4556, 0.4556, 0.4556, 0.4556, 0.4556, 0.4556, 0.4556, 0.4556, 0.2827, 0.2827, 0.2827, 0.2827, 0.2827, 0.2827, 0.2827, 0.2827, 0.2827, 0.2827, 0.2177, 0.2177, 0.2177, 0.2177, 0.2177, 0.2177, 0.2177, 0.2177, 0.2177, 0.2177, 0.0289, 0.0289, 0.0289, 0.0289, 0.0289, 0.0289, 0.0289, 0.0289, 0.0289, 0.0289, 0.2611, 0.2611, 0.2611, 0.2611, 0.2611, 0.2611, 0.2611, 0.2611, 0.2611, 0.2611, 0.1784, 0.1784, 0.1784, 0.1784, 0.1784, 0.1784, 0.1784, 0.1784, 0.1784, 0.1784, 0.108, 0.108, 0.108, 0.108, 0.108, 0.108, 0.108, 0.108, 0.108, 0.108, 0.0808, 0.0808, 0.0808, 0.0808, 0.0808, 0.0808, 0.0808, 0.0808, 0.0808, 0.0808, 0.3499, 0.3499, 0.3499, 0.3499, 0.3499, 0.3499, 0.3499, 0.3499, 0.3499, 0.3499, 0.1408, 0.1408, 0.1408, 0.1408, 0.1408, 0.1408, 0.1408, 0.1408, 0.1408, 0.1408, 0.0084, 0.0084, 0.0084, 0.0084, 0.0084, 0.0084, 0.0084, 0.0084, 0.0084, 0.0084, 0.1484, 0.1484, 0.1484, 0.1484, 0.1484, 0.1484, 0.1484, 0.1484, 0.1484, 0.1484, 0.008, 0.008, 0.008, 0.008, 0.008, 0.008, 0.008, 0.008, 0.008, 0.008, 0.1792, 0.1792, 0.1792, 0.1792, 0.1792, 0.1792, 0.1792, 0.1792, 0.1792, 0.1792, 0.0783, 0.0783, 0.0783, 0.0783, 0.0783, 0.0783, 0.0783, 0.0783, 0.0783, 0.0783, 0.007, 0.007, 0.007, 0.007, 0.007, 0.007, 0.007, 0.007, 0.007, 0.007, 0.086, 0.086, 0.086, 0.086, 0.086, 0.086, 0.086, 0.086, 0.086, 0.086, 0.1763, 0.1763, 0.1763, 0.1763, 0.1763, 0.1763, 0.1763, 0.1763, 0.1763, 0.1763, 0.163, 0.163, 0.163, 0.163, 0.163, 0.163, 0.163, 0.163, 0.163, 0.163, 0.0871, 0.0871, 0.0871, 0.0871, 0.0871, 0.0871, 0.0871, 0.0871, 0.0871, 0.0871, 0.2252, 0.2252, 0.2252, 0.2252, 0.2252, 0.2252, 0.2252, 0.2252, 0.2252, 0.2252, 0.0052, 0.0052, 0.0052, 0.0052, 0.0052, 0.0052, 0.0052, 0.0052, 0.0052, 0.0052, 0.0049, 0.0049, 0.0049, 0.0049, 0.0049, 0.0049, 0.0049, 0.0049, 0.0049, 0.0049, 0.126, 0.126, 0.126, 0.126, 0.126, 0.126, 0.126, 0.126, 0.126, 0.126, 0.0269, 0.0269, 0.0269, 0.0269, 0.0269, 0.0269, 0.0269, 0.0269, 0.0269, 0.0269, 0.0734, 0.0734, 0.0734, 0.0734, 0.0734, 0.0734, 0.0734, 0.0734, 0.0734, 0.0734, 0.0039, 0.0039, 0.0039, 0.0039, 0.0039, 0.0039, 0.0039, 0.0039, 0.0039, 0.0039, 0.1576, 0.1576, 0.1576, 0.1576, 0.1576, 0.1576, 0.1576, 0.1576, 0.1576, 0.1576, 0.1798, 0.1798, 0.1798, 0.1798, 0.1798, 0.1798, 0.1798, 0.1798, 0.1798, 0.1798, 0.1523, 0.1523, 0.1523, 0.1523, 0.1523, 0.1523, 0.1523, 0.1523, 0.1523, 0.1523, 0.2004, 0.2004, 0.2004, 0.2004, 0.2004, 0.2004, 0.2004, 0.2004, 0.2004, 0.2004, 0.2334, 0.2334, 0.2334, 0.2334, 0.2334, 0.2334, 0.2334, 0.2334, 0.2334, 0.2334, 0.152, 0.152, 0.152, 0.152, 0.152, 0.152, 0.152, 0.152, 0.152, 0.152, 0.0751, 0.0751, 0.0751, 0.0751, 0.0751, 0.0751, 0.0751, 0.0751, 0.0751, 0.0751, 0.251, 0.251, 0.251, 0.251, 0.251, 0.251, 0.251, 0.251, 0.251, 0.251, 0.144, 0.144, 0.144, 0.144, 0.144, 0.144, 0.144, 0.144, 0.144, 0.144, 0.2307, 0.2307, 0.2307, 0.2307, 0.2307, 0.2307, 0.2307, 0.2307, 0.2307, 0.2307, 0.5759, 0.5759, 0.5759, 0.5759, 0.5759, 0.5759, 0.5759, 0.5759, 0.5759, 0.5759, 0.2683, 0.2683, 0.2683, 0.2683, 0.2683, 0.2683, 0.2683, 0.2683, 0.2683, 0.2683, 0.2476, 0.2476, 0.2476, 0.2476, 0.2476, 0.2476, 0.2476, 0.2476, 0.2476, 0.2476, 0.0864, 0.0864, 0.0864, 0.0864, 0.0864, 0.0864, 0.0864, 0.0864, 0.0864, 0.0864, 0.24, 0.24, 0.24, 0.24, 0.24, 0.24, 0.24, 0.24, 0.24, 0.24, 0.131, 0.131, 0.131, 0.131, 0.131, 0.131, 0.131, 0.131, 0.131, 0.131, 0.0706, 0.0706, 0.0706, 0.0706, 0.0706, 0.0706, 0.0706, 0.0706, 0.0706, 0.0706, 0.1294, 0.1294, 0.1294, 0.1294, 0.1294, 0.1294, 0.1294, 0.1294, 0.1294, 0.1294, 0.3003, 0.3003, 0.3003, 0.3003, 0.3003, 0.3003, 0.3003, 0.3003, 0.3003, 0.3003, 0.0737, 0.0737, 0.0737, 0.0737, 0.0737, 0.0737, 0.0737, 0.0737, 0.0737, 0.0737, 0.1633, 0.1633, 0.1633, 0.1633, 0.1633, 0.1633, 0.1633, 0.1633, 0.1633, 0.1633, 0.0199, 0.0199, 0.0199, 0.0199, 0.0199, 0.0199, 0.0199, 0.0199, 0.0199, 0.0199, 0.0155, 0.0155, 0.0155, 0.0155, 0.0155, 0.0155, 0.0155, 0.0155, 0.0155, 0.0155, 0.1333, 0.1333, 0.1333, 0.1333, 0.1333, 0.1333, 0.1333, 0.1333, 0.1333, 0.1333, 0.2621, 0.2621, 0.2621, 0.2621, 0.2621, 0.2621, 0.2621, 0.2621, 0.2621, 0.2621, 0.0617, 0.0617, 0.0617, 0.0617, 0.0617, 0.0617, 0.0617, 0.0617, 0.0617, 0.0617, 0.0818, 0.0818, 0.0818, 0.0818, 0.0818, 0.0818, 0.0818, 0.0818, 0.0818, 0.0818, 0.073, 0.073, 0.073, 0.073, 0.073, 0.073, 0.073, 0.073, 0.073, 0.073, 0.4006, 0.4006, 0.4006, 0.4006, 0.4006, 0.4006, 0.4006, 0.4006, 0.4006, 0.4006, 0.2405, 0.2405, 0.2405, 0.2405, 0.2405, 0.2405, 0.2405, 0.2405, 0.2405, 0.2405, 0.2462, 0.2462, 0.2462, 0.2462, 0.2462, 0.2462, 0.2462, 0.2462, 0.2462, 0.2462, 0.0079, 0.0079, 0.0079, 0.0079, 0.0079, 0.0079, 0.0079, 0.0079, 0.0079, 0.0079, 0.3562, 0.3562, 0.3562, 0.3562, 0.3562, 0.3562, 0.3562, 0.3562, 0.3562, 0.3562, 0.239, 0.239, 0.239, 0.239, 0.239, 0.239, 0.239, 0.239, 0.239, 0.239, 0.3961, 0.3961, 0.3961, 0.3961, 0.3961, 0.3961, 0.3961, 0.3961, 0.3961, 0.3961, 0.1654, 0.1654, 0.1654, 0.1654, 0.1654, 0.1654, 0.1654, 0.1654, 0.1654, 0.1654, 0.0857, 0.0857, 0.0857, 0.0857, 0.0857, 0.0857, 0.0857, 0.0857, 0.0857, 0.0857, 0.2962, 0.2962, 0.2962, 0.2962, 0.2962, 0.2962, 0.2962, 0.2962, 0.2962, 0.2962, 0.0843, 0.0843, 0.0843, 0.0843, 0.0843, 0.0843, 0.0843, 0.0843, 0.0843, 0.0843, 0.0756, 0.0756, 0.0756, 0.0756, 0.0756, 0.0756, 0.0756, 0.0756, 0.0756, 0.0756, 0.2143, 0.2143, 0.2143, 0.2143, 0.2143, 0.2143, 0.2143, 0.2143, 0.2143, 0.2143, 0.0742, 0.0742, 0.0742, 0.0742, 0.0742, 0.0742, 0.0742, 0.0742, 0.0742, 0.0742, 0.2235, 0.2235, 0.2235, 0.2235, 0.2235, 0.2235, 0.2235, 0.2235, 0.2235, 0.2235, 0.3434, 0.3434, 0.3434, 0.3434, 0.3434, 0.3434, 0.3434, 0.3434, 0.3434, 0.3434, 0.1862, 0.1862, 0.1862, 0.1862, 0.1862, 0.1862, 0.1862, 0.1862, 0.1862, 0.1862, 0.0414, 0.0414, 0.0414, 0.0414, 0.0414, 0.0414, 0.0414, 0.0414, 0.0414, 0.0414, 0.2094, 0.2094, 0.2094, 0.2094, 0.2094, 0.2094, 0.2094, 0.2094, 0.2094, 0.2094, 0.0078, 0.0078, 0.0078, 0.0078, 0.0078, 0.0078, 0.0078, 0.0078, 0.0078, 0.0078, 0.1561, 0.1561, 0.1561, 0.1561, 0.1561, 0.1561, 0.1561, 0.1561, 0.1561, 0.1561, 0.0782, 0.0782, 0.0782, 0.0782, 0.0782, 0.0782, 0.0782, 0.0782, 0.0782, 0.0782, 0.1295, 0.1295, 0.1295, 0.1295, 0.1295, 0.1295, 0.077, 0.077, 0.077, 0.077, 0.077, 0.077, 0.077, 0.077, 0.077, 0.077, 0.0802, 0.0802, 0.0802, 0.0802, 0.0802, 0.0802, 0.0802, 0.0802, 0.0802, 0.0802, 0.1474, 0.1474, 0.1474, 0.1474, 0.1474, 0.1474, 0.1474, 0.1474, 0.1474, 0.1474, 0.0767, 0.0767, 0.0767, 0.0767, 0.0767, 0.0767, 0.0767, 0.0767, 0.0767, 0.0767, 0.0775, 0.0775, 0.0775, 0.0775, 0.0775, 0.0775, 0.0775, 0.0775, 0.0775, 0.0775, 0.0047, 0.0047, 0.0047, 0.0047, 0.0047, 0.0047, 0.0047, 0.0047, 0.0047, 0.0047, 0.0648, 0.0648, 0.0648, 0.0648, 0.0648, 0.0648, 0.0648, 0.0648, 0.0648, 0.0648, 0.0731, 0.0731, 0.0731, 0.0731, 0.0731, 0.0731, 0.0731, 0.0731, 0.0731, 0.0731, 0.107, 0.107, 0.107, 0.107, 0.107, 0.107, 0.107, 0.107, 0.107, 0.107, 0.15, 0.15, 0.15, 0.15, 0.15, 0.15, 0.15, 0.15, 0.15, 0.15, 0.1665, 0.1665, 0.1665, 0.1665, 0.1665, 0.1665, 0.1665, 0.1665, 0.1665, 0.1665, 0.0044, 0.0044, 0.0044, 0.0044, 0.0044, 0.0044, 0.0044, 0.0044, 0.0044, 0.0044, 0.1684, 0.1684, 0.1684, 0.1684, 0.1684, 0.1684, 0.1684, 0.1684, 0.1684, 0.1684, 0.1712, 0.1712, 0.1712, 0.1712, 0.1712, 0.1712, 0.1712, 0.1712, 0.1712, 0.1712, 0.0035, 0.0035, 0.0035, 0.0035, 0.0035, 0.0035, 0.0035, 0.0035, 0.0035, 0.0035, 0.2415, 0.2415, 0.2415, 0.2415, 0.2415, 0.2415, 0.2415, 0.2415, 0.2415, 0.2415, 0.1553, 0.1553, 0.1553, 0.1553, 0.1553, 0.1553, 0.1553, 0.1553, 0.1553, 0.1553, 0.3199, 0.3199, 0.3199, 0.3199, 0.3199, 0.3199, 0.3199, 0.3199, 0.3199, 0.3199, 0.1704, 0.1704, 0.1704, 0.1704, 0.1704, 0.1704, 0.1704, 0.1704, 0.1704, 0.1704, 0.0169, 0.0169, 0.0169, 0.0169, 0.0169, 0.0169, 0.0169, 0.0169, 0.0169, 0.0169, 0.0862, 0.0862, 0.0862, 0.0862, 0.0862, 0.0862, 0.0862, 0.0862, 0.0862, 0.0862, 0.3281, 0.3281, 0.3281, 0.3281, 0.3281, 0.3281, 0.3281, 0.3281, 0.3281, 0.3281, 0.0054, 0.0054, 0.0054, 0.0054, 0.0054, 0.0054, 0.0054, 0.0054, 0.0054, 0.0054, 0.1521, 0.1521, 0.1521, 0.1521, 0.1521, 0.1521, 0.1521, 0.1521, 0.1521, 0.1521, 0.0048, 0.0048, 0.0048, 0.0048, 0.0048, 0.0048, 0.0048, 0.0048, 0.0048, 0.0048, 0.005, 0.005, 0.005, 0.005, 0.005, 0.005, 0.005, 0.005, 0.005, 0.005, 0.1595, 0.1595, 0.1595, 0.1595, 0.1595, 0.1595, 0.1595, 0.1595, 0.1595, 0.1595, 0.0833, 0.0833, 0.0833, 0.0833, 0.0833, 0.0833, 0.0833, 0.0833, 0.0833, 0.0833, 0.1491, 0.1491, 0.1491, 0.1491, 0.1491, 0.1491, 0.1491, 0.1491, 0.1491, 0.1491, 0.0044, 0.0044, 0.0044, 0.0044, 0.0044, 0.0044, 0.0044, 0.0044, 0.0044, 0.0044, 0.1623, 0.1623, 0.1623, 0.1623, 0.1623, 0.1623, 0.1623, 0.1623, 0.1623, 0.1623, 0.2467, 0.2467, 0.2467, 0.2467, 0.2467, 0.2467, 0.2467, 0.2467, 0.2467, 0.2467, 0.0778, 0.0778, 0.0778, 0.0778, 0.0778, 0.0778, 0.0778, 0.0778, 0.0778, 0.0778, 0.2254, 0.2254, 0.2254, 0.2254, 0.2254, 0.2254, 0.2254, 0.2254, 0.2254, 0.2254, 0.0715, 0.0715, 0.0715, 0.0715, 0.0715, 0.0715, 0.0715, 0.0715, 0.0715, 0.0715, 0.2277, 0.2277, 0.2277, 0.2277, 0.2277, 0.2277, 0.2277, 0.2277, 0.2277, 0.2277, 0.0857, 0.0857, 0.0857, 0.0857, 0.0857, 0.0857, 0.0857, 0.0857, 0.0857, 0.0857, 0.0696, 0.0696, 0.0696, 0.0696, 0.0696, 0.0696, 0.0696, 0.0696, 0.0696, 0.0696, 0.0861, 0.0861, 0.0861, 0.0861, 0.0861, 0.0861, 0.0861, 0.0861, 0.0861, 0.0861, 0.1609, 0.1609, 0.1609, 0.1609, 0.1609, 0.1609, 0.1609, 0.1609, 0.1609, 0.1609, 0.0056, 0.0056, 0.0056, 0.0056, 0.0056, 0.0056, 0.0056, 0.0056, 0.0056, 0.0056, 0.1497, 0.1497, 0.1497, 0.1497, 0.1497, 0.1497, 0.1497, 0.1497, 0.1497, 0.1497, 0.2775, 0.2775, 0.2775, 0.2775, 0.2775, 0.2775, 0.2775, 0.2775, 0.2775, 0.2775, 0.0057, 0.0057, 0.0057, 0.0057, 0.0057, 0.0057, 0.0057, 0.0057, 0.0057, 0.0057, 0.076, 0.076, 0.076, 0.076, 0.076, 0.076, 0.076, 0.076, 0.076, 0.076, 0.148, 0.148, 0.148, 0.148, 0.148, 0.148, 0.148, 0.148, 0.148, 0.148, 0.1807, 0.1807, 0.1807, 0.1807, 0.1807, 0.1807, 0.1807, 0.1807, 0.1807, 0.1807, 0.189, 0.189, 0.189, 0.189, 0.189, 0.189, 0.189, 0.189, 0.189, 0.189, 0.2206, 0.2206, 0.2206, 0.2206, 0.2206, 0.2206, 0.2206, 0.2206, 0.2206, 0.2206, 0.1785, 0.1785, 0.1785, 0.1785, 0.1785, 0.1785, 0.1785, 0.1785, 0.1785, 0.1785, 0.0919, 0.0919, 0.0919, 0.0919, 0.0919, 0.0919, 0.0919, 0.0919, 0.0919, 0.0919, 0.0714, 0.0714, 0.0714, 0.0714, 0.0714, 0.0714, 0.0714, 0.0714, 0.0714, 0.0714, 0.0869, 0.0869, 0.0869, 0.0869, 0.0869, 0.0869, 0.0869, 0.0869, 0.0869, 0.0869, 0.0054, 0.0054, 0.0054, 0.0054, 0.0054, 0.0054, 0.0054, 0.0054, 0.0054, 0.0054, 0.0859, 0.0859, 0.0859, 0.0859, 0.0859, 0.0859, 0.0859, 0.0859, 0.0859, 0.0859, 0.0047, 0.0047, 0.0047, 0.0047, 0.0047, 0.0047, 0.0047, 0.0047, 0.0047, 0.0047, 0.1778, 0.1778, 0.1778, 0.1778, 0.1778, 0.1778, 0.1778, 0.1778, 0.1778, 0.1778, 0.2338, 0.2338, 0.2338, 0.2338, 0.2338, 0.2338, 0.2338, 0.2338, 0.2338, 0.2338, 0.1586, 0.1586, 0.1586, 0.1586, 0.1586, 0.1586, 0.1586, 0.1586, 0.1586, 0.1586, 0.0899, 0.0899, 0.0899, 0.0899, 0.0899, 0.0899, 0.0899, 0.0899, 0.0899, 0.0899, 0.321, 0.321, 0.321, 0.321, 0.321, 0.321, 0.321, 0.321, 0.321, 0.321, 0.2621, 0.2621, 0.2621, 0.2621, 0.2621, 0.2621, 0.2621, 0.2621, 0.2621, 0.2621, 0.006, 0.006, 0.006, 0.006, 0.006, 0.006, 0.006, 0.006, 0.006, 0.006, 0.0862, 0.0862, 0.0862, 0.0862, 0.0862, 0.0862, 0.0862, 0.0862, 0.0862, 0.0862, 0.1489, 0.1489, 0.1489, 0.1489, 0.1489, 0.1489, 0.1489, 0.1489, 0.1489, 0.1489, 0.15, 0.15, 0.15, 0.15, 0.15, 0.15, 0.15, 0.15, 0.15, 0.15, 0.1068, 0.1068, 0.1068, 0.1068, 0.1068, 0.1068, 0.1068, 0.1068, 0.1068, 0.1068, 0.1731, 0.1731, 0.1731, 0.1731, 0.1731, 0.1731, 0.1731, 0.1731, 0.1731, 0.1731, 0.0869, 0.0869, 0.0869, 0.0869, 0.0869, 0.0869, 0.0869, 0.0869, 0.0869, 0.0869, 0.0966, 0.0966, 0.0966, 0.0966, 0.0966, 0.0966, 0.0966, 0.0966, 0.0966, 0.0966, 0.2493, 0.2493, 0.2493, 0.2493, 0.2493, 0.2493, 0.2493, 0.2493, 0.2493, 0.2493, 0.0049, 0.0049, 0.0049, 0.0049, 0.0049, 0.0049, 0.0049, 0.0049, 0.0049, 0.0049, 0.0047, 0.0047, 0.0047, 0.0047, 0.0047, 0.0047, 0.0047, 0.0047, 0.0047, 0.0047, 0.1704, 0.1704, 0.1704, 0.1704, 0.1704, 0.1704, 0.1704, 0.1704, 0.1704, 0.1704, 0.1525, 0.1525, 0.1525, 0.1525, 0.1525, 0.1525, 0.1525, 0.1525, 0.1525, 0.1525, 0.0053, 0.0053, 0.0053, 0.0053, 0.0053, 0.0053, 0.0053, 0.0053, 0.0053, 0.0053, 0.0766, 0.0766, 0.0766, 0.0766, 0.0766, 0.0766, 0.0766, 0.0766, 0.0766, 0.0766, 0.2087, 0.2087, 0.2087, 0.2087, 0.005, 0.005, 0.005, 0.005, 0.005, 0.005, 0.005, 0.005, 0.005, 0.005, 0.0047, 0.0047, 0.0047, 0.0047, 0.0047, 0.0047, 0.0047, 0.0047, 0.0047, 0.0047, 0.0042, 0.0042, 0.0042, 0.0042, 0.0042, 0.0042, 0.0042, 0.0042, 0.0042, 0.0042, 0.1525, 0.1525, 0.1525, 0.1525, 0.1525, 0.1525, 0.1525, 0.1525, 0.1525, 0.1525, 0.082, 0.082, 0.082, 0.082, 0.082, 0.082, 0.082, 0.082, 0.082, 0.082, 0.0864, 0.0864, 0.0864, 0.0864, 0.0864, 0.0864, 0.0864, 0.0864, 0.0864, 0.0864, 0.1405, 0.1405, 0.1405, 0.1405, 0.1405, 0.1405, 0.1405, 0.1405, 0.1405, 0.1405, 0.0828, 0.0828, 0.0828, 0.0828, 0.0828, 0.0828, 0.0828, 0.0828, 0.0828, 0.0828, 0.0935, 0.0935, 0.0935, 0.0935, 0.0935, 0.0935, 0.0935, 0.0935, 0.0935, 0.0935, 0.0908, 0.0908, 0.0908, 0.0908, 0.0908, 0.0908, 0.0908, 0.0908, 0.0908, 0.0908, 0.1575, 0.1575, 0.1575, 0.1575, 0.1575, 0.1575, 0.1575, 0.1575, 0.1575, 0.1575, 0.1438, 0.1438, 0.1438, 0.1438, 0.1438, 0.1438, 0.1438, 0.1438, 0.1438, 0.1438, 0.1051, 0.1051, 0.1051, 0.1051, 0.1051, 0.1051, 0.1051, 0.1051, 0.1051, 0.1051, 0.1704, 0.1704, 0.1704, 0.1704, 0.1704, 0.1704, 0.1704, 0.1704, 0.1704, 0.1704, 0.005, 0.005, 0.005, 0.005, 0.005, 0.005, 0.005, 0.005, 0.005, 0.005, 0.0885, 0.0885, 0.0885, 0.0885, 0.0885, 0.0885, 0.0885, 0.0885, 0.0885, 0.0885, 0.2547, 0.2547, 0.2547, 0.2547, 0.2547, 0.2547, 0.2547, 0.2547, 0.2547, 0.2547, 0.0813, 0.0813, 0.0813, 0.0813, 0.0813, 0.0813, 0.0813, 0.0813, 0.0813, 0.0813, 0.0784, 0.0784, 0.0784, 0.0784, 0.0784, 0.0784, 0.0784, 0.0784, 0.0784, 0.0784, 0.2847, 0.2847, 0.2847, 0.2847, 0.2847, 0.2847, 0.2847, 0.2847, 0.2847, 0.2847, 0.0867, 0.0867, 0.0867, 0.0867, 0.0867, 0.0867, 0.0867, 0.0867, 0.0867, 0.0867, 0.1613, 0.1613, 0.1613, 0.1613, 0.1613, 0.1613, 0.1613, 0.1613, 0.1613, 0.1613, 0.0055, 0.0055, 0.0055, 0.0055, 0.0055, 0.0055, 0.0055, 0.0055, 0.0055, 0.0055, 0.0938, 0.0938, 0.0938, 0.0938, 0.0938, 0.0938, 0.0938, 0.0938, 0.0938, 0.0938, 0.0046, 0.0046, 0.0046, 0.0046, 0.0046, 0.0046, 0.0046, 0.0046, 0.0046, 0.0046, 0.1499, 0.1499, 0.1499, 0.1499, 0.1499, 0.1499, 0.1499, 0.1499, 0.1499, 0.1499, 0.1444, 0.1444, 0.1444, 0.1444, 0.1444, 0.1444, 0.1444, 0.1444, 0.1444, 0.1444, 0.1491, 0.1491, 0.1491, 0.1491, 0.1491, 0.1491, 0.1491, 0.1491, 0.1491, 0.1491, 0.1259, 0.1259, 0.1259, 0.1259, 0.1259, 0.1259, 0.1259, 0.1259, 0.1259, 0.1259, 0.2215, 0.2215, 0.2215, 0.2215, 0.2215, 0.2215, 0.2215, 0.2215, 0.2215, 0.2215, 0.0064, 0.0064, 0.0064, 0.0064, 0.0064, 0.0064, 0.0064, 0.0064, 0.0064, 0.0064, 0.0783, 0.0783, 0.0783, 0.0783, 0.0783, 0.0783, 0.0783, 0.0783, 0.0783, 0.0783, 0.1448, 0.1448, 0.1448, 0.1448, 0.1448, 0.1448, 0.1448, 0.1448, 0.1448, 0.1448, 0.007, 0.007, 0.007, 0.007, 0.007, 0.007, 0.007, 0.007, 0.007, 0.007, 0.185, 0.185, 0.185, 0.185, 0.185, 0.185, 0.185, 0.185, 0.185, 0.185, 0.0819, 0.0819, 0.0819, 0.0819, 0.0819, 0.0819, 0.0819, 0.0819, 0.0819, 0.0819, 0.3176, 0.3176, 0.3176, 0.3176, 0.3176, 0.3176, 0.3176, 0.3176, 0.3176, 0.3176, 0.0728, 0.0728, 0.0728, 0.0728, 0.0728, 0.0728, 0.0728, 0.0728, 0.0728, 0.0728, 0.0064, 0.0064, 0.0064, 0.0064, 0.0064, 0.0064, 0.0064, 0.0064, 0.0064, 0.0064, 0.3114, 0.3114, 0.3114, 0.3114, 0.3114, 0.3114, 0.3114, 0.3114, 0.3114, 0.3114, 0.0755, 0.0755, 0.0755, 0.0755, 0.0755, 0.0755, 0.0755, 0.0755, 0.0755, 0.0755, 0.1554, 0.1554, 0.1554, 0.1554, 0.1554, 0.1554, 0.1554, 0.1554, 0.1554, 0.1554, 0.0771, 0.0771, 0.0771, 0.0771, 0.0771, 0.0771, 0.0771, 0.0771, 0.0771, 0.0771, 0.1953, 0.1953, 0.1953, 0.1953, 0.1953, 0.1953, 0.1953, 0.1953, 0.1953, 0.1953, 0.0425, 0.0425, 0.0425, 0.0425, 0.0425, 0.0425, 0.0425, 0.0425, 0.0425, 0.0425, 0.0168, 0.0168, 0.0168, 0.0168, 0.0168, 0.0168, 0.0168, 0.0168, 0.0168, 0.0168, 0.0915, 0.0915, 0.0915, 0.0915, 0.0915, 0.0915, 0.0915, 0.0915, 0.0915, 0.0915, 0.0055, 0.0055, 0.0055, 0.0055, 0.0055, 0.0055, 0.0055, 0.0055, 0.0055, 0.0055, 0.091, 0.091, 0.091, 0.091, 0.091, 0.091, 0.091, 0.091, 0.091, 0.091, 0.1598, 0.1598, 0.1598, 0.1598, 0.1598, 0.1598, 0.1598, 0.1598, 0.1598, 0.1598, 0.0921, 0.0921, 0.0921, 0.0921, 0.0921, 0.0921, 0.0921, 0.0921, 0.0921, 0.0921, 0.2369, 0.2369, 0.2369, 0.2369, 0.2369, 0.2369, 0.2369, 0.2369, 0.2369, 0.2369, 0.2172, 0.2172, 0.2172, 0.2172, 0.2172, 0.2172, 0.2172, 0.2172, 0.2172, 0.2172, 0.1673, 0.1673, 0.1673, 0.1673, 0.1673, 0.1673, 0.1673, 0.1673, 0.1673, 0.1673, 0.1555, 0.1555, 0.1555, 0.1555, 0.1555, 0.1555, 0.1555, 0.1555, 0.1555, 0.1555, 0.246, 0.246, 0.246, 0.246, 0.246, 0.246, 0.246, 0.246, 0.246, 0.246, 0.2752, 0.2752, 0.2752, 0.2752, 0.2752, 0.2752, 0.2752, 0.2752, 0.2752, 0.2752, 0.0757, 0.0757, 0.0757, 0.0757, 0.0757, 0.0757, 0.0757, 0.0757, 0.0757, 0.0757, 0.0133, 0.0133, 0.0133, 0.0133, 0.0133, 0.0133, 0.0133, 0.0133, 0.0133, 0.0133, 0.0755, 0.0755, 0.0755, 0.0755, 0.0755, 0.0755, 0.0755, 0.0755, 0.0755, 0.0755, 0.2322, 0.2322, 0.2322, 0.2322, 0.2322, 0.2322, 0.2322, 0.2322, 0.2322, 0.2322, 0.0056, 0.0056, 0.0056, 0.0056, 0.0056, 0.0056, 0.0056, 0.0056, 0.0056, 0.0056, 0.136, 0.136, 0.136, 0.136, 0.136, 0.136, 0.136, 0.136, 0.136, 0.136, 0.0049, 0.0049, 0.0049, 0.0049, 0.0049, 0.0049, 0.0049, 0.0049, 0.0049, 0.0049, 0.1725, 0.1725, 0.1725, 0.1725, 0.1725, 0.1725, 0.1725, 0.1725, 0.1725, 0.1725, 0.0777, 0.0777, 0.0777, 0.0777, 0.0777, 0.0777, 0.0777, 0.0777, 0.0777, 0.0777, 0.0822, 0.0822, 0.0822, 0.0822, 0.0822, 0.0822, 0.0822, 0.0822, 0.0822, 0.0822, 0.0822, 0.0822, 0.0822, 0.0822, 0.0822, 0.0822, 0.0822, 0.0822, 0.0822, 0.0822, 0.1558, 0.1558, 0.1558, 0.1558, 0.1558, 0.1558, 0.1558, 0.1558, 0.1558, 0.1558, 0.1525, 0.1525, 0.1525, 0.1525, 0.1525, 0.1525, 0.1525, 0.1525, 0.1525, 0.1525, 0.005, 0.005, 0.005, 0.005, 0.005, 0.005, 0.005, 0.005, 0.005, 0.005, 0.2729, 0.2729, 0.2729, 0.2729, 0.2729, 0.2729, 0.2729, 0.2729, 0.2729, 0.2729, 0.2723, 0.2723, 0.2723, 0.2723, 0.2723, 0.2723, 0.2723, 0.2723, 0.2723, 0.2723, 0.1615, 0.1615, 0.1615, 0.1615, 0.1615, 0.1615, 0.1615, 0.1615, 0.1615, 0.1615, 0.0775, 0.0775, 0.0775, 0.0775, 0.0775, 0.0775, 0.0775, 0.0775, 0.0775, 0.0775, 0.0747, 0.0747, 0.0747, 0.0747, 0.0747, 0.0747, 0.0747, 0.0747, 0.0747, 0.0747, 0.1568, 0.1568, 0.1568, 0.1568, 0.1568, 0.1568, 0.1568, 0.1568, 0.1568, 0.1568, 0.1489, 0.1489, 0.0052, 0.0052, 0.0052, 0.0052, 0.0052, 0.0052, 0.0052, 0.0052, 0.0052, 0.0052, 0.0842, 0.0842, 0.0842, 0.0842, 0.0842, 0.0842, 0.0842, 0.0842, 0.0842, 0.0842, 0.0414, 0.0414, 0.0414, 0.0414, 0.0414, 0.0414, 0.0414, 0.0414, 0.0414, 0.0414, 0.0064, 0.0064, 0.0064, 0.0064, 0.0064, 0.0064, 0.0064, 0.0064, 0.0064, 0.0064, 0.2946, 0.2946, 0.2946, 0.2946, 0.2946, 0.2946, 0.2946, 0.2946, 0.2946, 0.2946, 0.1219, 0.1219, 0.1219, 0.1219, 0.1219, 0.1219, 0.1219, 0.1219, 0.1219, 0.1219, 0.0046, 0.0046, 0.0046, 0.0046, 0.0046, 0.0046, 0.0046, 0.0046, 0.0046, 0.0046, 0.0881, 0.0881, 0.0881, 0.0881, 0.0881, 0.0881, 0.0881, 0.0881, 0.0881, 0.0881, 0.1837, 0.1837, 0.1837, 0.1837, 0.1837, 0.1837, 0.1837, 0.1837, 0.1837, 0.1837, 0.0762, 0.0762, 0.0762, 0.0762, 0.0762, 0.0762, 0.0762, 0.0762, 0.0762, 0.0762, 0.0516, 0.0516, 0.0516, 0.0516, 0.0516, 0.0516, 0.0516, 0.0516, 0.0516, 0.0516, 0.0165, 0.0165, 0.0165, 0.0165, 0.0165, 0.0165, 0.0165, 0.0165, 0.0165, 0.0165, 0.0844, 0.0844, 0.0844, 0.0844, 0.0844, 0.0844, 0.0844, 0.0844, 0.0844, 0.0844, 0.0751, 0.0751, 0.0751, 0.0751, 0.0751, 0.0751, 0.0751, 0.0751, 0.0751, 0.0751, 0.1809, 0.1809, 0.1809, 0.1809, 0.1809, 0.1809, 0.1809, 0.1809, 0.1809, 0.1809, 0.0866, 0.0866, 0.0866, 0.0866, 0.0866, 0.0866, 0.0866, 0.0866, 0.0866, 0.0866, 0.088, 0.088, 0.088, 0.088, 0.088, 0.088, 0.088, 0.088, 0.088, 0.088, 0.2265, 0.2265, 0.2265, 0.2265, 0.2265, 0.2265, 0.2265, 0.2265, 0.2265, 0.2265, 0.1582, 0.1582, 0.1582, 0.1582, 0.1582, 0.1582, 0.1582, 0.1582, 0.1582, 0.1582, 0.0765, 0.0765, 0.0765, 0.0765, 0.0765, 0.0765, 0.0765, 0.0765, 0.0765, 0.0765, 0.0783, 0.0783, 0.0783, 0.0783, 0.0783, 0.0783, 0.0783, 0.0783, 0.0783, 0.0783, 0.3723, 0.3723, 0.3723, 0.3723, 0.3723, 0.3723, 0.3723, 0.3723, 0.3723, 0.3723, 0.0767, 0.0767, 0.0767, 0.0767, 0.0767, 0.0767, 0.0767, 0.0767, 0.0767, 0.0767, 0.1509, 0.1509, 0.1509, 0.1509, 0.1509, 0.1509, 0.1509, 0.1509, 0.1509, 0.1509, 0.0047, 0.0047, 0.0047, 0.0047, 0.0047, 0.0047, 0.0047, 0.0047, 0.0047, 0.0047, 0.1352, 0.1352, 0.1352, 0.1352, 0.1352, 0.1352, 0.1352, 0.1352, 0.1352, 0.1352, 0.0759, 0.0759, 0.0759, 0.0759, 0.0759, 0.0759, 0.0759, 0.0759, 0.0759, 0.0759, 0.0049, 0.0049, 0.0049, 0.0049, 0.0049, 0.0049, 0.0049, 0.0049, 0.0049, 0.0049, 0.1447, 0.1447, 0.1447, 0.1447, 0.1447, 0.1447, 0.1447, 0.1447, 0.1447, 0.1447, 0.0144, 0.0144, 0.0144, 0.0144, 0.0144, 0.0144, 0.0144, 0.0144, 0.0144, 0.0144, 0.0046, 0.0046, 0.0046, 0.0046, 0.0046, 0.0046, 0.0046, 0.0046, 0.0046, 0.0046, 0.0769, 0.0769, 0.0769, 0.0769, 0.0769, 0.0769, 0.0769, 0.0769, 0.0769, 0.0769, 0.0043, 0.0043, 0.0043, 0.0043, 0.0043, 0.0043, 0.0043, 0.0043, 0.0043, 0.0043, 0.0746, 0.0746, 0.0746, 0.0746, 0.0746, 0.0746, 0.0746, 0.0746, 0.0746, 0.0746, 0.1489, 0.1489, 0.1489, 0.1489, 0.1489, 0.1489, 0.1489, 0.1489, 0.1489, 0.1489, 0.2042, 0.2042, 0.2042, 0.2042, 0.2042, 0.2042, 0.2042, 0.2042, 0.2042, 0.2042, 0.004, 0.004, 0.004, 0.004, 0.004, 0.004, 0.004, 0.004, 0.004, 0.004, 0.0046, 0.0046, 0.0046, 0.0046, 0.0046, 0.0046, 0.0046, 0.0046, 0.0046, 0.0046, 0.0043, 0.0043, 0.0043, 0.0043, 0.0043, 0.0043, 0.0043, 0.0043, 0.0043, 0.0043, 0.3036, 0.3036, 0.3036, 0.3036, 0.3036, 0.3036, 0.3036, 0.3036, 0.3036, 0.3036, 0.0044, 0.0044, 0.0044, 0.0044, 0.0044, 0.0044, 0.0044, 0.0044, 0.0044, 0.0044, 0.0042, 0.0042, 0.0042, 0.0042, 0.0042, 0.0042, 0.0042, 0.0042, 0.0042, 0.0042, 0.0041, 0.0041, 0.0041, 0.0041, 0.0041, 0.0041, 0.0041, 0.0041, 0.0041, 0.0041, 0.004, 0.004, 0.004, 0.004, 0.004, 0.004, 0.004, 0.004, 0.004, 0.004, 0.0831, 0.0831, 0.0831, 0.0831, 0.0831, 0.0831, 0.0831, 0.0831, 0.0831, 0.0831, 0.0776, 0.0776, 0.0776, 0.0776, 0.0776, 0.0776, 0.0776, 0.0776, 0.0776, 0.0776, 0.089, 0.089, 0.089, 0.089, 0.089, 0.089, 0.089, 0.089, 0.089, 0.089, 0.1902, 0.1902, 0.1902, 0.1902, 0.1902, 0.1902, 0.1902, 0.1902, 0.1902, 0.1902, 0.0041, 0.0041, 0.0041, 0.0041, 0.0041, 0.0041, 0.0041, 0.0041, 0.0041, 0.0041, 0.0739, 0.0739, 0.0739, 0.0739, 0.0739, 0.0739, 0.0739, 0.0739, 0.0739, 0.0739, 0.0129, 0.0129, 0.0129, 0.0129, 0.0129, 0.0129, 0.0129, 0.0129, 0.0129, 0.0129, 0.0041, 0.0041, 0.0041, 0.0041, 0.0041, 0.0041, 0.0041, 0.0041, 0.0041, 0.0041, 0.1902, 0.1902, 0.1902, 0.1902, 0.1902, 0.1902, 0.1902, 0.1902, 0.1902, 0.1902, 0.0038, 0.0038, 0.0038, 0.0038, 0.0038, 0.0038, 0.0038, 0.0038, 0.0038, 0.0038, 0.0043, 0.0043, 0.0043, 0.0043, 0.0043, 0.0043, 0.0043, 0.0043, 0.0043, 0.0043, 0.2393, 0.2393, 0.2393, 0.2393, 0.2393, 0.2393, 0.2393, 0.2393, 0.2393, 0.2393, 0.164, 0.164, 0.164, 0.164, 0.164, 0.164, 0.164, 0.164, 0.164, 0.164, 0.2429, 0.2429, 0.2429, 0.2429, 0.2429, 0.2429, 0.2429, 0.2429, 0.2429, 0.2429, 0.1495, 0.1495, 0.1495, 0.1495, 0.1495, 0.1495, 0.1495, 0.1495, 0.1495, 0.1495, 0.0812, 0.0812, 0.0812, 0.0812, 0.0812, 0.0812, 0.0812, 0.0812, 0.0812, 0.0812, 0.0815, 0.0815, 0.0815, 0.0815, 0.0815, 0.0815, 0.0815, 0.0815, 0.0815, 0.0815, 0.139, 0.139, 0.139, 0.139, 0.139, 0.139, 0.139, 0.139, 0.139, 0.139, 0.1546, 0.1546, 0.1546, 0.1546, 0.1546, 0.1546, 0.1546, 0.1546, 0.1546, 0.1546, 0.0041, 0.0041, 0.0041, 0.0041, 0.0041, 0.0041, 0.0041, 0.0041, 0.0041, 0.0041, 0.2348, 0.2348, 0.2348, 0.2348, 0.2348, 0.2348, 0.2348, 0.2348, 0.2348, 0.2348, 0.0043, 0.0043, 0.0043, 0.0043, 0.0043, 0.0043, 0.0043, 0.0043, 0.0043, 0.0043, 0.159, 0.159, 0.159, 0.159, 0.159, 0.159, 0.159, 0.159, 0.159, 0.159, 0.0836, 0.0836, 0.0836, 0.0836, 0.0836, 0.0836, 0.0836, 0.0836, 0.0836, 0.0836, 0.2416, 0.2416, 0.2416, 0.2416, 0.2416, 0.2416, 0.2416, 0.2416, 0.2416, 0.2416, 0.1371, 0.1371, 0.1371, 0.1371, 0.1371, 0.1371, 0.1371, 0.1371, 0.1371, 0.1371, 0.0612, 0.0612, 0.0612, 0.0612, 0.0612, 0.0612, 0.0612, 0.0612, 0.0612, 0.0612, 0.166, 0.166, 0.166, 0.166, 0.166, 0.166, 0.166, 0.166, 0.166, 0.166, 0.1496, 0.1496, 0.1496, 0.1496, 0.1496, 0.1496, 0.1496, 0.1496, 0.1496, 0.1496, 0.1288, 0.1288, 0.1288, 0.1288, 0.1288, 0.1288, 0.1288, 0.1288, 0.1288, 0.1288, 0.0049, 0.0049, 0.0049, 0.0049, 0.0049, 0.0049, 0.0049, 0.0049, 0.0049, 0.0049, 0.0789, 0.0789, 0.0789, 0.0789, 0.0789, 0.0789, 0.0789, 0.0789, 0.0789, 0.0789, 0.2509, 0.2509, 0.2509, 0.2509, 0.2509, 0.2509, 0.2509, 0.2509, 0.2509, 0.2509]
Validation Loss:
[0.35571199655532837, 0.28502723574638367, 0.5751456022262573, 0.34308311343193054, 0.2990869879722595, 0.39319583773612976, 0.3451896011829376, 0.2924945056438446, 0.2931196391582489, 0.27001461386680603]
Train, Validation, Test split:
Train: 6222
Validation: 1755
Test: 887
