Accuracy: 0.9622437971952535
Classification Report:
                  precision    recall  f1-score   support

        Archival       0.99      0.97      0.98       411
          Letter       0.97      0.97      0.97       208
        Literary       0.64      0.70      0.67        10
Royal/Monumental       0.94      0.96      0.95       102
      Scientific       0.93      0.95      0.94       196

        accuracy                           0.96       927
       macro avg       0.89      0.91      0.90       927
    weighted avg       0.96      0.96      0.96       927

Training Loss:
[1.5443, 1.5443, 1.5443, 1.5443, 1.5443, 1.5443, 1.5443, 1.5443, 1.5443, 1.5443, 1.518, 1.518, 1.518, 1.518, 1.518, 1.518, 1.518, 1.518, 1.518, 1.518, 1.5275, 1.5275, 1.5275, 1.5275, 1.5275, 1.5275, 1.5275, 1.5275, 1.5275, 1.5275, 1.4169, 1.4169, 1.4169, 1.4169, 1.4169, 1.4169, 1.4169, 1.4169, 1.4169, 1.4169, 1.4814, 1.4814, 1.4814, 1.4814, 1.4814, 1.4814, 1.4814, 1.4814, 1.4814, 1.4814, 1.3539, 1.3539, 1.3539, 1.3539, 1.3539, 1.3539, 1.3539, 1.3539, 1.3539, 1.3539, 1.1935, 1.1935, 1.1935, 1.1935, 1.1935, 1.1935, 1.1935, 1.1935, 1.1935, 1.1935, 1.288, 1.288, 1.288, 1.288, 1.288, 1.288, 1.288, 1.288, 1.288, 1.288, 1.0974, 1.0974, 1.0974, 1.0974, 1.0974, 1.0974, 1.0974, 1.0974, 1.0974, 1.0974, 0.9835, 0.9835, 0.9835, 0.9835, 0.9835, 0.9835, 0.9835, 0.9835, 0.9835, 0.9835, 1.0348, 1.0348, 1.0348, 1.0348, 1.0348, 1.0348, 1.0348, 1.0348, 1.0348, 1.0348, 0.9761, 0.9761, 0.9761, 0.9761, 0.9761, 0.9761, 0.9761, 0.9761, 0.9761, 0.9761, 0.6818, 0.6818, 0.6818, 0.6818, 0.6818, 0.6818, 0.6818, 0.6818, 0.6818, 0.6818, 0.722, 0.722, 0.722, 0.722, 0.722, 0.722, 0.722, 0.722, 0.722, 0.722, 0.8481, 0.8481, 0.8481, 0.8481, 0.8481, 0.8481, 0.8481, 0.8481, 0.8481, 0.8481, 0.6314, 0.6314, 0.6314, 0.6314, 0.6314, 0.6314, 0.6314, 0.6314, 0.6314, 0.6314, 0.6569, 0.6569, 0.6569, 0.6569, 0.6569, 0.6569, 0.6569, 0.6569, 0.6569, 0.6569, 0.7066, 0.7066, 0.7066, 0.7066, 0.7066, 0.7066, 0.7066, 0.7066, 0.7066, 0.7066, 0.7112, 0.7112, 0.7112, 0.7112, 0.7112, 0.7112, 0.7112, 0.7112, 0.7112, 0.7112, 0.7511, 0.7511, 0.7511, 0.7511, 0.7511, 0.7511, 0.7511, 0.7511, 0.7511, 0.7511, 0.5521, 0.5521, 0.5521, 0.5521, 0.5521, 0.5521, 0.5521, 0.5521, 0.5521, 0.5521, 0.5274, 0.5274, 0.5274, 0.5274, 0.5274, 0.5274, 0.5274, 0.5274, 0.5274, 0.5274, 0.5046, 0.5046, 0.5046, 0.5046, 0.5046, 0.5046, 0.5046, 0.5046, 0.5046, 0.5046, 0.3749, 0.3749, 0.3749, 0.3749, 0.3749, 0.3749, 0.3749, 0.3749, 0.3749, 0.3749, 0.6751, 0.6751, 0.6751, 0.6751, 0.6751, 0.6751, 0.6751, 0.6751, 0.6751, 0.6751, 0.8853, 0.8853, 0.8853, 0.8853, 0.8853, 0.8853, 0.8853, 0.8853, 0.8853, 0.8853, 1.0153, 1.0153, 1.0153, 1.0153, 1.0153, 1.0153, 1.0153, 1.0153, 1.0153, 1.0153, 0.7055, 0.7055, 0.7055, 0.7055, 0.7055, 0.7055, 0.7055, 0.7055, 0.7055, 0.7055, 0.6784, 0.6784, 0.6784, 0.6784, 0.6784, 0.6784, 0.6784, 0.6784, 0.6784, 0.6784, 0.4811, 0.4811, 0.4811, 0.4811, 0.4811, 0.4811, 0.4811, 0.4811, 0.4811, 0.4811, 0.526, 0.526, 0.526, 0.526, 0.526, 0.526, 0.526, 0.526, 0.526, 0.526, 0.4989, 0.4989, 0.4989, 0.4989, 0.4989, 0.4989, 0.4989, 0.4989, 0.4989, 0.4989, 0.4172, 0.4172, 0.4172, 0.4172, 0.4172, 0.4172, 0.4172, 0.4172, 0.4172, 0.4172, 0.4067, 0.4067, 0.4067, 0.4067, 0.4067, 0.4067, 0.4067, 0.4067, 0.4067, 0.4067, 0.5338, 0.5338, 0.5338, 0.5338, 0.5338, 0.5338, 0.5338, 0.5338, 0.5338, 0.5338, 0.6559, 0.6559, 0.6559, 0.6559, 0.6559, 0.6559, 0.6559, 0.6559, 0.6559, 0.6559, 0.4384, 0.4384, 0.4384, 0.4384, 0.4384, 0.4384, 0.4384, 0.4384, 0.4384, 0.4384, 0.6576, 0.6576, 0.6576, 0.6576, 0.6576, 0.6576, 0.6576, 0.6576, 0.6576, 0.6576, 0.4252, 0.4252, 0.4252, 0.4252, 0.4252, 0.4252, 0.4252, 0.4252, 0.4252, 0.4252, 0.5, 0.5, 0.5, 0.5, 0.5, 0.5, 0.5, 0.5, 0.5, 0.5, 0.7342, 0.7342, 0.7342, 0.7342, 0.7342, 0.7342, 0.7342, 0.7342, 0.7342, 0.7342, 0.612, 0.612, 0.612, 0.612, 0.612, 0.612, 0.612, 0.612, 0.612, 0.612, 0.5257, 0.5257, 0.5257, 0.5257, 0.5257, 0.5257, 0.5257, 0.5257, 0.5257, 0.5257, 0.5177, 0.5177, 0.5177, 0.5177, 0.5177, 0.5177, 0.5177, 0.5177, 0.5177, 0.5177, 0.3527, 0.3527, 0.3527, 0.3527, 0.3527, 0.3527, 0.3527, 0.3527, 0.3527, 0.3527, 0.5461, 0.5461, 0.5461, 0.5461, 0.5461, 0.5461, 0.5461, 0.5461, 0.5461, 0.5461, 0.6199, 0.6199, 0.6199, 0.6199, 0.6199, 0.6199, 0.6199, 0.6199, 0.6199, 0.6199, 0.5705, 0.5705, 0.5705, 0.5705, 0.5705, 0.5705, 0.5705, 0.5705, 0.5705, 0.5705, 0.7243, 0.7243, 0.7243, 0.7243, 0.7243, 0.7243, 0.7243, 0.7243, 0.7243, 0.7243, 0.6774, 0.6774, 0.6774, 0.6774, 0.6774, 0.6774, 0.6774, 0.6774, 0.6774, 0.6774, 0.3946, 0.3946, 0.3946, 0.3946, 0.3946, 0.3946, 0.3946, 0.3946, 0.3946, 0.3946, 0.4794, 0.4794, 0.4794, 0.4794, 0.4794, 0.4794, 0.4794, 0.4794, 0.4794, 0.4794, 0.457, 0.457, 0.457, 0.457, 0.457, 0.457, 0.457, 0.457, 0.457, 0.457, 0.4734, 0.4734, 0.4734, 0.4734, 0.4734, 0.4734, 0.4734, 0.4734, 0.4734, 0.4734, 0.6983, 0.6983, 0.6983, 0.6983, 0.6983, 0.6983, 0.6983, 0.6983, 0.6983, 0.6983, 0.6847, 0.6847, 0.6847, 0.6847, 0.6847, 0.6847, 0.6847, 0.6847, 0.6847, 0.6847, 0.4747, 0.4747, 0.4747, 0.4747, 0.4747, 0.4747, 0.4747, 0.4747, 0.4747, 0.4747, 0.3175, 0.3175, 0.3175, 0.3175, 0.3175, 0.3175, 0.3175, 0.3175, 0.3175, 0.3175, 0.4044, 0.4044, 0.4044, 0.4044, 0.4044, 0.4044, 0.4044, 0.4044, 0.4044, 0.4044, 0.3998, 0.3998, 0.3998, 0.3998, 0.3998, 0.3998, 0.3998, 0.3998, 0.3998, 0.3998, 0.5311, 0.5311, 0.5311, 0.5311, 0.5311, 0.5311, 0.5311, 0.5311, 0.5311, 0.5311, 0.591, 0.591, 0.591, 0.591, 0.591, 0.591, 0.591, 0.591, 0.591, 0.591, 0.4553, 0.4553, 0.4553, 0.4553, 0.4553, 0.4553, 0.4553, 0.4553, 0.4553, 0.4553, 0.6554, 0.6554, 0.6554, 0.6554, 0.6554, 0.6554, 0.6554, 0.6554, 0.6554, 0.6554, 0.7575, 0.7575, 0.7575, 0.7575, 0.7575, 0.7575, 0.7575, 0.7575, 0.7575, 0.7575, 0.5927, 0.5927, 0.5927, 0.5927, 0.5927, 0.5927, 0.5927, 0.5927, 0.5927, 0.5927, 0.2642, 0.2642, 0.2642, 0.2642, 0.2642, 0.2642, 0.2642, 0.2642, 0.2642, 0.2642, 0.4127, 0.4127, 0.4127, 0.4127, 0.4127, 0.4127, 0.4127, 0.4127, 0.4127, 0.4127, 0.5314, 0.5314, 0.5314, 0.5314, 0.5314, 0.5314, 0.5314, 0.5314, 0.5314, 0.5314, 0.4394, 0.4394, 0.4394, 0.4394, 0.4394, 0.4394, 0.4394, 0.4394, 0.4394, 0.4394, 0.8491, 0.8491, 0.8491, 0.8491, 0.8491, 0.8491, 0.8491, 0.8491, 0.8491, 0.8491, 0.5112, 0.5112, 0.5112, 0.5112, 0.5112, 0.5112, 0.5112, 0.5112, 0.5112, 0.5112, 0.3916, 0.3916, 0.3916, 0.3916, 0.3916, 0.3916, 0.3916, 0.3916, 0.3916, 0.3916, 0.4805, 0.4805, 0.4805, 0.4805, 0.4805, 0.4805, 0.4805, 0.4805, 0.4805, 0.4805, 0.2339, 0.2339, 0.2339, 0.2339, 0.2339, 0.2339, 0.2339, 0.2339, 0.2339, 0.2339, 0.5801, 0.5801, 0.5801, 0.5801, 0.5801, 0.5801, 0.5801, 0.5801, 0.5801, 0.5801, 0.8361, 0.8361, 0.8361, 0.8361, 0.8361, 0.8361, 0.8361, 0.8361, 0.8361, 0.8361, 0.2958, 0.2958, 0.2958, 0.2958, 0.2958, 0.2958, 0.2958, 0.2958, 0.2958, 0.2958, 0.3257, 0.3257, 0.3257, 0.3257, 0.3257, 0.3257, 0.3257, 0.3257, 0.3257, 0.3257, 0.5275, 0.5275, 0.5275, 0.5275, 0.5275, 0.5275, 0.5275, 0.5275, 0.5275, 0.5275, 0.6321, 0.6321, 0.6321, 0.6321, 0.2766, 0.2766, 0.2766, 0.2766, 0.2766, 0.2766, 0.2766, 0.2766, 0.2766, 0.2766, 0.4592, 0.4592, 0.4592, 0.4592, 0.4592, 0.4592, 0.4592, 0.4592, 0.4592, 0.4592, 0.4032, 0.4032, 0.4032, 0.4032, 0.4032, 0.4032, 0.4032, 0.4032, 0.4032, 0.4032, 0.5673, 0.5673, 0.5673, 0.5673, 0.5673, 0.5673, 0.5673, 0.5673, 0.5673, 0.5673, 0.4226, 0.4226, 0.4226, 0.4226, 0.4226, 0.4226, 0.4226, 0.4226, 0.4226, 0.4226, 0.4504, 0.4504, 0.4504, 0.4504, 0.4504, 0.4504, 0.4504, 0.4504, 0.4504, 0.4504, 0.4422, 0.4422, 0.4422, 0.4422, 0.4422, 0.4422, 0.4422, 0.4422, 0.4422, 0.4422, 0.3746, 0.3746, 0.3746, 0.3746, 0.3746, 0.3746, 0.3746, 0.3746, 0.3746, 0.3746, 0.5429, 0.5429, 0.5429, 0.5429, 0.5429, 0.5429, 0.5429, 0.5429, 0.5429, 0.5429, 0.232, 0.232, 0.232, 0.232, 0.232, 0.232, 0.232, 0.232, 0.232, 0.232, 0.4143, 0.4143, 0.4143, 0.4143, 0.4143, 0.4143, 0.4143, 0.4143, 0.4143, 0.4143, 0.5172, 0.5172, 0.5172, 0.5172, 0.5172, 0.5172, 0.5172, 0.5172, 0.5172, 0.5172, 0.4678, 0.4678, 0.4678, 0.4678, 0.4678, 0.4678, 0.4678, 0.4678, 0.4678, 0.4678, 0.4934, 0.4934, 0.4934, 0.4934, 0.4934, 0.4934, 0.4934, 0.4934, 0.4934, 0.4934, 0.5806, 0.5806, 0.5806, 0.5806, 0.5806, 0.5806, 0.5806, 0.5806, 0.5806, 0.5806, 0.3943, 0.3943, 0.3943, 0.3943, 0.3943, 0.3943, 0.3943, 0.3943, 0.3943, 0.3943, 0.6698, 0.6698, 0.6698, 0.6698, 0.6698, 0.6698, 0.6698, 0.6698, 0.6698, 0.6698, 0.4512, 0.4512, 0.4512, 0.4512, 0.4512, 0.4512, 0.4512, 0.4512, 0.4512, 0.4512, 0.2887, 0.2887, 0.2887, 0.2887, 0.2887, 0.2887, 0.2887, 0.2887, 0.2887, 0.2887, 0.2807, 0.2807, 0.2807, 0.2807, 0.2807, 0.2807, 0.2807, 0.2807, 0.2807, 0.2807, 0.3166, 0.3166, 0.3166, 0.3166, 0.3166, 0.3166, 0.3166, 0.3166, 0.3166, 0.3166, 0.2084, 0.2084, 0.2084, 0.2084, 0.2084, 0.2084, 0.2084, 0.2084, 0.2084, 0.2084, 0.2242, 0.2242, 0.2242, 0.2242, 0.2242, 0.2242, 0.2242, 0.2242, 0.2242, 0.2242, 0.1241, 0.1241, 0.1241, 0.1241, 0.1241, 0.1241, 0.1241, 0.1241, 0.1241, 0.1241, 0.3749, 0.3749, 0.3749, 0.3749, 0.3749, 0.3749, 0.3749, 0.3749, 0.3749, 0.3749, 0.1227, 0.1227, 0.1227, 0.1227, 0.1227, 0.1227, 0.1227, 0.1227, 0.1227, 0.1227, 0.4884, 0.4884, 0.4884, 0.4884, 0.4884, 0.4884, 0.4884, 0.4884, 0.4884, 0.4884, 0.425, 0.425, 0.425, 0.425, 0.425, 0.425, 0.425, 0.425, 0.425, 0.425, 0.6912, 0.6912, 0.6912, 0.6912, 0.6912, 0.6912, 0.6912, 0.6912, 0.6912, 0.6912, 0.2755, 0.2755, 0.2755, 0.2755, 0.2755, 0.2755, 0.2755, 0.2755, 0.2755, 0.2755, 0.6949, 0.6949, 0.6949, 0.6949, 0.6949, 0.6949, 0.6949, 0.6949, 0.6949, 0.6949, 0.5386, 0.5386, 0.5386, 0.5386, 0.5386, 0.5386, 0.5386, 0.5386, 0.5386, 0.5386, 0.236, 0.236, 0.236, 0.236, 0.236, 0.236, 0.236, 0.236, 0.236, 0.236, 0.2588, 0.2588, 0.2588, 0.2588, 0.2588, 0.2588, 0.2588, 0.2588, 0.2588, 0.2588, 0.258, 0.258, 0.258, 0.258, 0.258, 0.258, 0.258, 0.258, 0.258, 0.258, 0.431, 0.431, 0.431, 0.431, 0.431, 0.431, 0.431, 0.431, 0.431, 0.431, 0.4385, 0.4385, 0.4385, 0.4385, 0.4385, 0.4385, 0.4385, 0.4385, 0.4385, 0.4385, 0.2334, 0.2334, 0.2334, 0.2334, 0.2334, 0.2334, 0.2334, 0.2334, 0.2334, 0.2334, 0.3401, 0.3401, 0.3401, 0.3401, 0.3401, 0.3401, 0.3401, 0.3401, 0.3401, 0.3401, 0.3601, 0.3601, 0.3601, 0.3601, 0.3601, 0.3601, 0.3601, 0.3601, 0.3601, 0.3601, 0.4243, 0.4243, 0.4243, 0.4243, 0.4243, 0.4243, 0.4243, 0.4243, 0.4243, 0.4243, 0.4779, 0.4779, 0.4779, 0.4779, 0.4779, 0.4779, 0.4779, 0.4779, 0.4779, 0.4779, 0.2877, 0.2877, 0.2877, 0.2877, 0.2877, 0.2877, 0.2877, 0.2877, 0.2877, 0.2877, 0.3589, 0.3589, 0.3589, 0.3589, 0.3589, 0.3589, 0.3589, 0.3589, 0.3589, 0.3589, 0.333, 0.333, 0.333, 0.333, 0.333, 0.333, 0.333, 0.333, 0.333, 0.333, 0.0651, 0.0651, 0.0651, 0.0651, 0.0651, 0.0651, 0.0651, 0.0651, 0.0651, 0.0651, 0.1631, 0.1631, 0.1631, 0.1631, 0.1631, 0.1631, 0.1631, 0.1631, 0.1631, 0.1631, 0.4177, 0.4177, 0.4177, 0.4177, 0.4177, 0.4177, 0.4177, 0.4177, 0.4177, 0.4177, 0.5407, 0.5407, 0.5407, 0.5407, 0.5407, 0.5407, 0.5407, 0.5407, 0.5407, 0.5407, 0.612, 0.612, 0.612, 0.612, 0.612, 0.612, 0.612, 0.612, 0.612, 0.612, 0.4363, 0.4363, 0.4363, 0.4363, 0.4363, 0.4363, 0.4363, 0.4363, 0.4363, 0.4363, 0.4845, 0.4845, 0.4845, 0.4845, 0.4845, 0.4845, 0.4845, 0.4845, 0.4845, 0.4845, 0.2303, 0.2303, 0.2303, 0.2303, 0.2303, 0.2303, 0.2303, 0.2303, 0.2303, 0.2303, 0.2186, 0.2186, 0.2186, 0.2186, 0.2186, 0.2186, 0.2186, 0.2186, 0.2186, 0.2186, 0.6035, 0.6035, 0.6035, 0.6035, 0.6035, 0.6035, 0.6035, 0.6035, 0.6035, 0.6035, 0.3807, 0.3807, 0.3807, 0.3807, 0.3807, 0.3807, 0.3807, 0.3807, 0.3807, 0.3807, 0.484, 0.484, 0.484, 0.484, 0.484, 0.484, 0.484, 0.484, 0.484, 0.484, 0.3674, 0.3674, 0.3674, 0.3674, 0.3674, 0.3674, 0.3674, 0.3674, 0.3674, 0.3674, 0.2488, 0.2488, 0.2488, 0.2488, 0.2488, 0.2488, 0.2488, 0.2488, 0.2488, 0.2488, 0.2246, 0.2246, 0.2246, 0.2246, 0.2246, 0.2246, 0.2246, 0.2246, 0.2246, 0.2246, 0.2734, 0.2734, 0.2734, 0.2734, 0.2734, 0.2734, 0.2734, 0.2734, 0.2734, 0.2734, 0.3665, 0.3665, 0.3665, 0.3665, 0.3665, 0.3665, 0.3665, 0.3665, 0.3665, 0.3665, 0.1424, 0.1424, 0.1424, 0.1424, 0.1424, 0.1424, 0.1424, 0.1424, 0.1424, 0.1424, 0.4679, 0.4679, 0.4679, 0.4679, 0.4679, 0.4679, 0.4679, 0.4679, 0.4679, 0.4679, 0.4377, 0.4377, 0.4377, 0.4377, 0.4377, 0.4377, 0.4377, 0.4377, 0.4377, 0.4377, 0.2908, 0.2908, 0.2908, 0.2908, 0.2908, 0.2908, 0.2908, 0.2908, 0.2908, 0.2908, 0.7566, 0.7566, 0.7566, 0.7566, 0.7566, 0.7566, 0.7566, 0.7566, 0.7566, 0.7566, 0.6067, 0.6067, 0.6067, 0.6067, 0.6067, 0.6067, 0.6067, 0.6067, 0.6067, 0.6067, 0.1905, 0.1905, 0.1905, 0.1905, 0.1905, 0.1905, 0.1905, 0.1905, 0.1905, 0.1905, 0.3038, 0.3038, 0.3038, 0.3038, 0.3038, 0.3038, 0.3038, 0.3038, 0.3038, 0.3038, 0.2457, 0.2457, 0.2457, 0.2457, 0.2457, 0.2457, 0.2457, 0.2457, 0.2457, 0.2457, 0.3576, 0.3576, 0.3576, 0.3576, 0.3576, 0.3576, 0.3576, 0.3576, 0.3576, 0.3576, 0.339, 0.339, 0.339, 0.339, 0.339, 0.339, 0.339, 0.339, 0.339, 0.339, 0.3814, 0.3814, 0.3814, 0.3814, 0.3814, 0.3814, 0.3814, 0.3814, 0.3814, 0.3814, 0.3481, 0.3481, 0.3481, 0.3481, 0.3481, 0.3481, 0.3481, 0.3481, 0.3481, 0.3481, 0.8323, 0.8323, 0.8323, 0.8323, 0.8323, 0.8323, 0.8323, 0.8323, 0.8323, 0.8323, 0.4459, 0.4459, 0.4459, 0.4459, 0.4459, 0.4459, 0.4459, 0.4459, 0.4459, 0.4459, 0.4307, 0.4307, 0.4307, 0.4307, 0.4307, 0.4307, 0.4307, 0.4307, 0.4307, 0.4307, 0.4733, 0.4733, 0.4733, 0.4733, 0.4733, 0.4733, 0.4733, 0.4733, 0.4733, 0.4733, 0.447, 0.447, 0.447, 0.447, 0.447, 0.447, 0.447, 0.447, 0.447, 0.447, 0.2431, 0.2431, 0.2431, 0.2431, 0.2431, 0.2431, 0.2431, 0.2431, 0.2528, 0.2528, 0.2528, 0.2528, 0.2528, 0.2528, 0.2528, 0.2528, 0.2528, 0.2528, 0.217, 0.217, 0.217, 0.217, 0.217, 0.217, 0.217, 0.217, 0.217, 0.217, 0.1881, 0.1881, 0.1881, 0.1881, 0.1881, 0.1881, 0.1881, 0.1881, 0.1881, 0.1881, 0.2809, 0.2809, 0.2809, 0.2809, 0.2809, 0.2809, 0.2809, 0.2809, 0.2809, 0.2809, 0.5402, 0.5402, 0.5402, 0.5402, 0.5402, 0.5402, 0.5402, 0.5402, 0.5402, 0.5402, 0.2975, 0.2975, 0.2975, 0.2975, 0.2975, 0.2975, 0.2975, 0.2975, 0.2975, 0.2975, 0.3796, 0.3796, 0.3796, 0.3796, 0.3796, 0.3796, 0.3796, 0.3796, 0.3796, 0.3796, 0.2986, 0.2986, 0.2986, 0.2986, 0.2986, 0.2986, 0.2986, 0.2986, 0.2986, 0.2986, 0.1907, 0.1907, 0.1907, 0.1907, 0.1907, 0.1907, 0.1907, 0.1907, 0.1907, 0.1907, 0.2749, 0.2749, 0.2749, 0.2749, 0.2749, 0.2749, 0.2749, 0.2749, 0.2749, 0.2749, 0.3155, 0.3155, 0.3155, 0.3155, 0.3155, 0.3155, 0.3155, 0.3155, 0.3155, 0.3155, 0.1767, 0.1767, 0.1767, 0.1767, 0.1767, 0.1767, 0.1767, 0.1767, 0.1767, 0.1767, 0.1597, 0.1597, 0.1597, 0.1597, 0.1597, 0.1597, 0.1597, 0.1597, 0.1597, 0.1597, 0.1542, 0.1542, 0.1542, 0.1542, 0.1542, 0.1542, 0.1542, 0.1542, 0.1542, 0.1542, 0.0786, 0.0786, 0.0786, 0.0786, 0.0786, 0.0786, 0.0786, 0.0786, 0.0786, 0.0786, 0.318, 0.318, 0.318, 0.318, 0.318, 0.318, 0.318, 0.318, 0.318, 0.318, 0.2209, 0.2209, 0.2209, 0.2209, 0.2209, 0.2209, 0.2209, 0.2209, 0.2209, 0.2209, 0.2786, 0.2786, 0.2786, 0.2786, 0.2786, 0.2786, 0.2786, 0.2786, 0.2786, 0.2786, 0.3966, 0.3966, 0.3966, 0.3966, 0.3966, 0.3966, 0.3966, 0.3966, 0.3966, 0.3966, 0.6405, 0.6405, 0.6405, 0.6405, 0.6405, 0.6405, 0.6405, 0.6405, 0.6405, 0.6405, 0.07, 0.07, 0.07, 0.07, 0.07, 0.07, 0.07, 0.07, 0.07, 0.07, 0.1262, 0.1262, 0.1262, 0.1262, 0.1262, 0.1262, 0.1262, 0.1262, 0.1262, 0.1262, 0.1767, 0.1767, 0.1767, 0.1767, 0.1767, 0.1767, 0.1767, 0.1767, 0.1767, 0.1767, 0.0944, 0.0944, 0.0944, 0.0944, 0.0944, 0.0944, 0.0944, 0.0944, 0.0944, 0.0944, 0.2337, 0.2337, 0.2337, 0.2337, 0.2337, 0.2337, 0.2337, 0.2337, 0.2337, 0.2337, 0.1551, 0.1551, 0.1551, 0.1551, 0.1551, 0.1551, 0.1551, 0.1551, 0.1551, 0.1551, 0.5373, 0.5373, 0.5373, 0.5373, 0.5373, 0.5373, 0.5373, 0.5373, 0.5373, 0.5373, 0.1953, 0.1953, 0.1953, 0.1953, 0.1953, 0.1953, 0.1953, 0.1953, 0.1953, 0.1953, 0.0131, 0.0131, 0.0131, 0.0131, 0.0131, 0.0131, 0.0131, 0.0131, 0.0131, 0.0131, 0.2695, 0.2695, 0.2695, 0.2695, 0.2695, 0.2695, 0.2695, 0.2695, 0.2695, 0.2695, 0.1084, 0.1084, 0.1084, 0.1084, 0.1084, 0.1084, 0.1084, 0.1084, 0.1084, 0.1084, 0.1607, 0.1607, 0.1607, 0.1607, 0.1607, 0.1607, 0.1607, 0.1607, 0.1607, 0.1607, 0.4976, 0.4976, 0.4976, 0.4976, 0.4976, 0.4976, 0.4976, 0.4976, 0.4976, 0.4976, 0.1018, 0.1018, 0.1018, 0.1018, 0.1018, 0.1018, 0.1018, 0.1018, 0.1018, 0.1018, 0.2985, 0.2985, 0.2985, 0.2985, 0.2985, 0.2985, 0.2985, 0.2985, 0.2985, 0.2985, 0.1941, 0.1941, 0.1941, 0.1941, 0.1941, 0.1941, 0.1941, 0.1941, 0.1941, 0.1941, 0.2481, 0.2481, 0.2481, 0.2481, 0.2481, 0.2481, 0.2481, 0.2481, 0.2481, 0.2481, 0.14, 0.14, 0.14, 0.14, 0.14, 0.14, 0.14, 0.14, 0.14, 0.14, 0.3811, 0.3811, 0.3811, 0.3811, 0.3811, 0.3811, 0.3811, 0.3811, 0.3811, 0.3811, 0.3066, 0.3066, 0.3066, 0.3066, 0.3066, 0.3066, 0.3066, 0.3066, 0.3066, 0.3066, 0.3565, 0.3565, 0.3565, 0.3565, 0.3565, 0.3565, 0.3565, 0.3565, 0.3565, 0.3565, 0.0989, 0.0989, 0.0989, 0.0989, 0.0989, 0.0989, 0.0989, 0.0989, 0.0989, 0.0989, 0.2549, 0.2549, 0.2549, 0.2549, 0.2549, 0.2549, 0.2549, 0.2549, 0.2549, 0.2549, 0.0055, 0.0055, 0.0055, 0.0055, 0.0055, 0.0055, 0.0055, 0.0055, 0.0055, 0.0055, 0.3369, 0.3369, 0.3369, 0.3369, 0.3369, 0.3369, 0.3369, 0.3369, 0.3369, 0.3369, 0.1423, 0.1423, 0.1423, 0.1423, 0.1423, 0.1423, 0.1423, 0.1423, 0.1423, 0.1423, 0.2085, 0.2085, 0.2085, 0.2085, 0.2085, 0.2085, 0.2085, 0.2085, 0.2085, 0.2085, 0.2633, 0.2633, 0.2633, 0.2633, 0.2633, 0.2633, 0.2633, 0.2633, 0.2633, 0.2633, 0.3195, 0.3195, 0.3195, 0.3195, 0.3195, 0.3195, 0.3195, 0.3195, 0.3195, 0.3195, 0.1734, 0.1734, 0.1734, 0.1734, 0.1734, 0.1734, 0.1734, 0.1734, 0.1734, 0.1734, 0.2021, 0.2021, 0.2021, 0.2021, 0.2021, 0.2021, 0.2021, 0.2021, 0.2021, 0.2021, 0.3368, 0.3368, 0.3368, 0.3368, 0.3368, 0.3368, 0.3368, 0.3368, 0.3368, 0.3368, 0.265, 0.265, 0.265, 0.265, 0.265, 0.265, 0.265, 0.265, 0.265, 0.265, 0.3386, 0.3386, 0.3386, 0.3386, 0.3386, 0.3386, 0.3386, 0.3386, 0.3386, 0.3386, 0.4027, 0.4027, 0.4027, 0.4027, 0.4027, 0.4027, 0.4027, 0.4027, 0.4027, 0.4027, 0.3666, 0.3666, 0.3666, 0.3666, 0.3666, 0.3666, 0.3666, 0.3666, 0.3666, 0.3666, 0.3008, 0.3008, 0.3008, 0.3008, 0.3008, 0.3008, 0.3008, 0.3008, 0.3008, 0.3008, 0.3547, 0.3547, 0.3547, 0.3547, 0.3547, 0.3547, 0.3547, 0.3547, 0.3547, 0.3547, 0.2743, 0.2743, 0.2743, 0.2743, 0.2743, 0.2743, 0.2743, 0.2743, 0.2743, 0.2743, 0.2107, 0.2107, 0.2107, 0.2107, 0.2107, 0.2107, 0.2107, 0.2107, 0.2107, 0.2107, 0.2185, 0.2185, 0.2185, 0.2185, 0.2185, 0.2185, 0.2185, 0.2185, 0.2185, 0.2185, 0.1752, 0.1752, 0.1752, 0.1752, 0.1752, 0.1752, 0.1752, 0.1752, 0.1752, 0.1752, 0.1109, 0.1109, 0.1109, 0.1109, 0.1109, 0.1109, 0.1109, 0.1109, 0.1109, 0.1109, 0.0878, 0.0878, 0.0878, 0.0878, 0.0878, 0.0878, 0.0878, 0.0878, 0.0878, 0.0878, 0.2865, 0.2865, 0.2865, 0.2865, 0.2865, 0.2865, 0.2865, 0.2865, 0.2865, 0.2865, 0.2807, 0.2807, 0.2807, 0.2807, 0.2807, 0.2807, 0.2807, 0.2807, 0.2807, 0.2807, 0.2931, 0.2931, 0.2931, 0.2931, 0.2931, 0.2931, 0.2931, 0.2931, 0.2931, 0.2931, 0.3779, 0.3779, 0.3779, 0.3779, 0.3779, 0.3779, 0.3779, 0.3779, 0.3779, 0.3779, 0.3882, 0.3882, 0.3882, 0.3882, 0.3882, 0.3882, 0.3882, 0.3882, 0.3882, 0.3882, 0.0496, 0.0496, 0.0496, 0.0496, 0.0496, 0.0496, 0.0496, 0.0496, 0.0496, 0.0496, 0.1129, 0.1129, 0.1129, 0.1129, 0.1129, 0.1129, 0.1129, 0.1129, 0.1129, 0.1129, 0.1808, 0.1808, 0.1808, 0.1808, 0.1808, 0.1808, 0.1808, 0.1808, 0.1808, 0.1808, 0.3088, 0.3088, 0.3088, 0.3088, 0.3088, 0.3088, 0.3088, 0.3088, 0.3088, 0.3088, 0.0923, 0.0923, 0.0923, 0.0923, 0.0923, 0.0923, 0.0923, 0.0923, 0.0923, 0.0923, 0.1246, 0.1246, 0.1246, 0.1246, 0.1246, 0.1246, 0.1246, 0.1246, 0.1246, 0.1246, 0.2774, 0.2774, 0.2774, 0.2774, 0.2774, 0.2774, 0.2774, 0.2774, 0.2774, 0.2774, 0.2379, 0.2379, 0.2379, 0.2379, 0.2379, 0.2379, 0.2379, 0.2379, 0.2379, 0.2379, 0.3193, 0.3193, 0.3193, 0.3193, 0.3193, 0.3193, 0.3193, 0.3193, 0.3193, 0.3193, 0.1387, 0.1387, 0.1387, 0.1387, 0.1387, 0.1387, 0.1387, 0.1387, 0.1387, 0.1387, 0.1185, 0.1185, 0.1185, 0.1185, 0.1185, 0.1185, 0.1185, 0.1185, 0.1185, 0.1185, 0.2751, 0.2751, 0.2751, 0.2751, 0.2751, 0.2751, 0.2751, 0.2751, 0.2751, 0.2751, 0.2021, 0.2021, 0.6009, 0.6009, 0.6009, 0.6009, 0.6009, 0.6009, 0.6009, 0.6009, 0.6009, 0.6009, 0.152, 0.152, 0.152, 0.152, 0.152, 0.152, 0.152, 0.152, 0.152, 0.152, 0.1705, 0.1705, 0.1705, 0.1705, 0.1705, 0.1705, 0.1705, 0.1705, 0.1705, 0.1705, 0.1232, 0.1232, 0.1232, 0.1232, 0.1232, 0.1232, 0.1232, 0.1232, 0.1232, 0.1232, 0.2064, 0.2064, 0.2064, 0.2064, 0.2064, 0.2064, 0.2064, 0.2064, 0.2064, 0.2064, 0.2352, 0.2352, 0.2352, 0.2352, 0.2352, 0.2352, 0.2352, 0.2352, 0.2352, 0.2352, 0.2467, 0.2467, 0.2467, 0.2467, 0.2467, 0.2467, 0.2467, 0.2467, 0.2467, 0.2467, 0.1153, 0.1153, 0.1153, 0.1153, 0.1153, 0.1153, 0.1153, 0.1153, 0.1153, 0.1153, 0.2677, 0.2677, 0.2677, 0.2677, 0.2677, 0.2677, 0.2677, 0.2677, 0.2677, 0.2677, 0.106, 0.106, 0.106, 0.106, 0.106, 0.106, 0.106, 0.106, 0.106, 0.106, 0.4263, 0.4263, 0.4263, 0.4263, 0.4263, 0.4263, 0.4263, 0.4263, 0.4263, 0.4263, 0.1523, 0.1523, 0.1523, 0.1523, 0.1523, 0.1523, 0.1523, 0.1523, 0.1523, 0.1523, 0.1871, 0.1871, 0.1871, 0.1871, 0.1871, 0.1871, 0.1871, 0.1871, 0.1871, 0.1871, 0.2061, 0.2061, 0.2061, 0.2061, 0.2061, 0.2061, 0.2061, 0.2061, 0.2061, 0.2061, 0.1463, 0.1463, 0.1463, 0.1463, 0.1463, 0.1463, 0.1463, 0.1463, 0.1463, 0.1463, 0.396, 0.396, 0.396, 0.396, 0.396, 0.396, 0.396, 0.396, 0.396, 0.396, 0.3416, 0.3416, 0.3416, 0.3416, 0.3416, 0.3416, 0.3416, 0.3416, 0.3416, 0.3416, 0.2525, 0.2525, 0.2525, 0.2525, 0.2525, 0.2525, 0.2525, 0.2525, 0.2525, 0.2525, 0.2705, 0.2705, 0.2705, 0.2705, 0.2705, 0.2705, 0.2705, 0.2705, 0.2705, 0.2705, 0.3113, 0.3113, 0.3113, 0.3113, 0.3113, 0.3113, 0.3113, 0.3113, 0.3113, 0.3113, 0.3295, 0.3295, 0.3295, 0.3295, 0.3295, 0.3295, 0.3295, 0.3295, 0.3295, 0.3295, 0.0804, 0.0804, 0.0804, 0.0804, 0.0804, 0.0804, 0.0804, 0.0804, 0.0804, 0.0804, 0.1725, 0.1725, 0.1725, 0.1725, 0.1725, 0.1725, 0.1725, 0.1725, 0.1725, 0.1725, 0.2513, 0.2513, 0.2513, 0.2513, 0.2513, 0.2513, 0.2513, 0.2513, 0.2513, 0.2513, 0.1668, 0.1668, 0.1668, 0.1668, 0.1668, 0.1668, 0.1668, 0.1668, 0.1668, 0.1668, 0.213, 0.213, 0.213, 0.213, 0.213, 0.213, 0.213, 0.213, 0.213, 0.213, 0.4243, 0.4243, 0.4243, 0.4243, 0.4243, 0.4243, 0.4243, 0.4243, 0.4243, 0.4243, 0.0059, 0.0059, 0.0059, 0.0059, 0.0059, 0.0059, 0.0059, 0.0059, 0.0059, 0.0059, 0.1174, 0.1174, 0.1174, 0.1174, 0.1174, 0.1174, 0.1174, 0.1174, 0.1174, 0.1174, 0.1377, 0.1377, 0.1377, 0.1377, 0.1377, 0.1377, 0.1377, 0.1377, 0.1377, 0.1377, 0.0668, 0.0668, 0.0668, 0.0668, 0.0668, 0.0668, 0.0668, 0.0668, 0.0668, 0.0668, 0.2149, 0.2149, 0.2149, 0.2149, 0.2149, 0.2149, 0.2149, 0.2149, 0.2149, 0.2149, 0.2479, 0.2479, 0.2479, 0.2479, 0.2479, 0.2479, 0.2479, 0.2479, 0.2479, 0.2479, 0.0749, 0.0749, 0.0749, 0.0749, 0.0749, 0.0749, 0.0749, 0.0749, 0.0749, 0.0749, 0.1486, 0.1486, 0.1486, 0.1486, 0.1486, 0.1486, 0.1486, 0.1486, 0.1486, 0.1486, 0.0717, 0.0717, 0.0717, 0.0717, 0.0717, 0.0717, 0.0717, 0.0717, 0.0717, 0.0717, 0.3061, 0.3061, 0.3061, 0.3061, 0.3061, 0.3061, 0.3061, 0.3061, 0.3061, 0.3061, 0.0976, 0.0976, 0.0976, 0.0976, 0.0976, 0.0976, 0.0976, 0.0976, 0.0976, 0.0976, 0.058, 0.058, 0.058, 0.058, 0.058, 0.058, 0.058, 0.058, 0.058, 0.058, 0.2108, 0.2108, 0.2108, 0.2108, 0.2108, 0.2108, 0.2108, 0.2108, 0.2108, 0.2108, 0.1664, 0.1664, 0.1664, 0.1664, 0.1664, 0.1664, 0.1664, 0.1664, 0.1664, 0.1664, 0.2471, 0.2471, 0.2471, 0.2471, 0.2471, 0.2471, 0.2471, 0.2471, 0.2471, 0.2471, 0.1387, 0.1387, 0.1387, 0.1387, 0.1387, 0.1387, 0.1387, 0.1387, 0.1387, 0.1387, 0.3045, 0.3045, 0.3045, 0.3045, 0.3045, 0.3045, 0.3045, 0.3045, 0.3045, 0.3045, 0.1791, 0.1791, 0.1791, 0.1791, 0.1791, 0.1791, 0.1791, 0.1791, 0.1791, 0.1791, 0.2381, 0.2381, 0.2381, 0.2381, 0.2381, 0.2381, 0.2381, 0.2381, 0.2381, 0.2381, 0.0672, 0.0672, 0.0672, 0.0672, 0.0672, 0.0672, 0.0672, 0.0672, 0.0672, 0.0672, 0.2022, 0.2022, 0.2022, 0.2022, 0.2022, 0.2022, 0.2022, 0.2022, 0.2022, 0.2022, 0.2087, 0.2087, 0.2087, 0.2087, 0.2087, 0.2087, 0.2087, 0.2087, 0.2087, 0.2087, 0.0401, 0.0401, 0.0401, 0.0401, 0.0401, 0.0401, 0.0401, 0.0401, 0.0401, 0.0401, 0.3107, 0.3107, 0.3107, 0.3107, 0.3107, 0.3107, 0.3107, 0.3107, 0.3107, 0.3107, 0.1016, 0.1016, 0.1016, 0.1016, 0.1016, 0.1016, 0.1016, 0.1016, 0.1016, 0.1016, 0.116, 0.116, 0.116, 0.116, 0.116, 0.116, 0.116, 0.116, 0.116, 0.116, 0.2654, 0.2654, 0.2654, 0.2654, 0.2654, 0.2654, 0.2654, 0.2654, 0.2654, 0.2654, 0.0766, 0.0766, 0.0766, 0.0766, 0.0766, 0.0766, 0.0766, 0.0766, 0.0766, 0.0766, 0.0926, 0.0926, 0.0926, 0.0926, 0.0926, 0.0926, 0.0926, 0.0926, 0.0926, 0.0926, 0.2041, 0.2041, 0.2041, 0.2041, 0.2041, 0.2041, 0.2041, 0.2041, 0.2041, 0.2041, 0.0935, 0.0935, 0.0935, 0.0935, 0.0935, 0.0935, 0.0935, 0.0935, 0.0935, 0.0935, 0.2814, 0.2814, 0.2814, 0.2814, 0.2814, 0.2814, 0.2814, 0.2814, 0.2814, 0.2814, 0.0491, 0.0491, 0.0491, 0.0491, 0.0491, 0.0491, 0.0491, 0.0491, 0.0491, 0.0491, 0.1089, 0.1089, 0.1089, 0.1089, 0.1089, 0.1089, 0.1089, 0.1089, 0.1089, 0.1089, 0.5141, 0.5141, 0.5141, 0.5141, 0.5141, 0.5141, 0.5141, 0.5141, 0.5141, 0.5141, 0.1366, 0.1366, 0.1366, 0.1366, 0.1366, 0.1366, 0.1366, 0.1366, 0.1366, 0.1366, 0.0314, 0.0314, 0.0314, 0.0314, 0.0314, 0.0314, 0.0314, 0.0314, 0.0314, 0.0314, 0.1536, 0.1536, 0.1536, 0.1536, 0.1536, 0.1536, 0.1536, 0.1536, 0.1536, 0.1536, 0.0034, 0.0034, 0.0034, 0.0034, 0.0034, 0.0034, 0.0034, 0.0034, 0.0034, 0.0034, 0.2631, 0.2631, 0.2631, 0.2631, 0.2631, 0.2631, 0.2631, 0.2631, 0.2631, 0.2631, 0.0167, 0.0167, 0.0167, 0.0167, 0.0167, 0.0167, 0.0167, 0.0167, 0.0167, 0.0167, 0.0056, 0.0056, 0.0056, 0.0056, 0.0056, 0.0056, 0.0056, 0.0056, 0.0056, 0.0056, 0.0033, 0.0033, 0.0033, 0.0033, 0.0033, 0.0033, 0.0033, 0.0033, 0.0033, 0.0033, 0.1829, 0.1829, 0.1829, 0.1829, 0.1829, 0.1829, 0.1829, 0.1829, 0.1829, 0.1829, 0.1179, 0.1179, 0.1179, 0.1179, 0.1179, 0.1179, 0.1179, 0.1179, 0.1179, 0.1179, 0.4806, 0.4806, 0.4806, 0.4806, 0.4806, 0.4806, 0.4806, 0.4806, 0.4806, 0.4806, 0.046, 0.046, 0.046, 0.046, 0.046, 0.046, 0.046, 0.046, 0.046, 0.046, 0.1733, 0.1733, 0.1733, 0.1733, 0.1733, 0.1733, 0.1733, 0.1733, 0.1733, 0.1733, 0.1084, 0.1084, 0.1084, 0.1084, 0.1084, 0.1084, 0.1084, 0.1084, 0.1084, 0.1084, 0.1067, 0.1067, 0.1067, 0.1067, 0.1067, 0.1067, 0.1067, 0.1067, 0.1067, 0.1067, 0.11, 0.11, 0.11, 0.11, 0.11, 0.11, 0.11, 0.11, 0.11, 0.11, 0.1749, 0.1749, 0.1749, 0.1749, 0.1749, 0.1749, 0.1749, 0.1749, 0.1749, 0.1749, 0.2357, 0.2357, 0.2357, 0.2357, 0.2357, 0.2357, 0.2357, 0.2357, 0.2357, 0.2357, 0.0507, 0.0507, 0.0507, 0.0507, 0.0507, 0.0507, 0.0025, 0.0025, 0.0025, 0.0025, 0.0025, 0.0025, 0.0025, 0.0025, 0.0025, 0.0025, 0.0021, 0.0021, 0.0021, 0.0021, 0.0021, 0.0021, 0.0021, 0.0021, 0.0021, 0.0021, 0.0018, 0.0018, 0.0018, 0.0018, 0.0018, 0.0018, 0.0018, 0.0018, 0.0018, 0.0018, 0.3362, 0.3362, 0.3362, 0.3362, 0.3362, 0.3362, 0.3362, 0.3362, 0.3362, 0.3362, 0.1997, 0.1997, 0.1997, 0.1997, 0.1997, 0.1997, 0.1997, 0.1997, 0.1997, 0.1997, 0.0061, 0.0061, 0.0061, 0.0061, 0.0061, 0.0061, 0.0061, 0.0061, 0.0061, 0.0061, 0.0835, 0.0835, 0.0835, 0.0835, 0.0835, 0.0835, 0.0835, 0.0835, 0.0835, 0.0835, 0.1005, 0.1005, 0.1005, 0.1005, 0.1005, 0.1005, 0.1005, 0.1005, 0.1005, 0.1005, 0.0022, 0.0022, 0.0022, 0.0022, 0.0022, 0.0022, 0.0022, 0.0022, 0.0022, 0.0022, 0.1859, 0.1859, 0.1859, 0.1859, 0.1859, 0.1859, 0.1859, 0.1859, 0.1859, 0.1859, 0.5332, 0.5332, 0.5332, 0.5332, 0.5332, 0.5332, 0.5332, 0.5332, 0.5332, 0.5332, 0.2077, 0.2077, 0.2077, 0.2077, 0.2077, 0.2077, 0.2077, 0.2077, 0.2077, 0.2077, 0.0087, 0.0087, 0.0087, 0.0087, 0.0087, 0.0087, 0.0087, 0.0087, 0.0087, 0.0087, 0.1073, 0.1073, 0.1073, 0.1073, 0.1073, 0.1073, 0.1073, 0.1073, 0.1073, 0.1073, 0.2522, 0.2522, 0.2522, 0.2522, 0.2522, 0.2522, 0.2522, 0.2522, 0.2522, 0.2522, 0.3419, 0.3419, 0.3419, 0.3419, 0.3419, 0.3419, 0.3419, 0.3419, 0.3419, 0.3419, 0.1089, 0.1089, 0.1089, 0.1089, 0.1089, 0.1089, 0.1089, 0.1089, 0.1089, 0.1089, 0.1331, 0.1331, 0.1331, 0.1331, 0.1331, 0.1331, 0.1331, 0.1331, 0.1331, 0.1331, 0.0042, 0.0042, 0.0042, 0.0042, 0.0042, 0.0042, 0.0042, 0.0042, 0.0042, 0.0042, 0.031, 0.031, 0.031, 0.031, 0.031, 0.031, 0.031, 0.031, 0.031, 0.031, 0.0182, 0.0182, 0.0182, 0.0182, 0.0182, 0.0182, 0.0182, 0.0182, 0.0182, 0.0182, 0.0028, 0.0028, 0.0028, 0.0028, 0.0028, 0.0028, 0.0028, 0.0028, 0.0028, 0.0028, 0.0023, 0.0023, 0.0023, 0.0023, 0.0023, 0.0023, 0.0023, 0.0023, 0.0023, 0.0023, 0.1348, 0.1348, 0.1348, 0.1348, 0.1348, 0.1348, 0.1348, 0.1348, 0.1348, 0.1348, 0.2978, 0.2978, 0.2978, 0.2978, 0.2978, 0.2978, 0.2978, 0.2978, 0.2978, 0.2978, 0.2385, 0.2385, 0.2385, 0.2385, 0.2385, 0.2385, 0.2385, 0.2385, 0.2385, 0.2385, 0.0236, 0.0236, 0.0236, 0.0236, 0.0236, 0.0236, 0.0236, 0.0236, 0.0236, 0.0236, 0.2989, 0.2989, 0.2989, 0.2989, 0.2989, 0.2989, 0.2989, 0.2989, 0.2989, 0.2989, 0.0985, 0.0985, 0.0985, 0.0985, 0.0985, 0.0985, 0.0985, 0.0985, 0.0985, 0.0985, 0.0178, 0.0178, 0.0178, 0.0178, 0.0178, 0.0178, 0.0178, 0.0178, 0.0178, 0.0178, 0.0022, 0.0022, 0.0022, 0.0022, 0.0022, 0.0022, 0.0022, 0.0022, 0.0022, 0.0022, 0.1801, 0.1801, 0.1801, 0.1801, 0.1801, 0.1801, 0.1801, 0.1801, 0.1801, 0.1801, 0.2746, 0.2746, 0.2746, 0.2746, 0.2746, 0.2746, 0.2746, 0.2746, 0.2746, 0.2746, 0.1218, 0.1218, 0.1218, 0.1218, 0.1218, 0.1218, 0.1218, 0.1218, 0.1218, 0.1218, 0.1252, 0.1252, 0.1252, 0.1252, 0.1252, 0.1252, 0.1252, 0.1252, 0.1252, 0.1252, 0.1644, 0.1644, 0.1644, 0.1644, 0.1644, 0.1644, 0.1644, 0.1644, 0.1644, 0.1644, 0.1171, 0.1171, 0.1171, 0.1171, 0.1171, 0.1171, 0.1171, 0.1171, 0.1171, 0.1171, 0.0307, 0.0307, 0.0307, 0.0307, 0.0307, 0.0307, 0.0307, 0.0307, 0.0307, 0.0307, 0.0027, 0.0027, 0.0027, 0.0027, 0.0027, 0.0027, 0.0027, 0.0027, 0.0027, 0.0027, 0.1688, 0.1688, 0.1688, 0.1688, 0.1688, 0.1688, 0.1688, 0.1688, 0.1688, 0.1688, 0.1502, 0.1502, 0.1502, 0.1502, 0.1502, 0.1502, 0.1502, 0.1502, 0.1502, 0.1502, 0.1009, 0.1009, 0.1009, 0.1009, 0.1009, 0.1009, 0.1009, 0.1009, 0.1009, 0.1009, 0.3118, 0.3118, 0.3118, 0.3118, 0.3118, 0.3118, 0.3118, 0.3118, 0.3118, 0.3118, 0.0063, 0.0063, 0.0063, 0.0063, 0.0063, 0.0063, 0.0063, 0.0063, 0.0063, 0.0063, 0.2495, 0.2495, 0.2495, 0.2495, 0.2495, 0.2495, 0.2495, 0.2495, 0.2495, 0.2495, 0.1263, 0.1263, 0.1263, 0.1263, 0.1263, 0.1263, 0.1263, 0.1263, 0.1263, 0.1263, 0.0051, 0.0051, 0.0051, 0.0051, 0.0051, 0.0051, 0.0051, 0.0051, 0.0051, 0.0051, 0.1416, 0.1416, 0.1416, 0.1416, 0.1416, 0.1416, 0.1416, 0.1416, 0.1416, 0.1416, 0.0835, 0.0835, 0.0835, 0.0835, 0.0835, 0.0835, 0.0835, 0.0835, 0.0835, 0.0835, 0.0473, 0.0473, 0.0473, 0.0473, 0.0473, 0.0473, 0.0473, 0.0473, 0.0473, 0.0473, 0.1905, 0.1905, 0.1905, 0.1905, 0.1905, 0.1905, 0.1905, 0.1905, 0.1905, 0.1905, 0.3004, 0.3004, 0.3004, 0.3004, 0.3004, 0.3004, 0.3004, 0.3004, 0.3004, 0.3004, 0.1231, 0.1231, 0.1231, 0.1231, 0.1231, 0.1231, 0.1231, 0.1231, 0.1231, 0.1231, 0.0463, 0.0463, 0.0463, 0.0463, 0.0463, 0.0463, 0.0463, 0.0463, 0.0463, 0.0463, 0.2153, 0.2153, 0.2153, 0.2153, 0.2153, 0.2153, 0.2153, 0.2153, 0.2153, 0.2153, 0.1556, 0.1556, 0.1556, 0.1556, 0.1556, 0.1556, 0.1556, 0.1556, 0.1556, 0.1556, 0.2549, 0.2549, 0.2549, 0.2549, 0.2549, 0.2549, 0.2549, 0.2549, 0.2549, 0.2549, 0.087, 0.087, 0.087, 0.087, 0.087, 0.087, 0.087, 0.087, 0.087, 0.087, 0.1478, 0.1478, 0.1478, 0.1478, 0.1478, 0.1478, 0.1478, 0.1478, 0.1478, 0.1478, 0.3385, 0.3385, 0.3385, 0.3385, 0.3385, 0.3385, 0.3385, 0.3385, 0.3385, 0.3385, 0.2684, 0.2684, 0.2684, 0.2684, 0.2684, 0.2684, 0.2684, 0.2684, 0.2684, 0.2684, 0.0977, 0.0977, 0.0977, 0.0977, 0.0977, 0.0977, 0.0977, 0.0977, 0.0977, 0.0977, 0.1851, 0.1851, 0.1851, 0.1851, 0.1851, 0.1851, 0.1851, 0.1851, 0.1851, 0.1851, 0.1419, 0.1419, 0.1419, 0.1419, 0.1419, 0.1419, 0.1419, 0.1419, 0.1419, 0.1419, 0.0033, 0.0033, 0.0033, 0.0033, 0.0033, 0.0033, 0.0033, 0.0033, 0.0033, 0.0033, 0.235, 0.235, 0.235, 0.235, 0.235, 0.235, 0.235, 0.235, 0.235, 0.235, 0.1299, 0.1299, 0.1299, 0.1299, 0.1299, 0.1299, 0.1299, 0.1299, 0.1299, 0.1299, 0.1782, 0.1782, 0.1782, 0.1782, 0.1782, 0.1782, 0.1782, 0.1782, 0.1782, 0.1782, 0.1337, 0.1337, 0.1337, 0.1337, 0.1337, 0.1337, 0.1337, 0.1337, 0.1337, 0.1337, 0.0728, 0.0728, 0.0728, 0.0728, 0.0728, 0.0728, 0.0728, 0.0728, 0.0728, 0.0728, 0.3087, 0.3087, 0.3087, 0.3087, 0.3087, 0.3087, 0.3087, 0.3087, 0.3087, 0.3087, 0.1931, 0.1931, 0.1931, 0.1931, 0.1931, 0.1931, 0.1931, 0.1931, 0.1931, 0.1931, 0.4482, 0.4482, 0.4482, 0.4482, 0.4482, 0.4482, 0.4482, 0.4482, 0.4482, 0.4482, 0.005, 0.005, 0.005, 0.005, 0.005, 0.005, 0.005, 0.005, 0.005, 0.005, 0.1743, 0.1743, 0.1743, 0.1743, 0.1743, 0.1743, 0.1743, 0.1743, 0.1743, 0.1743, 0.0993, 0.0993, 0.0993, 0.0993, 0.0993, 0.0993, 0.0993, 0.0993, 0.0993, 0.0993, 0.0406, 0.0406, 0.0406, 0.0406, 0.0406, 0.0406, 0.0406, 0.0406, 0.0406, 0.0406, 0.1077, 0.1077, 0.1077, 0.1077, 0.1077, 0.1077, 0.1077, 0.1077, 0.1077, 0.1077, 0.2639, 0.2639, 0.2639, 0.2639, 0.2639, 0.2639, 0.2639, 0.2639, 0.2639, 0.2639, 0.7253, 0.7253, 0.7253, 0.7253, 0.7253, 0.7253, 0.7253, 0.7253, 0.7253, 0.7253, 0.9133, 0.9133, 0.9133, 0.9133, 0.9133, 0.9133, 0.9133, 0.9133, 0.9133, 0.9133, 0.0496, 0.0496, 0.0496, 0.0496, 0.0496, 0.0496, 0.0496, 0.0496, 0.0496, 0.0496, 0.0693, 0.0693, 0.0693, 0.0693, 0.0693, 0.0693, 0.0693, 0.0693, 0.0693, 0.0693, 0.1759, 0.1759, 0.1759, 0.1759, 0.1759, 0.1759, 0.1759, 0.1759, 0.1759, 0.1759, 0.1614, 0.1614, 0.1614, 0.1614, 0.1614, 0.1614, 0.1614, 0.1614, 0.1614, 0.1614, 0.0034, 0.0034, 0.0034, 0.0034, 0.0034, 0.0034, 0.0034, 0.0034, 0.0034, 0.0034, 0.0027, 0.0027, 0.0027, 0.0027, 0.0027, 0.0027, 0.0027, 0.0027, 0.0027, 0.0027, 0.1718, 0.1718, 0.1718, 0.1718, 0.1718, 0.1718, 0.1718, 0.1718, 0.1718, 0.1718, 0.0989, 0.0989, 0.0989, 0.0989, 0.0989, 0.0989, 0.0989, 0.0989, 0.0989, 0.0989, 0.0033, 0.0033, 0.0033, 0.0033, 0.0033, 0.0033, 0.0033, 0.0033, 0.0033, 0.0033, 0.072, 0.072, 0.072, 0.072, 0.072, 0.072, 0.072, 0.072, 0.072, 0.072, 0.0158, 0.0158, 0.0158, 0.0158, 0.0158, 0.0158, 0.0158, 0.0158, 0.0158, 0.0158, 0.2283, 0.2283, 0.2283, 0.2283, 0.2283, 0.2283, 0.2283, 0.2283, 0.2283, 0.2283, 0.0023, 0.0023, 0.0023, 0.0023, 0.0023, 0.0023, 0.0023, 0.0023, 0.0023, 0.0023, 0.1243, 0.1243, 0.1243, 0.1243, 0.1243, 0.1243, 0.1243, 0.1243, 0.1243, 0.1243, 0.0838, 0.0838, 0.0838, 0.0838, 0.0838, 0.0838, 0.0838, 0.0838, 0.0838, 0.0838, 0.1977, 0.1977, 0.1977, 0.1977, 0.1977, 0.1977, 0.1977, 0.1977, 0.1977, 0.1977, 0.0646, 0.0646, 0.0646, 0.0646, 0.0646, 0.0646, 0.0646, 0.0646, 0.0646, 0.0646, 0.1782, 0.1782, 0.1782, 0.1782, 0.1782, 0.1782, 0.1782, 0.1782, 0.1782, 0.1782, 0.1009, 0.1009, 0.1009, 0.1009, 0.1009, 0.1009, 0.1009, 0.1009, 0.1009, 0.1009, 0.1847, 0.1847, 0.1847, 0.1847, 0.1847, 0.1847, 0.1847, 0.1847, 0.1847, 0.1847, 0.0055, 0.0055, 0.0055, 0.0055, 0.0055, 0.0055, 0.0055, 0.0055, 0.0055, 0.0055, 0.2847, 0.2847, 0.2847, 0.2847, 0.2847, 0.2847, 0.2847, 0.2847, 0.2847, 0.2847, 0.0668, 0.0668, 0.0668, 0.0668, 0.0668, 0.0668, 0.0668, 0.0668, 0.0668, 0.0668, 0.2672, 0.2672, 0.2672, 0.2672, 0.2672, 0.2672, 0.2672, 0.2672, 0.2672, 0.2672, 0.16, 0.16, 0.16, 0.16, 0.16, 0.16, 0.16, 0.16, 0.16, 0.16, 0.0871, 0.0871, 0.0871, 0.0871, 0.0871, 0.0871, 0.0871, 0.0871, 0.0871, 0.0871, 0.0023, 0.0023, 0.0023, 0.0023, 0.0023, 0.0023, 0.0023, 0.0023, 0.0023, 0.0023, 0.1828, 0.1828, 0.1828, 0.1828, 0.1828, 0.1828, 0.1828, 0.1828, 0.1828, 0.1828, 0.3914, 0.3914, 0.3914, 0.3914, 0.3914, 0.3914, 0.3914, 0.3914, 0.3914, 0.3914, 0.2569, 0.2569, 0.2569, 0.2569, 0.2569, 0.2569, 0.2569, 0.2569, 0.2569, 0.2569, 0.1707, 0.1707, 0.1707, 0.1707, 0.1707, 0.1707, 0.1707, 0.1707, 0.1707, 0.1707, 0.2278, 0.2278, 0.2278, 0.2278, 0.2278, 0.2278, 0.2278, 0.2278, 0.2278, 0.2278, 0.3404, 0.3404, 0.3404, 0.3404, 0.3404, 0.3404, 0.3404, 0.3404, 0.3404, 0.3404, 0.01, 0.01, 0.01, 0.01, 0.01, 0.01, 0.01, 0.01, 0.01, 0.01, 0.184, 0.184, 0.184, 0.184, 0.184, 0.184, 0.184, 0.184, 0.184, 0.184, 0.0067, 0.0067, 0.0067, 0.0067, 0.0067, 0.0067, 0.0067, 0.0067, 0.0067, 0.0067, 0.0941, 0.0941, 0.0941, 0.0941, 0.0941, 0.0941, 0.0941, 0.0941, 0.0941, 0.0941, 0.0765, 0.0765, 0.0765, 0.0765, 0.0765, 0.0765, 0.0765, 0.0765, 0.0765, 0.0765, 0.006, 0.006, 0.006, 0.006, 0.006, 0.006, 0.006, 0.006, 0.006, 0.006, 0.0024, 0.0024, 0.0024, 0.0024, 0.0024, 0.0024, 0.0024, 0.0024, 0.0024, 0.0024, 0.2605, 0.2605, 0.2605, 0.2605, 0.2605, 0.2605, 0.2605, 0.2605, 0.2605, 0.2605, 0.0771, 0.0771, 0.0771, 0.0771, 0.0771, 0.0771, 0.0771, 0.0771, 0.0771, 0.0771, 0.0046, 0.0046, 0.0046, 0.0046, 0.0046, 0.0046, 0.0046, 0.0046, 0.0046, 0.0046, 0.144, 0.144, 0.144, 0.144, 0.144, 0.144, 0.144, 0.144, 0.144, 0.144, 0.0024, 0.0024, 0.0024, 0.0024, 0.0024, 0.0024, 0.0024, 0.0024, 0.0024, 0.0024, 0.1385, 0.1385, 0.1385, 0.1385, 0.1385, 0.1385, 0.1385, 0.1385, 0.1385, 0.1385, 0.1105, 0.1105, 0.1105, 0.1105, 0.1105, 0.1105, 0.1105, 0.1105, 0.1105, 0.1105, 0.0024, 0.0024, 0.0024, 0.0024, 0.0024, 0.0024, 0.0024, 0.0024, 0.0024, 0.0024, 0.3087, 0.3087, 0.3087, 0.3087, 0.3087, 0.3087, 0.3087, 0.3087, 0.3087, 0.3087, 0.0238, 0.0238, 0.0238, 0.0238, 0.0238, 0.0238, 0.0238, 0.0238, 0.0238, 0.0238, 0.2691, 0.2691, 0.2691, 0.2691, 0.2691, 0.2691, 0.2691, 0.2691, 0.2691, 0.2691, 0.0869, 0.0869, 0.0869, 0.0869, 0.0869, 0.0869, 0.0869, 0.0869, 0.0869, 0.0869, 0.0021, 0.0021, 0.0021, 0.0021, 0.0021, 0.0021, 0.0021, 0.0021, 0.0021, 0.0021, 0.0746, 0.0746, 0.0746, 0.0746, 0.0746, 0.0746, 0.0746, 0.0746, 0.0746, 0.0746, 0.002, 0.002, 0.002, 0.002, 0.002, 0.002, 0.002, 0.002, 0.002, 0.002, 0.0821, 0.0821, 0.0821, 0.0821, 0.0821, 0.0821, 0.0821, 0.0821, 0.0821, 0.0821, 0.0569, 0.0569, 0.0569, 0.0569, 0.0569, 0.0569, 0.0569, 0.0569, 0.0569, 0.0569, 0.0543, 0.0543, 0.0543, 0.0543, 0.0543, 0.0543, 0.0543, 0.0543, 0.0543, 0.0543, 0.0017, 0.0017, 0.0017, 0.0017, 0.0017, 0.0017, 0.0017, 0.0017, 0.0017, 0.0017, 0.0866, 0.0866, 0.0866, 0.0866, 0.0866, 0.0866, 0.0866, 0.0866, 0.0866, 0.0866, 0.1941, 0.1941, 0.1941, 0.1941, 0.1941, 0.1941, 0.1941, 0.1941, 0.1941, 0.1941, 0.2106, 0.2106, 0.2106, 0.2106, 0.2106, 0.2106, 0.2106, 0.2106, 0.2106, 0.2106, 0.0268, 0.0268, 0.0268, 0.0268, 0.0268, 0.0268, 0.0268, 0.0268, 0.0268, 0.0268, 0.0225, 0.0225, 0.0225, 0.0225, 0.0225, 0.0225, 0.0225, 0.0225, 0.0225, 0.0225, 0.0048, 0.0048, 0.0048, 0.0048, 0.0048, 0.0048, 0.0048, 0.0048, 0.0048, 0.0048, 0.2411, 0.2411, 0.2411, 0.2411, 0.2411, 0.2411, 0.2411, 0.2411, 0.2411, 0.2411, 0.1187, 0.1187, 0.1187, 0.1187, 0.1187, 0.1187, 0.1187, 0.1187, 0.1187, 0.1187, 0.0025, 0.0025, 0.0025, 0.0025, 0.0025, 0.0025, 0.0025, 0.0025, 0.0025, 0.0025, 0.1065, 0.1065, 0.1065, 0.1065, 0.1065, 0.1065, 0.1065, 0.1065, 0.1065, 0.1065, 0.0022, 0.0022, 0.0022, 0.0022, 0.0022, 0.0022, 0.0022, 0.0022, 0.0022, 0.0022, 0.1038, 0.1038, 0.1038, 0.1038, 0.1038, 0.1038, 0.1038, 0.1038, 0.1038, 0.1038, 0.0593, 0.0593, 0.0593, 0.0593, 0.0593, 0.0593, 0.0593, 0.0593, 0.0593, 0.0593, 0.0023, 0.0023, 0.0023, 0.0023, 0.0023, 0.0023, 0.0023, 0.0023, 0.0023, 0.0023, 0.002, 0.002, 0.002, 0.002, 0.002, 0.002, 0.002, 0.002, 0.002, 0.002, 0.0016, 0.0016, 0.0016, 0.0016, 0.0016, 0.0016, 0.0016, 0.0016, 0.0016, 0.0016, 0.1116, 0.1116, 0.1116, 0.1116, 0.1116, 0.1116, 0.1116, 0.1116, 0.1116, 0.1116, 0.0051, 0.0051, 0.0051, 0.0051, 0.0051, 0.0051, 0.0051, 0.0051, 0.0051, 0.0051, 0.0017, 0.0017, 0.0017, 0.0017, 0.0017, 0.0017, 0.0017, 0.0017, 0.0017, 0.0017, 0.0787, 0.0787, 0.0787, 0.0787, 0.0787, 0.0787, 0.0787, 0.0787, 0.0787, 0.0787, 0.0016, 0.0016, 0.0016, 0.0016, 0.0016, 0.0016, 0.0016, 0.0016, 0.0016, 0.0016, 0.0905, 0.0905, 0.0905, 0.0905, 0.0012, 0.0012, 0.0012, 0.0012, 0.0012, 0.0012, 0.0012, 0.0012, 0.0012, 0.0012, 0.0013, 0.0013, 0.0013, 0.0013, 0.0013, 0.0013, 0.0013, 0.0013, 0.0013, 0.0013, 0.0013, 0.0013, 0.0013, 0.0013, 0.0013, 0.0013, 0.0013, 0.0013, 0.0013, 0.0013, 0.0012, 0.0012, 0.0012, 0.0012, 0.0012, 0.0012, 0.0012, 0.0012, 0.0012, 0.0012, 0.0191, 0.0191, 0.0191, 0.0191, 0.0191, 0.0191, 0.0191, 0.0191, 0.0191, 0.0191, 0.1787, 0.1787, 0.1787, 0.1787, 0.1787, 0.1787, 0.1787, 0.1787, 0.1787, 0.1787, 0.1198, 0.1198, 0.1198, 0.1198, 0.1198, 0.1198, 0.1198, 0.1198, 0.1198, 0.1198, 0.063, 0.063, 0.063, 0.063, 0.063, 0.063, 0.063, 0.063, 0.063, 0.063, 0.1081, 0.1081, 0.1081, 0.1081, 0.1081, 0.1081, 0.1081, 0.1081, 0.1081, 0.1081, 0.0895, 0.0895, 0.0895, 0.0895, 0.0895, 0.0895, 0.0895, 0.0895, 0.0895, 0.0895, 0.0874, 0.0874, 0.0874, 0.0874, 0.0874, 0.0874, 0.0874, 0.0874, 0.0874, 0.0874, 0.14, 0.14, 0.14, 0.14, 0.14, 0.14, 0.14, 0.14, 0.14, 0.14, 0.0797, 0.0797, 0.0797, 0.0797, 0.0797, 0.0797, 0.0797, 0.0797, 0.0797, 0.0797, 0.2926, 0.2926, 0.2926, 0.2926, 0.2926, 0.2926, 0.2926, 0.2926, 0.2926, 0.2926, 0.0992, 0.0992, 0.0992, 0.0992, 0.0992, 0.0992, 0.0992, 0.0992, 0.0992, 0.0992, 0.082, 0.082, 0.082, 0.082, 0.082, 0.082, 0.082, 0.082, 0.082, 0.082, 0.008, 0.008, 0.008, 0.008, 0.008, 0.008, 0.008, 0.008, 0.008, 0.008, 0.094, 0.094, 0.094, 0.094, 0.094, 0.094, 0.094, 0.094, 0.094, 0.094, 0.1012, 0.1012, 0.1012, 0.1012, 0.1012, 0.1012, 0.1012, 0.1012, 0.1012, 0.1012, 0.1745, 0.1745, 0.1745, 0.1745, 0.1745, 0.1745, 0.1745, 0.1745, 0.1745, 0.1745, 0.1093, 0.1093, 0.1093, 0.1093, 0.1093, 0.1093, 0.1093, 0.1093, 0.1093, 0.1093, 0.0017, 0.0017, 0.0017, 0.0017, 0.0017, 0.0017, 0.0017, 0.0017, 0.0017, 0.0017, 0.0562, 0.0562, 0.0562, 0.0562, 0.0562, 0.0562, 0.0562, 0.0562, 0.0562, 0.0562, 0.0552, 0.0552, 0.0552, 0.0552, 0.0552, 0.0552, 0.0552, 0.0552, 0.0552, 0.0552, 0.0019, 0.0019, 0.0019, 0.0019, 0.0019, 0.0019, 0.0019, 0.0019, 0.0019, 0.0019, 0.1889, 0.1889, 0.1889, 0.1889, 0.1889, 0.1889, 0.1889, 0.1889, 0.1889, 0.1889, 0.145, 0.145, 0.145, 0.145, 0.145, 0.145, 0.145, 0.145, 0.145, 0.145, 0.0028, 0.0028, 0.0028, 0.0028, 0.0028, 0.0028, 0.0028, 0.0028, 0.0028, 0.0028, 0.0019, 0.0019, 0.0019, 0.0019, 0.0019, 0.0019, 0.0019, 0.0019, 0.0019, 0.0019, 0.0014, 0.0014, 0.0014, 0.0014, 0.0014, 0.0014, 0.0014, 0.0014, 0.0014, 0.0014, 0.0762, 0.0762, 0.0762, 0.0762, 0.0762, 0.0762, 0.0762, 0.0762, 0.0762, 0.0762, 0.0629, 0.0629, 0.0629, 0.0629, 0.0629, 0.0629, 0.0629, 0.0629, 0.0629, 0.0629, 0.3611, 0.3611, 0.3611, 0.3611, 0.3611, 0.3611, 0.3611, 0.3611, 0.3611, 0.3611, 0.0018, 0.0018, 0.0018, 0.0018, 0.0018, 0.0018, 0.0018, 0.0018, 0.0018, 0.0018, 0.1952, 0.1952, 0.1952, 0.1952, 0.1952, 0.1952, 0.1952, 0.1952, 0.1952, 0.1952, 0.0743, 0.0743, 0.0743, 0.0743, 0.0743, 0.0743, 0.0743, 0.0743, 0.0743, 0.0743, 0.1549, 0.1549, 0.1549, 0.1549, 0.1549, 0.1549, 0.1549, 0.1549, 0.1549, 0.1549, 0.0025, 0.0025, 0.0025, 0.0025, 0.0025, 0.0025, 0.0025, 0.0025, 0.0025, 0.0025, 0.1109, 0.1109, 0.1109, 0.1109, 0.1109, 0.1109, 0.1109, 0.1109, 0.1109, 0.1109, 0.0907, 0.0907, 0.0907, 0.0907, 0.0907, 0.0907, 0.0907, 0.0907, 0.0907, 0.0907, 0.0031, 0.0031, 0.0031, 0.0031, 0.0031, 0.0031, 0.0031, 0.0031, 0.0031, 0.0031, 0.0029, 0.0029, 0.0029, 0.0029, 0.0029, 0.0029, 0.0029, 0.0029, 0.0029, 0.0029, 0.0861, 0.0861, 0.0861, 0.0861, 0.0861, 0.0861, 0.0861, 0.0861, 0.0861, 0.0861, 0.335, 0.335, 0.335, 0.335, 0.335, 0.335, 0.335, 0.335, 0.335, 0.335, 0.0018, 0.0018, 0.0018, 0.0018, 0.0018, 0.0018, 0.0018, 0.0018, 0.0018, 0.0018, 0.1131, 0.1131, 0.1131, 0.1131, 0.1131, 0.1131, 0.1131, 0.1131, 0.1131, 0.1131, 0.0177, 0.0177, 0.0177, 0.0177, 0.0177, 0.0177, 0.0177, 0.0177, 0.0177, 0.0177, 0.1996, 0.1996, 0.1996, 0.1996, 0.1996, 0.1996, 0.1996, 0.1996, 0.1996, 0.1996, 0.0785, 0.0785, 0.0785, 0.0785, 0.0785, 0.0785, 0.0785, 0.0785, 0.0785, 0.0785, 0.0781, 0.0781, 0.0781, 0.0781, 0.0781, 0.0781, 0.0781, 0.0781, 0.0781, 0.0781, 0.003, 0.003, 0.003, 0.003, 0.003, 0.003, 0.003, 0.003, 0.003, 0.003, 0.167, 0.167, 0.167, 0.167, 0.167, 0.167, 0.167, 0.167, 0.167, 0.167, 0.0045, 0.0045, 0.0045, 0.0045, 0.0045, 0.0045, 0.0045, 0.0045, 0.0045, 0.0045, 0.078, 0.078, 0.078, 0.078, 0.078, 0.078, 0.078, 0.078, 0.078, 0.078, 0.0026, 0.0026, 0.0026, 0.0026, 0.0026, 0.0026, 0.0026, 0.0026, 0.0026, 0.0026, 0.078, 0.078, 0.078, 0.078, 0.078, 0.078, 0.078, 0.078, 0.078, 0.078, 0.1184, 0.1184, 0.1184, 0.1184, 0.1184, 0.1184, 0.1184, 0.1184, 0.1184, 0.1184, 0.0021, 0.0021, 0.0021, 0.0021, 0.0021, 0.0021, 0.0021, 0.0021, 0.0021, 0.0021, 0.0024, 0.0024, 0.0024, 0.0024, 0.0024, 0.0024, 0.0024, 0.0024, 0.0024, 0.0024, 0.1613, 0.1613, 0.1613, 0.1613, 0.1613, 0.1613, 0.1613, 0.1613, 0.1613, 0.1613, 0.1018, 0.1018, 0.1018, 0.1018, 0.1018, 0.1018, 0.1018, 0.1018, 0.1018, 0.1018, 0.0825, 0.0825, 0.0825, 0.0825, 0.0825, 0.0825, 0.0825, 0.0825, 0.0825, 0.0825, 0.1127, 0.1127, 0.1127, 0.1127, 0.1127, 0.1127, 0.1127, 0.1127, 0.1127, 0.1127, 0.1168, 0.1168, 0.1168, 0.1168, 0.1168, 0.1168, 0.1168, 0.1168, 0.1168, 0.1168, 0.1487, 0.1487, 0.1487, 0.1487, 0.1487, 0.1487, 0.1487, 0.1487, 0.1487, 0.1487, 0.0022, 0.0022, 0.0022, 0.0022, 0.0022, 0.0022, 0.0022, 0.0022, 0.0022, 0.0022, 0.0894, 0.0894, 0.0894, 0.0894, 0.0894, 0.0894, 0.0894, 0.0894, 0.0894, 0.0894, 0.0138, 0.0138, 0.0138, 0.0138, 0.0138, 0.0138, 0.0138, 0.0138, 0.0138, 0.0138, 0.0027, 0.0027, 0.0027, 0.0027, 0.0027, 0.0027, 0.0027, 0.0027, 0.0027, 0.0027, 0.1068, 0.1068, 0.1068, 0.1068, 0.1068, 0.1068, 0.1068, 0.1068, 0.1068, 0.1068, 0.0016, 0.0016, 0.0016, 0.0016, 0.0016, 0.0016, 0.0016, 0.0016, 0.0016, 0.0016, 0.0017, 0.0017, 0.0017, 0.0017, 0.0017, 0.0017, 0.0017, 0.0017, 0.0017, 0.0017, 0.1047, 0.1047, 0.1047, 0.1047, 0.1047, 0.1047, 0.1047, 0.1047, 0.1047, 0.1047, 0.002, 0.002, 0.002, 0.002, 0.002, 0.002, 0.002, 0.002, 0.002, 0.002, 0.0017, 0.0017, 0.0017, 0.0017, 0.0017, 0.0017, 0.0017, 0.0017, 0.0017, 0.0017, 0.0014, 0.0014, 0.0014, 0.0014, 0.0014, 0.0014, 0.0014, 0.0014, 0.0014, 0.0014, 0.0016, 0.0016, 0.0016, 0.0016, 0.0016, 0.0016, 0.0016, 0.0016, 0.0016, 0.0016, 0.0014, 0.0014, 0.0014, 0.0014, 0.0014, 0.0014, 0.0014, 0.0014, 0.0014, 0.0014, 0.1061, 0.1061, 0.1061, 0.1061, 0.1061, 0.1061, 0.1061, 0.1061, 0.1061, 0.1061, 0.036, 0.036, 0.036, 0.036, 0.036, 0.036, 0.036, 0.036, 0.036, 0.036, 0.0015, 0.0015, 0.0015, 0.0015, 0.0015, 0.0015, 0.0015, 0.0015, 0.0977, 0.0977, 0.0977, 0.0977, 0.0977, 0.0977, 0.0977, 0.0977, 0.0977, 0.0977, 0.0034, 0.0034, 0.0034, 0.0034, 0.0034, 0.0034, 0.0034, 0.0034, 0.0034, 0.0034, 0.1777, 0.1777, 0.1777, 0.1777, 0.1777, 0.1777, 0.1777, 0.1777, 0.1777, 0.1777, 0.0014, 0.0014, 0.0014, 0.0014, 0.0014, 0.0014, 0.0014, 0.0014, 0.0014, 0.0014, 0.0582, 0.0582, 0.0582, 0.0582, 0.0582, 0.0582, 0.0582, 0.0582, 0.0582, 0.0582, 0.1581, 0.1581, 0.1581, 0.1581, 0.1581, 0.1581, 0.1581, 0.1581, 0.1581, 0.1581, 0.0022, 0.0022, 0.0022, 0.0022, 0.0022, 0.0022, 0.0022, 0.0022, 0.0022, 0.0022, 0.2627, 0.2627, 0.2627, 0.2627, 0.2627, 0.2627, 0.2627, 0.2627, 0.2627, 0.2627, 0.0235, 0.0235, 0.0235, 0.0235, 0.0235, 0.0235, 0.0235, 0.0235, 0.0235, 0.0235, 0.0018, 0.0018, 0.0018, 0.0018, 0.0018, 0.0018, 0.0018, 0.0018, 0.0018, 0.0018, 0.0928, 0.0928, 0.0928, 0.0928, 0.0928, 0.0928, 0.0928, 0.0928, 0.0928, 0.0928, 0.1676, 0.1676, 0.1676, 0.1676, 0.1676, 0.1676, 0.1676, 0.1676, 0.1676, 0.1676, 0.0016, 0.0016, 0.0016, 0.0016, 0.0016, 0.0016, 0.0016, 0.0016, 0.0016, 0.0016, 0.0926, 0.0926, 0.0926, 0.0926, 0.0926, 0.0926, 0.0926, 0.0926, 0.0926, 0.0926, 0.1298, 0.1298, 0.1298, 0.1298, 0.1298, 0.1298, 0.1298, 0.1298, 0.1298, 0.1298, 0.0027, 0.0027, 0.0027, 0.0027, 0.0027, 0.0027, 0.0027, 0.0027, 0.0027, 0.0027, 0.0016, 0.0016, 0.0016, 0.0016, 0.0016, 0.0016, 0.0016, 0.0016, 0.0016, 0.0016, 0.0014, 0.0014, 0.0014, 0.0014, 0.0014, 0.0014, 0.0014, 0.0014, 0.0014, 0.0014, 0.2011, 0.2011, 0.2011, 0.2011, 0.2011, 0.2011, 0.2011, 0.2011, 0.2011, 0.2011, 0.175, 0.175, 0.175, 0.175, 0.175, 0.175, 0.175, 0.175, 0.175, 0.175, 0.0859, 0.0859, 0.0859, 0.0859, 0.0859, 0.0859, 0.0859, 0.0859, 0.0859, 0.0859, 0.0017, 0.0017, 0.0017, 0.0017, 0.0017, 0.0017, 0.0017, 0.0017, 0.0017, 0.0017, 0.0017, 0.0017, 0.0017, 0.0017, 0.0017, 0.0017, 0.0017, 0.0017, 0.0017, 0.0017, 0.3327, 0.3327, 0.3327, 0.3327, 0.3327, 0.3327, 0.3327, 0.3327, 0.3327, 0.3327, 0.0023, 0.0023, 0.0023, 0.0023, 0.0023, 0.0023, 0.0023, 0.0023, 0.0023, 0.0023, 0.0016, 0.0016, 0.0016, 0.0016, 0.0016, 0.0016, 0.0016, 0.0016, 0.0016, 0.0016, 0.0017, 0.0017, 0.0017, 0.0017, 0.0017, 0.0017, 0.0017, 0.0017, 0.0017, 0.0017, 0.0017, 0.0017, 0.0017, 0.0017, 0.0017, 0.0017, 0.0017, 0.0017, 0.0017, 0.0017, 0.1, 0.1, 0.1, 0.1, 0.1, 0.1, 0.1, 0.1, 0.1, 0.1, 0.0018, 0.0018, 0.0018, 0.0018, 0.0018, 0.0018, 0.0018, 0.0018, 0.0018, 0.0018, 0.0021, 0.0021, 0.0021, 0.0021, 0.0021, 0.0021, 0.0021, 0.0021, 0.0021, 0.0021, 0.0946, 0.0946, 0.0946, 0.0946, 0.0946, 0.0946, 0.0946, 0.0946, 0.0946, 0.0946, 0.0226, 0.0226, 0.0226, 0.0226, 0.0226, 0.0226, 0.0226, 0.0226, 0.0226, 0.0226, 0.0015, 0.0015, 0.0015, 0.0015, 0.0015, 0.0015, 0.0015, 0.0015, 0.0015, 0.0015, 0.0865, 0.0865, 0.0865, 0.0865, 0.0865, 0.0865, 0.0865, 0.0865, 0.0865, 0.0865, 0.0886, 0.0886, 0.0886, 0.0886, 0.0886, 0.0886, 0.0886, 0.0886, 0.0886, 0.0886, 0.0019, 0.0019, 0.0019, 0.0019, 0.0019, 0.0019, 0.0019, 0.0019, 0.0019, 0.0019, 0.0019, 0.0019, 0.0019, 0.0019, 0.0019, 0.0019, 0.0019, 0.0019, 0.0019, 0.0019, 0.2155, 0.2155, 0.2155, 0.2155, 0.2155, 0.2155, 0.2155, 0.2155, 0.2155, 0.2155, 0.0796, 0.0796, 0.0796, 0.0796, 0.0796, 0.0796, 0.0796, 0.0796, 0.0796, 0.0796, 0.2011, 0.2011, 0.2011, 0.2011, 0.2011, 0.2011, 0.2011, 0.2011, 0.2011, 0.2011, 0.0148, 0.0148, 0.0148, 0.0148, 0.0148, 0.0148, 0.0148, 0.0148, 0.0148, 0.0148, 0.2293, 0.2293, 0.2293, 0.2293, 0.2293, 0.2293, 0.2293, 0.2293, 0.2293, 0.2293, 0.0925, 0.0925, 0.0925, 0.0925, 0.0925, 0.0925, 0.0925, 0.0925, 0.0925, 0.0925, 0.002, 0.002, 0.002, 0.002, 0.002, 0.002, 0.002, 0.002, 0.002, 0.002, 0.0016, 0.0016, 0.0016, 0.0016, 0.0016, 0.0016, 0.0016, 0.0016, 0.0016, 0.0016, 0.0016, 0.0016, 0.0016, 0.0016, 0.0016, 0.0016, 0.0016, 0.0016, 0.0016, 0.0016, 0.0015, 0.0015, 0.0015, 0.0015, 0.0015, 0.0015, 0.0015, 0.0015, 0.0015, 0.0015, 0.0013, 0.0013, 0.0013, 0.0013, 0.0013, 0.0013, 0.0013, 0.0013, 0.0013, 0.0013, 0.1933, 0.1933, 0.1933, 0.1933, 0.1933, 0.1933, 0.1933, 0.1933, 0.1933, 0.1933, 0.1714, 0.1714, 0.1714, 0.1714, 0.1714, 0.1714, 0.1714, 0.1714, 0.1714, 0.1714, 0.0824, 0.0824, 0.0824, 0.0824, 0.0824, 0.0824, 0.0824, 0.0824, 0.0824, 0.0824, 0.0018, 0.0018, 0.0018, 0.0018, 0.0018, 0.0018, 0.0018, 0.0018, 0.0018, 0.0018, 0.1367, 0.1367, 0.1367, 0.1367, 0.1367, 0.1367, 0.1367, 0.1367, 0.1367, 0.1367, 0.0018, 0.0018, 0.0018, 0.0018, 0.0018, 0.0018, 0.0018, 0.0018, 0.0018, 0.0018, 0.0017, 0.0017, 0.0017, 0.0017, 0.0017, 0.0017, 0.0017, 0.0017, 0.0017, 0.0017, 0.0867, 0.0867, 0.0867, 0.0867, 0.0867, 0.0867, 0.0867, 0.0867, 0.0867, 0.0867, 0.0019, 0.0019, 0.0019, 0.0019, 0.0019, 0.0019, 0.0019, 0.0019, 0.0019, 0.0019, 0.0017, 0.0017, 0.0017, 0.0017, 0.0017, 0.0017, 0.0017, 0.0017, 0.0017, 0.0017, 0.0017, 0.0017, 0.0017, 0.0017, 0.0017, 0.0017, 0.0017, 0.0017, 0.0017, 0.0017, 0.0016, 0.0016, 0.0016, 0.0016, 0.0016, 0.0016, 0.0016, 0.0016, 0.0016, 0.0016, 0.0013, 0.0013, 0.0013, 0.0013, 0.0013, 0.0013, 0.0013, 0.0013, 0.0013, 0.0013, 0.0015, 0.0015, 0.0015, 0.0015, 0.0015, 0.0015, 0.0015, 0.0015, 0.0015, 0.0015, 0.0013, 0.0013, 0.0013, 0.0013, 0.0013, 0.0013, 0.0013, 0.0013, 0.0013, 0.0013, 0.1059, 0.1059, 0.1059, 0.1059, 0.1059, 0.1059, 0.1059, 0.1059, 0.1059, 0.1059, 0.0013, 0.0013, 0.0013, 0.0013, 0.0013, 0.0013, 0.0013, 0.0013, 0.0013, 0.0013, 0.0999, 0.0999, 0.0999, 0.0999, 0.0999, 0.0999, 0.0999, 0.0999, 0.0999, 0.0999, 0.0893, 0.0893, 0.0893, 0.0893, 0.0893, 0.0893, 0.0893, 0.0893, 0.0893, 0.0893, 0.0994, 0.0994, 0.0994, 0.0994, 0.0994, 0.0994, 0.0994, 0.0994, 0.0994, 0.0994, 0.088, 0.088, 0.088, 0.088, 0.088, 0.088, 0.088, 0.088, 0.088, 0.088, 0.002, 0.002, 0.002, 0.002, 0.002, 0.002, 0.002, 0.002, 0.002, 0.002, 0.0066, 0.0066, 0.0066, 0.0066, 0.0066, 0.0066, 0.0066, 0.0066, 0.0066, 0.0066, 0.1919, 0.1919, 0.1919, 0.1919, 0.1919, 0.1919, 0.1919, 0.1919, 0.1919, 0.1919, 0.0019, 0.0019, 0.0019, 0.0019, 0.0019, 0.0019, 0.0019, 0.0019, 0.0019, 0.0019, 0.0018, 0.0018, 0.0018, 0.0018, 0.0018, 0.0018, 0.0018, 0.0018, 0.0018, 0.0018, 0.0015, 0.0015, 0.0015, 0.0015, 0.0015, 0.0015, 0.0015, 0.0015, 0.0015, 0.0015, 0.0815, 0.0815, 0.0815, 0.0815, 0.0815, 0.0815, 0.0815, 0.0815, 0.0815, 0.0815, 0.002, 0.002, 0.002, 0.002, 0.002, 0.002, 0.002, 0.002, 0.002, 0.002, 0.0322, 0.0322, 0.0322, 0.0322, 0.0322, 0.0322, 0.0322, 0.0322, 0.0322, 0.0322, 0.0017, 0.0017, 0.0017, 0.0017, 0.0017, 0.0017, 0.0017, 0.0017, 0.0017, 0.0017, 0.0956, 0.0956, 0.0956, 0.0956, 0.0956, 0.0956, 0.0956, 0.0956, 0.0956, 0.0956, 0.0014, 0.0014, 0.0014, 0.0014, 0.0014, 0.0014, 0.0014, 0.0014, 0.0014, 0.0014, 0.0014, 0.0014, 0.1127, 0.1127, 0.1127, 0.1127, 0.1127, 0.1127, 0.1127, 0.1127, 0.1127, 0.1127, 0.097, 0.097, 0.097, 0.097, 0.097, 0.097, 0.097, 0.097, 0.097, 0.097, 0.0013, 0.0013, 0.0013, 0.0013, 0.0013, 0.0013, 0.0013, 0.0013, 0.0013, 0.0013, 0.0013, 0.0013, 0.0013, 0.0013, 0.0013, 0.0013, 0.0013, 0.0013, 0.0013, 0.0013, 0.0012, 0.0012, 0.0012, 0.0012, 0.0012, 0.0012, 0.0012, 0.0012, 0.0012, 0.0012, 0.0012, 0.0012, 0.0012, 0.0012, 0.0012, 0.0012, 0.0012, 0.0012, 0.0012, 0.0012, 0.0013, 0.0013, 0.0013, 0.0013, 0.0013, 0.0013, 0.0013, 0.0013, 0.0013, 0.0013, 0.0012, 0.0012, 0.0012, 0.0012, 0.0012, 0.0012, 0.0012, 0.0012, 0.0012, 0.0012, 0.0905, 0.0905, 0.0905, 0.0905, 0.0905, 0.0905, 0.0905, 0.0905, 0.0905, 0.0905, 0.0012, 0.0012, 0.0012, 0.0012, 0.0012, 0.0012, 0.0012, 0.0012, 0.0012, 0.0012, 0.0979, 0.0979, 0.0979, 0.0979, 0.0979, 0.0979, 0.0979, 0.0979, 0.0979, 0.0979, 0.0012, 0.0012, 0.0012, 0.0012, 0.0012, 0.0012, 0.0012, 0.0012, 0.0012, 0.0012, 0.1091, 0.1091, 0.1091, 0.1091, 0.1091, 0.1091, 0.1091, 0.1091, 0.1091, 0.1091, 0.1017, 0.1017, 0.1017, 0.1017, 0.1017, 0.1017, 0.1017, 0.1017, 0.1017, 0.1017, 0.0013, 0.0013, 0.0013, 0.0013, 0.0013, 0.0013, 0.0013, 0.0013, 0.0013, 0.0013, 0.0015, 0.0015, 0.0015, 0.0015, 0.0015, 0.0015, 0.0015, 0.0015, 0.0015, 0.0015, 0.0774, 0.0774, 0.0774, 0.0774, 0.0774, 0.0774, 0.0774, 0.0774, 0.0774, 0.0774, 0.0013, 0.0013, 0.0013, 0.0013, 0.0013, 0.0013, 0.0013, 0.0013, 0.0013, 0.0013, 0.1014, 0.1014, 0.1014, 0.1014, 0.1014, 0.1014, 0.1014, 0.1014, 0.1014, 0.1014, 0.0949, 0.0949, 0.0949, 0.0949, 0.0949, 0.0949, 0.0949, 0.0949, 0.0949, 0.0949, 0.0013, 0.0013, 0.0013, 0.0013, 0.0013, 0.0013, 0.0013, 0.0013, 0.0013, 0.0013, 0.0013, 0.0013, 0.0013, 0.0013, 0.0013, 0.0013, 0.0013, 0.0013, 0.0013, 0.0013, 0.0011, 0.0011, 0.0011, 0.0011, 0.0011, 0.0011, 0.0011, 0.0011, 0.0011, 0.0011, 0.067, 0.067, 0.067, 0.067, 0.067, 0.067, 0.067, 0.067, 0.067, 0.067, 0.0011, 0.0011, 0.0011, 0.0011, 0.0011, 0.0011, 0.0011, 0.0011, 0.0011, 0.0011, 0.1925, 0.1925, 0.1925, 0.1925, 0.1925, 0.1925, 0.1925, 0.1925, 0.1925, 0.1925, 0.0012, 0.0012, 0.0012, 0.0012, 0.0012, 0.0012, 0.0012, 0.0012, 0.0012, 0.0012, 0.0013, 0.0013, 0.0013, 0.0013, 0.0013, 0.0013, 0.0013, 0.0013, 0.0013, 0.0013, 0.002, 0.002, 0.002, 0.002, 0.002, 0.002, 0.002, 0.002, 0.002, 0.002, 0.0012, 0.0012, 0.0012, 0.0012, 0.0012, 0.0012, 0.0012, 0.0012, 0.0012, 0.0012, 0.0011, 0.0011, 0.0011, 0.0011, 0.0011, 0.0011, 0.0011, 0.0011, 0.0011, 0.0011, 0.0949, 0.0949, 0.0949, 0.0949, 0.0949, 0.0949, 0.0949, 0.0949, 0.0949, 0.0949, 0.0906, 0.0906, 0.0906, 0.0906, 0.0906, 0.0906, 0.0906, 0.0906, 0.0906, 0.0906, 0.0015, 0.0015, 0.0015, 0.0015, 0.0015, 0.0015, 0.0015, 0.0015, 0.0015, 0.0015, 0.1861, 0.1861, 0.1861, 0.1861, 0.1861, 0.1861, 0.1861, 0.1861, 0.1861, 0.1861, 0.0987, 0.0987, 0.0987, 0.0987, 0.0987, 0.0987, 0.0987, 0.0987, 0.0987, 0.0987, 0.0013, 0.0013, 0.0013, 0.0013, 0.0013, 0.0013, 0.0013, 0.0013, 0.0013, 0.0013, 0.0013, 0.0013, 0.0013, 0.0013, 0.0013, 0.0013, 0.0013, 0.0013, 0.0013, 0.0013, 0.0014, 0.0014, 0.0014, 0.0014, 0.0014, 0.0014, 0.0014, 0.0014, 0.0014, 0.0014, 0.0016, 0.0016, 0.0016, 0.0016, 0.0016, 0.0016, 0.0016, 0.0016, 0.0016, 0.0016, 0.0016, 0.0016, 0.0016, 0.0016, 0.0016, 0.0016, 0.0016, 0.0016, 0.0016, 0.0016, 0.084, 0.084, 0.084, 0.084, 0.084, 0.084, 0.084, 0.084, 0.084, 0.084, 0.0016, 0.0016, 0.0016, 0.0016, 0.0016, 0.0016, 0.0016, 0.0016, 0.0016, 0.0016, 0.0836, 0.0836, 0.0836, 0.0836, 0.0836, 0.0836, 0.0836, 0.0836, 0.0836, 0.0836, 0.0017, 0.0017, 0.0017, 0.0017, 0.0017, 0.0017, 0.0017, 0.0017, 0.0017, 0.0017, 0.2327, 0.2327, 0.2327, 0.2327, 0.2327, 0.2327, 0.2327, 0.2327, 0.2327, 0.2327, 0.171, 0.171, 0.171, 0.171, 0.171, 0.171, 0.171, 0.171, 0.171, 0.171, 0.0973, 0.0973, 0.0973, 0.0973, 0.0973, 0.0973, 0.0973, 0.0973, 0.0973, 0.0973, 0.0016, 0.0016, 0.0016, 0.0016, 0.0016, 0.0016, 0.0016, 0.0016, 0.0016, 0.0016, 0.2003, 0.2003, 0.2003, 0.2003, 0.2003, 0.2003, 0.2003, 0.2003, 0.2003, 0.2003, 0.0019, 0.0019, 0.0019, 0.0019, 0.0019, 0.0019, 0.0019, 0.0019, 0.0019, 0.0019, 0.0654, 0.0654, 0.0654, 0.0654, 0.0654, 0.0654, 0.0654, 0.0654, 0.0654, 0.0654, 0.0125, 0.0125, 0.0125, 0.0125, 0.0125, 0.0125, 0.0125, 0.0125, 0.0125, 0.0125, 0.0014, 0.0014, 0.0014, 0.0014, 0.0014, 0.0014, 0.0014, 0.0014, 0.0014, 0.0014, 0.0942, 0.0942, 0.0942, 0.0942, 0.0942, 0.0942, 0.0942, 0.0942, 0.0942, 0.0942, 0.1925, 0.1925, 0.1925, 0.1925, 0.1925, 0.1925, 0.1925, 0.1925, 0.1925, 0.1925, 0.0818, 0.0818, 0.0818, 0.0818, 0.0818, 0.0818, 0.0818, 0.0818, 0.0818, 0.0818, 0.0015, 0.0015, 0.0015, 0.0015, 0.0015, 0.0015, 0.0015, 0.0015, 0.0015, 0.0015, 0.0015, 0.0015, 0.0015, 0.0015, 0.0015, 0.0015, 0.0015, 0.0015, 0.0015, 0.0015, 0.0996, 0.0996, 0.0996, 0.0996, 0.0996, 0.0996, 0.0996, 0.0996, 0.0996, 0.0996, 0.0019, 0.0019, 0.0019, 0.0019, 0.0019, 0.0019, 0.0019, 0.0019, 0.0019, 0.0019, 0.0013, 0.0013, 0.0013, 0.0013, 0.0013, 0.0013, 0.0013, 0.0013, 0.0013, 0.0013, 0.0852, 0.0852, 0.0852, 0.0852, 0.0852, 0.0852, 0.0852, 0.0852, 0.0852, 0.0852, 0.0017, 0.0017, 0.0017, 0.0017, 0.0017, 0.0017, 0.0017, 0.0017, 0.0017, 0.0017, 0.0925, 0.0925, 0.0925, 0.0925, 0.0925, 0.0925, 0.0925, 0.0925, 0.0925, 0.0925, 0.0937, 0.0937, 0.0937, 0.0937, 0.0937, 0.0937, 0.0937, 0.0937, 0.0937, 0.0937, 0.0014, 0.0014, 0.0014, 0.0014, 0.0014, 0.0014, 0.0014, 0.0014, 0.0014, 0.0014, 0.0015, 0.0015, 0.0015, 0.0015, 0.0015, 0.0015, 0.0015, 0.0015, 0.0015, 0.0015, 0.0015, 0.0015, 0.0015, 0.0015, 0.0015, 0.0015, 0.0015, 0.0015, 0.0015, 0.0015, 0.1729, 0.1729, 0.1729, 0.1729, 0.1729, 0.1729, 0.1729, 0.1729, 0.1729, 0.1729, 0.0016, 0.0016, 0.0016, 0.0016, 0.0016, 0.0016, 0.0016, 0.0016, 0.0016, 0.0016, 0.0015, 0.0015, 0.0015, 0.0015, 0.0015, 0.0015, 0.0015, 0.0015, 0.0015, 0.0015, 0.0015, 0.0015, 0.0015, 0.0015, 0.0015, 0.0015, 0.0015, 0.0015, 0.0015, 0.0015, 0.177, 0.177, 0.177, 0.177, 0.177, 0.177, 0.177, 0.177, 0.177, 0.177, 0.0344, 0.0344, 0.0344, 0.0344, 0.0344, 0.0344, 0.0344, 0.0344, 0.0344, 0.0344, 0.0932, 0.0932, 0.0932, 0.0932, 0.0932, 0.0932, 0.0932, 0.0932, 0.0932, 0.0932, 0.0338, 0.0338, 0.0338, 0.0338, 0.0338, 0.0338, 0.0338, 0.0338, 0.0338, 0.0338, 0.0019, 0.0019, 0.0019, 0.0019, 0.0019, 0.0019, 0.0019, 0.0019, 0.0019, 0.0019, 0.1027, 0.1027, 0.1027, 0.1027, 0.1027, 0.1027, 0.1027, 0.1027, 0.1027, 0.1027, 0.1686, 0.1686, 0.1686, 0.1686, 0.1686, 0.1686, 0.0016, 0.0016, 0.0016, 0.0016, 0.0016, 0.0016, 0.0016, 0.0016, 0.0016, 0.0016, 0.0018, 0.0018, 0.0018, 0.0018, 0.0018, 0.0018, 0.0018, 0.0018, 0.0018, 0.0018, 0.0015, 0.0015, 0.0015, 0.0015, 0.0015, 0.0015, 0.0015, 0.0015, 0.0015, 0.0015, 0.0015, 0.0015, 0.0015, 0.0015, 0.0015, 0.0015, 0.0015, 0.0015, 0.0015, 0.0015, 0.1052, 0.1052, 0.1052, 0.1052, 0.1052, 0.1052, 0.1052, 0.1052, 0.1052, 0.1052, 0.0033, 0.0033, 0.0033, 0.0033, 0.0033, 0.0033, 0.0033, 0.0033, 0.0033, 0.0033, 0.0016, 0.0016, 0.0016, 0.0016, 0.0016, 0.0016, 0.0016, 0.0016, 0.0016, 0.0016, 0.0016, 0.0016, 0.0016, 0.0016, 0.0016, 0.0016, 0.0016, 0.0016, 0.0016, 0.0016, 0.0013, 0.0013, 0.0013, 0.0013, 0.0013, 0.0013, 0.0013, 0.0013, 0.0013, 0.0013, 0.0015, 0.0015, 0.0015, 0.0015, 0.0015, 0.0015, 0.0015, 0.0015, 0.0015, 0.0015, 0.0947, 0.0947, 0.0947, 0.0947, 0.0947, 0.0947, 0.0947, 0.0947, 0.0947, 0.0947, 0.0047, 0.0047, 0.0047, 0.0047, 0.0047, 0.0047, 0.0047, 0.0047, 0.0047, 0.0047, 0.0934, 0.0934, 0.0934, 0.0934, 0.0934, 0.0934, 0.0934, 0.0934, 0.0934, 0.0934, 0.0486, 0.0486, 0.0486, 0.0486, 0.0486, 0.0486, 0.0486, 0.0486, 0.0486, 0.0486, 0.0023, 0.0023, 0.0023, 0.0023, 0.0023, 0.0023, 0.0023, 0.0023, 0.0023, 0.0023, 0.0013, 0.0013, 0.0013, 0.0013, 0.0013, 0.0013, 0.0013, 0.0013, 0.0013, 0.0013, 0.0014, 0.0014, 0.0014, 0.0014, 0.0014, 0.0014, 0.0014, 0.0014, 0.0014, 0.0014, 0.0907, 0.0907, 0.0907, 0.0907, 0.0907, 0.0907, 0.0907, 0.0907, 0.0907, 0.0907, 0.0014, 0.0014, 0.0014, 0.0014, 0.0014, 0.0014, 0.0014, 0.0014, 0.0014, 0.0014, 0.0013, 0.0013, 0.0013, 0.0013, 0.0013, 0.0013, 0.0013, 0.0013, 0.0013, 0.0013, 0.0014, 0.0014, 0.0014, 0.0014, 0.0014, 0.0014, 0.0014, 0.0014, 0.0014, 0.0014, 0.0947, 0.0947, 0.0947, 0.0947, 0.0947, 0.0947, 0.0947, 0.0947, 0.0947, 0.0947, 0.0016, 0.0016, 0.0016, 0.0016, 0.0016, 0.0016, 0.0016, 0.0016, 0.0016, 0.0016, 0.0014, 0.0014, 0.0014, 0.0014, 0.0014, 0.0014, 0.0014, 0.0014, 0.0014, 0.0014, 0.1016, 0.1016, 0.1016, 0.1016, 0.1016, 0.1016, 0.1016, 0.1016, 0.1016, 0.1016, 0.0015, 0.0015, 0.0015, 0.0015, 0.0015, 0.0015, 0.0015, 0.0015, 0.0015, 0.0015, 0.1031, 0.1031, 0.1031, 0.1031, 0.1031, 0.1031, 0.1031, 0.1031, 0.1031, 0.1031, 0.1256, 0.1256, 0.1256, 0.1256, 0.1256, 0.1256, 0.1256, 0.1256, 0.1256, 0.1256, 0.092, 0.092, 0.092, 0.092, 0.092, 0.092, 0.092, 0.092, 0.092, 0.092, 0.0857, 0.0857, 0.0857, 0.0857, 0.0857, 0.0857, 0.0857, 0.0857, 0.0857, 0.0857, 0.0013, 0.0013, 0.0013, 0.0013, 0.0013, 0.0013, 0.0013, 0.0013, 0.0013, 0.0013, 0.0013, 0.0013, 0.0013, 0.0013, 0.0013, 0.0013, 0.0013, 0.0013, 0.0013, 0.0013, 0.0014, 0.0014, 0.0014, 0.0014, 0.0014, 0.0014, 0.0014, 0.0014, 0.0014, 0.0014, 0.0886, 0.0886, 0.0886, 0.0886, 0.0886, 0.0886, 0.0886, 0.0886, 0.0886, 0.0886, 0.0014, 0.0014, 0.0014, 0.0014, 0.0014, 0.0014, 0.0014, 0.0014, 0.0014, 0.0014, 0.0013, 0.0013, 0.0013, 0.0013, 0.0013, 0.0013, 0.0013, 0.0013, 0.0013, 0.0013, 0.1199, 0.1199, 0.1199, 0.1199, 0.1199, 0.1199, 0.1199, 0.1199, 0.1199, 0.1199, 0.09, 0.09, 0.09, 0.09, 0.09, 0.09, 0.09, 0.09, 0.09, 0.09, 0.0013, 0.0013, 0.0013, 0.0013, 0.0013, 0.0013, 0.0013, 0.0013, 0.0013, 0.0013, 0.0843, 0.0843, 0.0843, 0.0843, 0.0843, 0.0843, 0.0843, 0.0843, 0.0843, 0.0843, 0.0014, 0.0014, 0.0014, 0.0014, 0.0014, 0.0014, 0.0014, 0.0014, 0.0014, 0.0014, 0.099, 0.099, 0.099, 0.099, 0.099, 0.099, 0.099, 0.099, 0.099, 0.099, 0.0014, 0.0014, 0.0014, 0.0014, 0.0014, 0.0014, 0.0014, 0.0014, 0.0014, 0.0014, 0.0015, 0.0015, 0.0015, 0.0015, 0.0015, 0.0015, 0.0015, 0.0015, 0.0015, 0.0015, 0.0013, 0.0013, 0.0013, 0.0013, 0.0013, 0.0013, 0.0013, 0.0013, 0.0013, 0.0013, 0.0013, 0.0013, 0.0013, 0.0013, 0.0013, 0.0013, 0.0013, 0.0013, 0.0013, 0.0013, 0.0012, 0.0012, 0.0012, 0.0012, 0.0012, 0.0012, 0.0012, 0.0012, 0.0012, 0.0012, 0.089, 0.089, 0.089, 0.089, 0.089, 0.089, 0.089, 0.089, 0.089, 0.089, 0.0012, 0.0012, 0.0012, 0.0012, 0.0012, 0.0012, 0.0012, 0.0012, 0.0012, 0.0012, 0.0151, 0.0151, 0.0151, 0.0151, 0.0151, 0.0151, 0.0151, 0.0151, 0.0151, 0.0151, 0.0014, 0.0014, 0.0014, 0.0014, 0.0014, 0.0014, 0.0014, 0.0014, 0.0014, 0.0014, 0.0014, 0.0014, 0.0014, 0.0014, 0.0014, 0.0014, 0.0014, 0.0014, 0.0014, 0.0014, 0.0916, 0.0916, 0.0916, 0.0916, 0.0916, 0.0916, 0.0916, 0.0916, 0.0916, 0.0916, 0.1032, 0.1032, 0.1032, 0.1032, 0.1032, 0.1032, 0.1032, 0.1032, 0.1032, 0.1032, 0.0013, 0.0013, 0.0013, 0.0013, 0.0013, 0.0013, 0.0013, 0.0013, 0.0013, 0.0013, 0.0643, 0.0643, 0.0643, 0.0643, 0.0643, 0.0643, 0.0643, 0.0643, 0.0643, 0.0643, 0.014, 0.014, 0.014, 0.014, 0.014, 0.014, 0.014, 0.014, 0.014, 0.014, 0.0012, 0.0012, 0.0012, 0.0012, 0.0012, 0.0012, 0.0012, 0.0012, 0.0012, 0.0012, 0.0012, 0.0012, 0.0012, 0.0012, 0.0012, 0.0012, 0.0012, 0.0012, 0.0012, 0.0012, 0.0013, 0.0013, 0.0013, 0.0013, 0.0013, 0.0013, 0.0013, 0.0013, 0.0013, 0.0013, 0.0014, 0.0014, 0.0014, 0.0014, 0.0014, 0.0014, 0.0014, 0.0014, 0.0014, 0.0014, 0.0012, 0.0012, 0.0012, 0.0012, 0.0012, 0.0012, 0.0012, 0.0012, 0.0012, 0.0012, 0.0871, 0.0871, 0.0871, 0.0871, 0.0871, 0.0871, 0.0871, 0.0871, 0.0871, 0.0871, 0.0013, 0.0013, 0.0013, 0.0013, 0.0013, 0.0013, 0.0013, 0.0013, 0.0013, 0.0013, 0.0891, 0.0891, 0.0891, 0.0891, 0.0891, 0.0891, 0.0891, 0.0891, 0.0891, 0.0891, 0.0013, 0.0013, 0.0013, 0.0013, 0.0013, 0.0013, 0.0013, 0.0013, 0.0013, 0.0013, 0.1637, 0.1637, 0.1637, 0.1637, 0.1637, 0.1637, 0.1637, 0.1637, 0.1637, 0.1637, 0.19, 0.19, 0.19, 0.19, 0.19, 0.19, 0.19, 0.19, 0.19, 0.19, 0.0914, 0.0914, 0.0914, 0.0914, 0.0914, 0.0914, 0.0914, 0.0914, 0.0914, 0.0914, 0.0985, 0.0985, 0.0985, 0.0985, 0.0985, 0.0985, 0.0985, 0.0985, 0.0985, 0.0985, 0.1036, 0.1036, 0.1036, 0.1036, 0.1036, 0.1036, 0.1036, 0.1036, 0.1036, 0.1036, 0.0013, 0.0013, 0.0013, 0.0013, 0.0013, 0.0013, 0.0013, 0.0013, 0.0013, 0.0013, 0.0015, 0.0015, 0.0015, 0.0015, 0.0015, 0.0015, 0.0015, 0.0015, 0.0015, 0.0015, 0.1875, 0.1875, 0.1875, 0.1875, 0.1875, 0.1875, 0.1875, 0.1875, 0.1875, 0.1875, 0.2069, 0.2069, 0.2069, 0.2069, 0.2069, 0.2069, 0.2069, 0.2069, 0.2069, 0.2069, 0.0014, 0.0014, 0.0014, 0.0014, 0.0014, 0.0014, 0.0014, 0.0014, 0.0014, 0.0014, 0.0013, 0.0013, 0.0013, 0.0013, 0.0013, 0.0013, 0.0013, 0.0013, 0.0013, 0.0013, 0.0012, 0.0012, 0.0012, 0.0012, 0.0012, 0.0012, 0.0012, 0.0012, 0.0012, 0.0012, 0.0015, 0.0015, 0.0015, 0.0015, 0.0015, 0.0015, 0.0015, 0.0015, 0.0015, 0.0015, 0.0017, 0.0017, 0.0017, 0.0017, 0.0017, 0.0017, 0.0017, 0.0017, 0.0017, 0.0017, 0.0106, 0.0106, 0.0106, 0.0106, 0.0106, 0.0106, 0.0106, 0.0106, 0.0106, 0.0106]
Validation Loss:
[0.4175083339214325, 0.287095844745636, 0.3244973421096802, 0.28350937366485596, 0.3137604594230652, 0.2828191816806793, 0.332154780626297, 0.3142865002155304, 0.2525608539581299, 0.27171674370765686]
Train, Validation, Test split:
Train: 6506
Validation: 1836
Test: 927
