Accuracy: 0.9178852643419573
Classification Report:
              precision    recall  f1-score   support

     Assyria       0.94      0.95      0.94       608
   Babylonia       0.91      0.95      0.93       202
        West       0.78      0.58      0.67        79

    accuracy                           0.92       889
   macro avg       0.87      0.83      0.85       889
weighted avg       0.91      0.92      0.91       889

Training Loss:
[0.9834, 0.9834, 0.9834, 0.9834, 0.9834, 0.9834, 0.9834, 0.9834, 0.9834, 0.9834, 0.9099, 0.9099, 0.9099, 0.9099, 0.9099, 0.9099, 0.9099, 0.9099, 0.9099, 0.9099, 0.8079, 0.8079, 0.8079, 0.8079, 0.8079, 0.8079, 0.8079, 0.8079, 0.8079, 0.8079, 0.8366, 0.8366, 0.8366, 0.8366, 0.8366, 0.8366, 0.8366, 0.8366, 0.8366, 0.8366, 0.7427, 0.7427, 0.7427, 0.7427, 0.7427, 0.7427, 0.7427, 0.7427, 0.7427, 0.7427, 0.7863, 0.7863, 0.7863, 0.7863, 0.7863, 0.7863, 0.7863, 0.7863, 0.7863, 0.7863, 0.6522, 0.6522, 0.6522, 0.6522, 0.6522, 0.6522, 0.6522, 0.6522, 0.6522, 0.6522, 0.7702, 0.7702, 0.7702, 0.7702, 0.7702, 0.7702, 0.7702, 0.7702, 0.7702, 0.7702, 0.7903, 0.7903, 0.7903, 0.7903, 0.7903, 0.7903, 0.7903, 0.7903, 0.7903, 0.7903, 0.6421, 0.6421, 0.6421, 0.6421, 0.6421, 0.6421, 0.6421, 0.6421, 0.6421, 0.6421, 0.7909, 0.7909, 0.7909, 0.7909, 0.7909, 0.7909, 0.7909, 0.7909, 0.7909, 0.7909, 0.6508, 0.6508, 0.6508, 0.6508, 0.6508, 0.6508, 0.6508, 0.6508, 0.6508, 0.6508, 0.8906, 0.8906, 0.8906, 0.8906, 0.8906, 0.8906, 0.8906, 0.8906, 0.8906, 0.8906, 0.7343, 0.7343, 0.7343, 0.7343, 0.7343, 0.7343, 0.7343, 0.7343, 0.7343, 0.7343, 0.6131, 0.6131, 0.6131, 0.6131, 0.6131, 0.6131, 0.6131, 0.6131, 0.6131, 0.6131, 0.7893, 0.7893, 0.7893, 0.7893, 0.7893, 0.7893, 0.7893, 0.7893, 0.7893, 0.7893, 0.7132, 0.7132, 0.7132, 0.7132, 0.7132, 0.7132, 0.7132, 0.7132, 0.7132, 0.7132, 0.5901, 0.5901, 0.5901, 0.5901, 0.5901, 0.5901, 0.5901, 0.5901, 0.5901, 0.5901, 0.4503, 0.4503, 0.4503, 0.4503, 0.4503, 0.4503, 0.4503, 0.4503, 0.4503, 0.4503, 0.5761, 0.5761, 0.5761, 0.5761, 0.5761, 0.5761, 0.5761, 0.5761, 0.5761, 0.5761, 0.6077, 0.6077, 0.6077, 0.6077, 0.6077, 0.6077, 0.6077, 0.6077, 0.6077, 0.6077, 0.6814, 0.6814, 0.6814, 0.6814, 0.6814, 0.6814, 0.6814, 0.6814, 0.6814, 0.6814, 0.7239, 0.7239, 0.7239, 0.7239, 0.7239, 0.7239, 0.7239, 0.7239, 0.7239, 0.7239, 0.6208, 0.6208, 0.6208, 0.6208, 0.6208, 0.6208, 0.6208, 0.6208, 0.6208, 0.6208, 0.6501, 0.6501, 0.6501, 0.6501, 0.6501, 0.6501, 0.6501, 0.6501, 0.6501, 0.6501, 0.5667, 0.5667, 0.5667, 0.5667, 0.5667, 0.5667, 0.5667, 0.5667, 0.5667, 0.5667, 0.5921, 0.5921, 0.5921, 0.5921, 0.5921, 0.5921, 0.5921, 0.5921, 0.5921, 0.5921, 0.8243, 0.8243, 0.8243, 0.8243, 0.8243, 0.8243, 0.8243, 0.8243, 0.8243, 0.8243, 0.575, 0.575, 0.575, 0.575, 0.575, 0.575, 0.575, 0.575, 0.575, 0.575, 0.4478, 0.4478, 0.4478, 0.4478, 0.4478, 0.4478, 0.4478, 0.4478, 0.4478, 0.4478, 0.6862, 0.6862, 0.6862, 0.6862, 0.6862, 0.6862, 0.6862, 0.6862, 0.6862, 0.6862, 0.4557, 0.4557, 0.4557, 0.4557, 0.4557, 0.4557, 0.4557, 0.4557, 0.4557, 0.4557, 0.3839, 0.3839, 0.3839, 0.3839, 0.3839, 0.3839, 0.3839, 0.3839, 0.3839, 0.3839, 0.6559, 0.6559, 0.6559, 0.6559, 0.6559, 0.6559, 0.6559, 0.6559, 0.6559, 0.6559, 0.5367, 0.5367, 0.5367, 0.5367, 0.5367, 0.5367, 0.5367, 0.5367, 0.5367, 0.5367, 0.518, 0.518, 0.518, 0.518, 0.518, 0.518, 0.518, 0.518, 0.518, 0.518, 0.6657, 0.6657, 0.6657, 0.6657, 0.6657, 0.6657, 0.6657, 0.6657, 0.6657, 0.6657, 0.4252, 0.4252, 0.4252, 0.4252, 0.4252, 0.4252, 0.4252, 0.4252, 0.4252, 0.4252, 0.3833, 0.3833, 0.3833, 0.3833, 0.3833, 0.3833, 0.3833, 0.3833, 0.3833, 0.3833, 0.4721, 0.4721, 0.4721, 0.4721, 0.4721, 0.4721, 0.4721, 0.4721, 0.4721, 0.4721, 0.5829, 0.5829, 0.5829, 0.5829, 0.5829, 0.5829, 0.5829, 0.5829, 0.5829, 0.5829, 0.6368, 0.6368, 0.6368, 0.6368, 0.6368, 0.6368, 0.6368, 0.6368, 0.6368, 0.6368, 0.4082, 0.4082, 0.4082, 0.4082, 0.4082, 0.4082, 0.4082, 0.4082, 0.4082, 0.4082, 0.695, 0.695, 0.695, 0.695, 0.695, 0.695, 0.695, 0.695, 0.695, 0.695, 0.5353, 0.5353, 0.5353, 0.5353, 0.5353, 0.5353, 0.5353, 0.5353, 0.5353, 0.5353, 0.427, 0.427, 0.427, 0.427, 0.427, 0.427, 0.427, 0.427, 0.427, 0.427, 0.6154, 0.6154, 0.6154, 0.6154, 0.6154, 0.6154, 0.6154, 0.6154, 0.6154, 0.6154, 0.4707, 0.4707, 0.4707, 0.4707, 0.4707, 0.4707, 0.4707, 0.4707, 0.4707, 0.4707, 0.6522, 0.6522, 0.6522, 0.6522, 0.6522, 0.6522, 0.6522, 0.6522, 0.6522, 0.6522, 0.6082, 0.6082, 0.6082, 0.6082, 0.6082, 0.6082, 0.6082, 0.6082, 0.6082, 0.6082, 0.5579, 0.5579, 0.5579, 0.5579, 0.5579, 0.5579, 0.5579, 0.5579, 0.5579, 0.5579, 0.4611, 0.4611, 0.4611, 0.4611, 0.4611, 0.4611, 0.4611, 0.4611, 0.4611, 0.4611, 0.6711, 0.6711, 0.6711, 0.6711, 0.6711, 0.6711, 0.6711, 0.6711, 0.6711, 0.6711, 0.6319, 0.6319, 0.6319, 0.6319, 0.6319, 0.6319, 0.6319, 0.6319, 0.6319, 0.6319, 0.3817, 0.3817, 0.3817, 0.3817, 0.3817, 0.3817, 0.3817, 0.3817, 0.3817, 0.3817, 0.3664, 0.3664, 0.3664, 0.3664, 0.3664, 0.3664, 0.3664, 0.3664, 0.3664, 0.3664, 0.6159, 0.6159, 0.6159, 0.6159, 0.6159, 0.6159, 0.6159, 0.6159, 0.6159, 0.6159, 0.5971, 0.5971, 0.5971, 0.5971, 0.5971, 0.5971, 0.5971, 0.5971, 0.5971, 0.5971, 0.3896, 0.3896, 0.3896, 0.3896, 0.3896, 0.3896, 0.3896, 0.3896, 0.3896, 0.3896, 0.4815, 0.4815, 0.4815, 0.4815, 0.4815, 0.4815, 0.4815, 0.4815, 0.4815, 0.4815, 0.7582, 0.7582, 0.7582, 0.7582, 0.7582, 0.7582, 0.7582, 0.7582, 0.7582, 0.7582, 0.5816, 0.5816, 0.5816, 0.5816, 0.5816, 0.5816, 0.5816, 0.5816, 0.5816, 0.5816, 0.4277, 0.4277, 0.4277, 0.4277, 0.4277, 0.4277, 0.4277, 0.4277, 0.4277, 0.4277, 0.3988, 0.3988, 0.3988, 0.3988, 0.3988, 0.3988, 0.3988, 0.3988, 0.3988, 0.3988, 0.4422, 0.4422, 0.4422, 0.4422, 0.4422, 0.4422, 0.4422, 0.4422, 0.4422, 0.4422, 0.3674, 0.3674, 0.3674, 0.3674, 0.3674, 0.3674, 0.3674, 0.3674, 0.3674, 0.3674, 0.5527, 0.5527, 0.5527, 0.5527, 0.5527, 0.5527, 0.5527, 0.5527, 0.5527, 0.5527, 0.3942, 0.3942, 0.3942, 0.3942, 0.3942, 0.3942, 0.3942, 0.3942, 0.3942, 0.3942, 0.5768, 0.5768, 0.5768, 0.5768, 0.5768, 0.5768, 0.5768, 0.5768, 0.5768, 0.5768, 0.4603, 0.4603, 0.4603, 0.4603, 0.4603, 0.4603, 0.4603, 0.4603, 0.4603, 0.4603, 0.3971, 0.3971, 0.3971, 0.3971, 0.3971, 0.3971, 0.3971, 0.3971, 0.3971, 0.3971, 0.5023, 0.5023, 0.5023, 0.5023, 0.5023, 0.5023, 0.5023, 0.5023, 0.5023, 0.5023, 0.6179, 0.6179, 0.6179, 0.6179, 0.6179, 0.6179, 0.6179, 0.6179, 0.6179, 0.6179, 0.4706, 0.4706, 0.4706, 0.4706, 0.4706, 0.4706, 0.4706, 0.4706, 0.4706, 0.4706, 0.3585, 0.3585, 0.3585, 0.3585, 0.3585, 0.3585, 0.3585, 0.3585, 0.3585, 0.3585, 0.6495, 0.6495, 0.6495, 0.6495, 0.6495, 0.6495, 0.6495, 0.6495, 0.6495, 0.6495, 0.4404, 0.4404, 0.4404, 0.4404, 0.4404, 0.4404, 0.4404, 0.4404, 0.4404, 0.4404, 0.6005, 0.6005, 0.6005, 0.6005, 0.6005, 0.6005, 0.6005, 0.6005, 0.6005, 0.6005, 0.4506, 0.4506, 0.4506, 0.4506, 0.4506, 0.4506, 0.4506, 0.4506, 0.4506, 0.4506, 0.7372, 0.7372, 0.7372, 0.7372, 0.7372, 0.7372, 0.7372, 0.7372, 0.7372, 0.7372, 0.429, 0.429, 0.429, 0.429, 0.429, 0.429, 0.429, 0.429, 0.429, 0.429, 0.2439, 0.2439, 0.2439, 0.2439, 0.2439, 0.2439, 0.2439, 0.2439, 0.2439, 0.2439, 0.52, 0.52, 0.52, 0.52, 0.52, 0.52, 0.52, 0.52, 0.52, 0.52, 0.4039, 0.4039, 0.4039, 0.4039, 0.4039, 0.4039, 0.4039, 0.4039, 0.4039, 0.4039, 0.3353, 0.3353, 0.3353, 0.3353, 0.3353, 0.3353, 0.3353, 0.3353, 0.3353, 0.3353, 0.6863, 0.6863, 0.6863, 0.6863, 0.6863, 0.6863, 0.6863, 0.6863, 0.6863, 0.6863, 0.5809, 0.5809, 0.5809, 0.5809, 0.5809, 0.5809, 0.5809, 0.5809, 0.5809, 0.5809, 0.4582, 0.4582, 0.4582, 0.4582, 0.4582, 0.4582, 0.4582, 0.4582, 0.4582, 0.4582, 0.3549, 0.3549, 0.3549, 0.3549, 0.3549, 0.3549, 0.3549, 0.3549, 0.3549, 0.3549, 0.3806, 0.3806, 0.3806, 0.3806, 0.3806, 0.3806, 0.3806, 0.3806, 0.3806, 0.3806, 0.3109, 0.3109, 0.3109, 0.3109, 0.3109, 0.3109, 0.3109, 0.3109, 0.3109, 0.3109, 0.446, 0.446, 0.446, 0.446, 0.446, 0.446, 0.446, 0.446, 0.446, 0.446, 0.4539, 0.4539, 0.4539, 0.4539, 0.4539, 0.4539, 0.4539, 0.4539, 0.4539, 0.4539, 0.8169, 0.8169, 0.8169, 0.8169, 0.8169, 0.8169, 0.8169, 0.8169, 0.8169, 0.8169, 0.3805, 0.3805, 0.3805, 0.3805, 0.3805, 0.3805, 0.3805, 0.3805, 0.3805, 0.3805, 0.3577, 0.3577, 0.3577, 0.3577, 0.3577, 0.3577, 0.3577, 0.3577, 0.3577, 0.3577, 0.9042, 0.9042, 0.9042, 0.9042, 0.9042, 0.9042, 0.9042, 0.9042, 0.9042, 0.9042, 0.2853, 0.2853, 0.2853, 0.2853, 0.2853, 0.2853, 0.2853, 0.2853, 0.2853, 0.2853, 0.4877, 0.4877, 0.4877, 0.4877, 0.4877, 0.4877, 0.4877, 0.4877, 0.4877, 0.4877, 0.4584, 0.4584, 0.4584, 0.4584, 0.4584, 0.4584, 0.4584, 0.4584, 0.4584, 0.4584, 0.3908, 0.3908, 0.3908, 0.3908, 0.3908, 0.3908, 0.3908, 0.3908, 0.3908, 0.3908, 0.4871, 0.4871, 0.4871, 0.4871, 0.4871, 0.4871, 0.4871, 0.4871, 0.4871, 0.4871, 0.5261, 0.5261, 0.5261, 0.5261, 0.5261, 0.5261, 0.5261, 0.5261, 0.5261, 0.5261, 0.4071, 0.4071, 0.4071, 0.4071, 0.4071, 0.4071, 0.4071, 0.4071, 0.4071, 0.4071, 0.3713, 0.3713, 0.3713, 0.3713, 0.3713, 0.3713, 0.3713, 0.3713, 0.3713, 0.3713, 0.4658, 0.4658, 0.4658, 0.4658, 0.4658, 0.4658, 0.4658, 0.4658, 0.4658, 0.4658, 0.4206, 0.4206, 0.4206, 0.4206, 0.4206, 0.4206, 0.4206, 0.4206, 0.4206, 0.4206, 0.1267, 0.1267, 0.1267, 0.1267, 0.1267, 0.1267, 0.1267, 0.1267, 0.1267, 0.1267, 0.5618, 0.5618, 0.5618, 0.5618, 0.5618, 0.5618, 0.5618, 0.5618, 0.5618, 0.5618, 0.708, 0.708, 0.708, 0.708, 0.708, 0.708, 0.708, 0.708, 0.708, 0.708, 0.3632, 0.3632, 0.3632, 0.3632, 0.3632, 0.3632, 0.3632, 0.3632, 0.3632, 0.3632, 0.5172, 0.5172, 0.5172, 0.5172, 0.5172, 0.5172, 0.5172, 0.5172, 0.5172, 0.5172, 0.3643, 0.3643, 0.3643, 0.3643, 0.3643, 0.3643, 0.3643, 0.3643, 0.3643, 0.3643, 0.322, 0.322, 0.322, 0.322, 0.322, 0.322, 0.322, 0.322, 0.322, 0.322, 0.347, 0.347, 0.347, 0.347, 0.347, 0.347, 0.347, 0.347, 0.347, 0.347, 0.3065, 0.3065, 0.3065, 0.3065, 0.3065, 0.3065, 0.3065, 0.3065, 0.3065, 0.3065, 0.318, 0.318, 0.318, 0.318, 0.318, 0.318, 0.318, 0.318, 0.318, 0.318, 0.3363, 0.3363, 0.3363, 0.3363, 0.3363, 0.3363, 0.3363, 0.3363, 0.3363, 0.3363, 0.3898, 0.3898, 0.3898, 0.3898, 0.3898, 0.3898, 0.3898, 0.3898, 0.3898, 0.3898, 0.3572, 0.3572, 0.3572, 0.3572, 0.3572, 0.3572, 0.3572, 0.3572, 0.3572, 0.3572, 0.4431, 0.4431, 0.4431, 0.4431, 0.4431, 0.4431, 0.4431, 0.4431, 0.4431, 0.4431, 0.469, 0.469, 0.469, 0.469, 0.469, 0.469, 0.469, 0.469, 0.469, 0.469, 0.5416, 0.5416, 0.5416, 0.5416, 0.5416, 0.5416, 0.5416, 0.5416, 0.5416, 0.5416, 0.339, 0.339, 0.339, 0.339, 0.339, 0.339, 0.339, 0.339, 0.339, 0.339, 0.3828, 0.3828, 0.3828, 0.3828, 0.3828, 0.3828, 0.3828, 0.3828, 0.3828, 0.3828, 0.3699, 0.3699, 0.3699, 0.3699, 0.3699, 0.3699, 0.3699, 0.3699, 0.3699, 0.3699, 0.4166, 0.4166, 0.4166, 0.4166, 0.4166, 0.4166, 0.4166, 0.4166, 0.4166, 0.4166, 0.391, 0.391, 0.391, 0.391, 0.391, 0.391, 0.391, 0.391, 0.391, 0.391, 0.3175, 0.3175, 0.3175, 0.3175, 0.3175, 0.3175, 0.3175, 0.3175, 0.3175, 0.3175, 0.2656, 0.2656, 0.2656, 0.2656, 0.2656, 0.2656, 0.2656, 0.2656, 0.2656, 0.2656, 0.3123, 0.3123, 0.3123, 0.3123, 0.3123, 0.3123, 0.3123, 0.3123, 0.3123, 0.3123, 0.3007, 0.3007, 0.3007, 0.3007, 0.3007, 0.3007, 0.3007, 0.3007, 0.3007, 0.3007, 0.2592, 0.2592, 0.2592, 0.2592, 0.2592, 0.2592, 0.2592, 0.2592, 0.2592, 0.2592, 0.4063, 0.4063, 0.4063, 0.4063, 0.4063, 0.4063, 0.4063, 0.4063, 0.4063, 0.4063, 0.5275, 0.5275, 0.5275, 0.5275, 0.5275, 0.5275, 0.5275, 0.5275, 0.5275, 0.5275, 0.2528, 0.2528, 0.2528, 0.2528, 0.2528, 0.2528, 0.2528, 0.2528, 0.2528, 0.2528, 0.3733, 0.3733, 0.3733, 0.3733, 0.3733, 0.3733, 0.3733, 0.3733, 0.3733, 0.3733, 0.4076, 0.4076, 0.4076, 0.4076, 0.4076, 0.4076, 0.4076, 0.4076, 0.4076, 0.4076, 0.3132, 0.3132, 0.3132, 0.3132, 0.3132, 0.3132, 0.3132, 0.3132, 0.3132, 0.3132, 0.1919, 0.1919, 0.1919, 0.1919, 0.1919, 0.1919, 0.1919, 0.1919, 0.1919, 0.1919, 0.4643, 0.4643, 0.4643, 0.4643, 0.4643, 0.4643, 0.4643, 0.4643, 0.4643, 0.4643, 0.2497, 0.2497, 0.2497, 0.2497, 0.2497, 0.2497, 0.2497, 0.2497, 0.2497, 0.2497, 0.4416, 0.4416, 0.4416, 0.4416, 0.4416, 0.4416, 0.4416, 0.4416, 0.4416, 0.4416, 0.3177, 0.3177, 0.3177, 0.3177, 0.3177, 0.3177, 0.3177, 0.3177, 0.3177, 0.3177, 0.7216, 0.7216, 0.7216, 0.7216, 0.7216, 0.7216, 0.7216, 0.7216, 0.7216, 0.7216, 0.4775, 0.4775, 0.4775, 0.4775, 0.4775, 0.4775, 0.4775, 0.4775, 0.4775, 0.4775, 0.263, 0.263, 0.263, 0.263, 0.263, 0.263, 0.263, 0.263, 0.263, 0.263, 0.2547, 0.2547, 0.2547, 0.2547, 0.2547, 0.2547, 0.2547, 0.2547, 0.2547, 0.2547, 0.4116, 0.4116, 0.4116, 0.4116, 0.4116, 0.4116, 0.4116, 0.4116, 0.4116, 0.4116, 0.2414, 0.2414, 0.2414, 0.2414, 0.2414, 0.2414, 0.2414, 0.2414, 0.2414, 0.2414, 0.2535, 0.2535, 0.2535, 0.2535, 0.2535, 0.2535, 0.2535, 0.2535, 0.2535, 0.2535, 0.229, 0.229, 0.229, 0.229, 0.229, 0.229, 0.229, 0.229, 0.229, 0.229, 0.3136, 0.3136, 0.3136, 0.3136, 0.3136, 0.3136, 0.3136, 0.3136, 0.3136, 0.3136, 0.6837, 0.6837, 0.6837, 0.6837, 0.6837, 0.6837, 0.6837, 0.6837, 0.6837, 0.6837, 0.0802, 0.0802, 0.0802, 0.0802, 0.0802, 0.0802, 0.0802, 0.0802, 0.0802, 0.0802, 0.3494, 0.3494, 0.3494, 0.3494, 0.3494, 0.3494, 0.3494, 0.3494, 0.3494, 0.3494, 0.1269, 0.1269, 0.1269, 0.1269, 0.1269, 0.1269, 0.1269, 0.1269, 0.1269, 0.1269, 0.2618, 0.2618, 0.2618, 0.2618, 0.2618, 0.2618, 0.2618, 0.2618, 0.2618, 0.2618, 0.1684, 0.1684, 0.1684, 0.1684, 0.1684, 0.1684, 0.1684, 0.1684, 0.1684, 0.1684, 0.1756, 0.1756, 0.1756, 0.1756, 0.1756, 0.1756, 0.1756, 0.1756, 0.1756, 0.1756, 0.2291, 0.2291, 0.2291, 0.2291, 0.2291, 0.2291, 0.2291, 0.2291, 0.2291, 0.2291, 0.269, 0.269, 0.269, 0.269, 0.269, 0.269, 0.269, 0.269, 0.269, 0.269, 0.447, 0.447, 0.447, 0.447, 0.447, 0.447, 0.447, 0.447, 0.447, 0.447, 0.1989, 0.1989, 0.1989, 0.1989, 0.1989, 0.1989, 0.1989, 0.1989, 0.1989, 0.1989, 0.1951, 0.1951, 0.1951, 0.1951, 0.1951, 0.1951, 0.1951, 0.1951, 0.1951, 0.1951, 0.1621, 0.1621, 0.1621, 0.1621, 0.1621, 0.1621, 0.1621, 0.1621, 0.1621, 0.1621, 0.261, 0.261, 0.261, 0.261, 0.261, 0.261, 0.261, 0.261, 0.261, 0.261, 0.4112, 0.4112, 0.4112, 0.4112, 0.4112, 0.4112, 0.4112, 0.4112, 0.4112, 0.4112, 0.0637, 0.0637, 0.0637, 0.0637, 0.0637, 0.0637, 0.0637, 0.0637, 0.0637, 0.0637, 0.1887, 0.1887, 0.1887, 0.1887, 0.1887, 0.1887, 0.1887, 0.1887, 0.1887, 0.1887, 0.4219, 0.4219, 0.4219, 0.4219, 0.4219, 0.4219, 0.4219, 0.4219, 0.4219, 0.4219, 0.152, 0.152, 0.152, 0.152, 0.152, 0.152, 0.152, 0.152, 0.152, 0.152, 0.2489, 0.2489, 0.2489, 0.2489, 0.2489, 0.2489, 0.2489, 0.2489, 0.2489, 0.2489, 0.3338, 0.3338, 0.3338, 0.3338, 0.3338, 0.3338, 0.3338, 0.3338, 0.3338, 0.3338, 0.3082, 0.3082, 0.3082, 0.3082, 0.3082, 0.3082, 0.3082, 0.3082, 0.3082, 0.3082, 0.1767, 0.1767, 0.1767, 0.1767, 0.1767, 0.1767, 0.1767, 0.1767, 0.1767, 0.1767, 0.2805, 0.2805, 0.2805, 0.2805, 0.2805, 0.2805, 0.2805, 0.2805, 0.2805, 0.2805, 0.2559, 0.2559, 0.2559, 0.2559, 0.2559, 0.2559, 0.2559, 0.2559, 0.2559, 0.2559, 0.4684, 0.4684, 0.4684, 0.4684, 0.4684, 0.4684, 0.4684, 0.4684, 0.4684, 0.4684, 0.2025, 0.2025, 0.2025, 0.2025, 0.2025, 0.2025, 0.2025, 0.2025, 0.2025, 0.2025, 0.4473, 0.4473, 0.4473, 0.4473, 0.4473, 0.4473, 0.4473, 0.4473, 0.4473, 0.4473, 0.3177, 0.3177, 0.3177, 0.3177, 0.3177, 0.3177, 0.3177, 0.3177, 0.3177, 0.3177, 0.2907, 0.2907, 0.2907, 0.2907, 0.2907, 0.2907, 0.2907, 0.2907, 0.2907, 0.2907, 0.4262, 0.4262, 0.4262, 0.4262, 0.4262, 0.4262, 0.4262, 0.4262, 0.4262, 0.4262, 0.2858, 0.2858, 0.2858, 0.2858, 0.2858, 0.2858, 0.2858, 0.2858, 0.2858, 0.2858, 0.1987, 0.1987, 0.1987, 0.1987, 0.1987, 0.1987, 0.1987, 0.1987, 0.1987, 0.1987, 0.207, 0.207, 0.207, 0.207, 0.207, 0.207, 0.207, 0.207, 0.207, 0.207, 0.2441, 0.2441, 0.2441, 0.2441, 0.2441, 0.2441, 0.2441, 0.2441, 0.2441, 0.2441, 0.4698, 0.4698, 0.4698, 0.4698, 0.4698, 0.4698, 0.4698, 0.4698, 0.4698, 0.4698, 0.1111, 0.1111, 0.1111, 0.1111, 0.1111, 0.1111, 0.1111, 0.1111, 0.1111, 0.1111, 0.6366, 0.6366, 0.6366, 0.6366, 0.6366, 0.6366, 0.6366, 0.6366, 0.6366, 0.6366, 0.5655, 0.5655, 0.5655, 0.5655, 0.5655, 0.5655, 0.5655, 0.5655, 0.5655, 0.5655, 0.3872, 0.3872, 0.3872, 0.3872, 0.3872, 0.3872, 0.3872, 0.3872, 0.3872, 0.3872, 0.3384, 0.3384, 0.3384, 0.3384, 0.3384, 0.3384, 0.3384, 0.3384, 0.3384, 0.3384, 0.2706, 0.2706, 0.2706, 0.2706, 0.2706, 0.2706, 0.2706, 0.2706, 0.2706, 0.2706, 0.4202, 0.4202, 0.4202, 0.4202, 0.4202, 0.4202, 0.4202, 0.4202, 0.4202, 0.4202, 0.1184, 0.1184, 0.1184, 0.1184, 0.1184, 0.1184, 0.1184, 0.1184, 0.1184, 0.1184, 0.2331, 0.2331, 0.2331, 0.2331, 0.2331, 0.2331, 0.2331, 0.2331, 0.2331, 0.2331, 0.4735, 0.4735, 0.4735, 0.4735, 0.4735, 0.4735, 0.4735, 0.4735, 0.4735, 0.4735, 0.3787, 0.3787, 0.3787, 0.3787, 0.3787, 0.3787, 0.3787, 0.3787, 0.3787, 0.3787, 0.2581, 0.2581, 0.2581, 0.2581, 0.2581, 0.2581, 0.2581, 0.2581, 0.2581, 0.2581, 0.2992, 0.2992, 0.2992, 0.2992, 0.2992, 0.2992, 0.2992, 0.2992, 0.2992, 0.2992, 0.2898, 0.2898, 0.2898, 0.2898, 0.2898, 0.2898, 0.2898, 0.2898, 0.2898, 0.2898, 0.3611, 0.3611, 0.3611, 0.3611, 0.3611, 0.3611, 0.3611, 0.3611, 0.3611, 0.3611, 0.2754, 0.2754, 0.2754, 0.2754, 0.2754, 0.2754, 0.2754, 0.2754, 0.2754, 0.2754, 0.2712, 0.2712, 0.2712, 0.2712, 0.2712, 0.2712, 0.2712, 0.2712, 0.2712, 0.2712, 0.2281, 0.2281, 0.2281, 0.2281, 0.2281, 0.2281, 0.2281, 0.2281, 0.2281, 0.2281, 0.1545, 0.1545, 0.1545, 0.1545, 0.1545, 0.1545, 0.1545, 0.1545, 0.1545, 0.1545, 0.0049, 0.0049, 0.0049, 0.0049, 0.0049, 0.0049, 0.0049, 0.0049, 0.0049, 0.0049, 0.3925, 0.3925, 0.3925, 0.3925, 0.3925, 0.3925, 0.3925, 0.3925, 0.3925, 0.3925, 0.6466, 0.6466, 0.6466, 0.6466, 0.6466, 0.6466, 0.6466, 0.6466, 0.6466, 0.6466, 0.257, 0.257, 0.257, 0.257, 0.257, 0.257, 0.257, 0.257, 0.257, 0.257, 0.3101, 0.3101, 0.3101, 0.3101, 0.3101, 0.3101, 0.3101, 0.3101, 0.3101, 0.3101, 0.4879, 0.4879, 0.4879, 0.4879, 0.4879, 0.4879, 0.4879, 0.4879, 0.4879, 0.4879, 0.5485, 0.5485, 0.5485, 0.5485, 0.5485, 0.5485, 0.5485, 0.5485, 0.5485, 0.5485, 0.3143, 0.3143, 0.3143, 0.3143, 0.3143, 0.3143, 0.3143, 0.3143, 0.3143, 0.3143, 0.136, 0.136, 0.136, 0.136, 0.136, 0.136, 0.136, 0.136, 0.136, 0.136, 0.1641, 0.1641, 0.1641, 0.1641, 0.1641, 0.1641, 0.1641, 0.1641, 0.1641, 0.1641, 0.6655, 0.6655, 0.6655, 0.6655, 0.6655, 0.6655, 0.6655, 0.6655, 0.6655, 0.6655, 0.2472, 0.2472, 0.2472, 0.2472, 0.2472, 0.2472, 0.2472, 0.2472, 0.2472, 0.2472, 0.4707, 0.4707, 0.4707, 0.4707, 0.4707, 0.4707, 0.4707, 0.4707, 0.4707, 0.4707, 0.4147, 0.4147, 0.4147, 0.4147, 0.4147, 0.4147, 0.4147, 0.4147, 0.4147, 0.4147, 0.6542, 0.6542, 0.6542, 0.6542, 0.6542, 0.6542, 0.6542, 0.6542, 0.6542, 0.6542, 0.3865, 0.3865, 0.3865, 0.3865, 0.3865, 0.3865, 0.3865, 0.3865, 0.3865, 0.3865, 0.1438, 0.1438, 0.1438, 0.1438, 0.1438, 0.1438, 0.1438, 0.1438, 0.1438, 0.1438, 0.3907, 0.3907, 0.3907, 0.3907, 0.3907, 0.3907, 0.3907, 0.3907, 0.3907, 0.3907, 0.6351, 0.6351, 0.6351, 0.6351, 0.6351, 0.6351, 0.6351, 0.6351, 0.6351, 0.6351, 0.4536, 0.4536, 0.4536, 0.4536, 0.4536, 0.4536, 0.4536, 0.4536, 0.4536, 0.4536, 0.361, 0.361, 0.361, 0.361, 0.361, 0.361, 0.361, 0.361, 0.361, 0.361, 0.4056, 0.4056, 0.4056, 0.4056, 0.4056, 0.4056, 0.4056, 0.4056, 0.4056, 0.4056, 0.36, 0.36, 0.36, 0.36, 0.36, 0.36, 0.36, 0.36, 0.36, 0.36, 0.2052, 0.2052, 0.2052, 0.2052, 0.2052, 0.2052, 0.2052, 0.2052, 0.2052, 0.2052, 0.2594, 0.2594, 0.2594, 0.2594, 0.2594, 0.2594, 0.2594, 0.2594, 0.2594, 0.2594, 0.1696, 0.1696, 0.1696, 0.1696, 0.1696, 0.1696, 0.1696, 0.1696, 0.1696, 0.1696, 0.2503, 0.2503, 0.2503, 0.2503, 0.2503, 0.2503, 0.2503, 0.2503, 0.2503, 0.2503, 0.1994, 0.1994, 0.1994, 0.1994, 0.1994, 0.1994, 0.1994, 0.1994, 0.1994, 0.1994, 0.4259, 0.4259, 0.4259, 0.4259, 0.4259, 0.4259, 0.4259, 0.4259, 0.4259, 0.4259, 0.2608, 0.2608, 0.2608, 0.2608, 0.2608, 0.2608, 0.2608, 0.2608, 0.2608, 0.2608, 0.7159, 0.7159, 0.7159, 0.7159, 0.7159, 0.7159, 0.7159, 0.7159, 0.7159, 0.7159, 0.5065, 0.5065, 0.5065, 0.5065, 0.5065, 0.5065, 0.5065, 0.5065, 0.5065, 0.5065, 0.225, 0.225, 0.225, 0.225, 0.225, 0.225, 0.225, 0.225, 0.225, 0.225, 0.2364, 0.2364, 0.2364, 0.2364, 0.2364, 0.2364, 0.2364, 0.2364, 0.2364, 0.2364, 0.2061, 0.2061, 0.2061, 0.2061, 0.2061, 0.2061, 0.2061, 0.2061, 0.2061, 0.2061, 0.5417, 0.5417, 0.5417, 0.5417, 0.5417, 0.5417, 0.5417, 0.5417, 0.5417, 0.5417, 0.2536, 0.2536, 0.2536, 0.2536, 0.2536, 0.2536, 0.2536, 0.2536, 0.2536, 0.2536, 0.2609, 0.2609, 0.2609, 0.2609, 0.2609, 0.2609, 0.2609, 0.2609, 0.2609, 0.2609, 0.1894, 0.1894, 0.1894, 0.1894, 0.1894, 0.1894, 0.1894, 0.1894, 0.1894, 0.1894, 0.298, 0.298, 0.298, 0.298, 0.298, 0.298, 0.298, 0.298, 0.298, 0.298, 0.2715, 0.2715, 0.2715, 0.2715, 0.2715, 0.2715, 0.2715, 0.2715, 0.2715, 0.2715, 0.1419, 0.1419, 0.1419, 0.1419, 0.1419, 0.1419, 0.1419, 0.1419, 0.1419, 0.1419, 0.0876, 0.0876, 0.0876, 0.0876, 0.0876, 0.0876, 0.0876, 0.0876, 0.0876, 0.0876, 0.1758, 0.1758, 0.1758, 0.1758, 0.1758, 0.1758, 0.1758, 0.1758, 0.1758, 0.1758, 0.2632, 0.2632, 0.2632, 0.2632, 0.2632, 0.2632, 0.2632, 0.2632, 0.2632, 0.2632, 0.6243, 0.6243, 0.6243, 0.6243, 0.6243, 0.6243, 0.6243, 0.6243, 0.6243, 0.6243, 0.1459, 0.1459, 0.1459, 0.1459, 0.1459, 0.1459, 0.1459, 0.1459, 0.1459, 0.1459, 0.0715, 0.0715, 0.0715, 0.0715, 0.0715, 0.0715, 0.0715, 0.0715, 0.0715, 0.0715, 0.2428, 0.2428, 0.2428, 0.2428, 0.2428, 0.2428, 0.2428, 0.2428, 0.2428, 0.2428, 0.434, 0.434, 0.434, 0.434, 0.434, 0.434, 0.434, 0.434, 0.434, 0.434, 0.377, 0.377, 0.377, 0.377, 0.377, 0.377, 0.377, 0.377, 0.377, 0.377, 0.256, 0.256, 0.256, 0.256, 0.256, 0.256, 0.256, 0.256, 0.256, 0.256, 0.1577, 0.1577, 0.1577, 0.1577, 0.1577, 0.1577, 0.1577, 0.1577, 0.1577, 0.1577, 0.1495, 0.1495, 0.1495, 0.1495, 0.1495, 0.1495, 0.1495, 0.1495, 0.1495, 0.1495, 0.4672, 0.4672, 0.4672, 0.4672, 0.4672, 0.4672, 0.4672, 0.4672, 0.4672, 0.4672, 0.237, 0.237, 0.237, 0.237, 0.237, 0.237, 0.237, 0.237, 0.237, 0.237, 0.2866, 0.2866, 0.2866, 0.2866, 0.2866, 0.2866, 0.2866, 0.2866, 0.2866, 0.2866, 0.3265, 0.3265, 0.3265, 0.3265, 0.3265, 0.3265, 0.3265, 0.3265, 0.3265, 0.3265, 0.3812, 0.3812, 0.3812, 0.3812, 0.3812, 0.3812, 0.3812, 0.3812, 0.3812, 0.3812, 0.3045, 0.3045, 0.3045, 0.3045, 0.3045, 0.3045, 0.3045, 0.3045, 0.3045, 0.3045, 0.271, 0.271, 0.271, 0.271, 0.271, 0.271, 0.271, 0.271, 0.271, 0.271, 0.2536, 0.2536, 0.2536, 0.2536, 0.2536, 0.2536, 0.2536, 0.2536, 0.2536, 0.2536, 0.2372, 0.2372, 0.2372, 0.2372, 0.2372, 0.2372, 0.2372, 0.2372, 0.2372, 0.2372, 0.2497, 0.2497, 0.2497, 0.2497, 0.2497, 0.2497, 0.2497, 0.2497, 0.2497, 0.2497, 0.2739, 0.2739, 0.2739, 0.2739, 0.2739, 0.2739, 0.2739, 0.2739, 0.2739, 0.2739, 0.2705, 0.2705, 0.2705, 0.2705, 0.2705, 0.2705, 0.2705, 0.2705, 0.2705, 0.2705, 0.2166, 0.2166, 0.2166, 0.2166, 0.2166, 0.2166, 0.2166, 0.2166, 0.2166, 0.2166, 0.168, 0.168, 0.168, 0.168, 0.168, 0.168, 0.168, 0.168, 0.168, 0.168, 0.1244, 0.1244, 0.1244, 0.1244, 0.1244, 0.1244, 0.1244, 0.1244, 0.1244, 0.1244, 0.2486, 0.2486, 0.2486, 0.2486, 0.2486, 0.2486, 0.2486, 0.2486, 0.2486, 0.2486, 0.1428, 0.1428, 0.1428, 0.1428, 0.1428, 0.1428, 0.1428, 0.1428, 0.1428, 0.1428, 0.1465, 0.1465, 0.1465, 0.1465, 0.1465, 0.1465, 0.1465, 0.1465, 0.1465, 0.1465, 0.3196, 0.3196, 0.3196, 0.3196, 0.3196, 0.3196, 0.3196, 0.3196, 0.3196, 0.3196, 0.2206, 0.2206, 0.2206, 0.2206, 0.2206, 0.2206, 0.2206, 0.2206, 0.2206, 0.2206, 0.6814, 0.6814, 0.6814, 0.6814, 0.6814, 0.6814, 0.6814, 0.6814, 0.6814, 0.6814, 0.1423, 0.1423, 0.1423, 0.1423, 0.1423, 0.1423, 0.1423, 0.1423, 0.1423, 0.1423, 0.1978, 0.1978, 0.1978, 0.1978, 0.1978, 0.1978, 0.1978, 0.1978, 0.1978, 0.1978, 0.1884, 0.1884, 0.1884, 0.1884, 0.1884, 0.1884, 0.1884, 0.1884, 0.1884, 0.1884, 0.6757, 0.6757, 0.6757, 0.6757, 0.6757, 0.6757, 0.6757, 0.6757, 0.6757, 0.6757, 0.3745, 0.3745, 0.3745, 0.3745, 0.3745, 0.3745, 0.3745, 0.3745, 0.3745, 0.3745, 0.3559, 0.3559, 0.3559, 0.3559, 0.3559, 0.3559, 0.3559, 0.3559, 0.3559, 0.3559, 0.1143, 0.1143, 0.1143, 0.1143, 0.1143, 0.1143, 0.1143, 0.1143, 0.1143, 0.1143, 0.2283, 0.2283, 0.2283, 0.2283, 0.2283, 0.2283, 0.2283, 0.2283, 0.2283, 0.2283, 0.2392, 0.2392, 0.2392, 0.2392, 0.2392, 0.2392, 0.2392, 0.2392, 0.2392, 0.2392, 0.0408, 0.0408, 0.0408, 0.0408, 0.0408, 0.0408, 0.0408, 0.0408, 0.0408, 0.0408, 0.3087, 0.3087, 0.3087, 0.3087, 0.3087, 0.3087, 0.3087, 0.3087, 0.3087, 0.3087, 0.0677, 0.0677, 0.0677, 0.0677, 0.0677, 0.0677, 0.0677, 0.0677, 0.0677, 0.0677, 0.3637, 0.3637, 0.3637, 0.3637, 0.3637, 0.3637, 0.3637, 0.3637, 0.3637, 0.3637, 0.46, 0.46, 0.46, 0.46, 0.46, 0.46, 0.46, 0.46, 0.46, 0.46, 0.0831, 0.0831, 0.0831, 0.0831, 0.0831, 0.0831, 0.0831, 0.0831, 0.0831, 0.0831, 0.2002, 0.2002, 0.2002, 0.2002, 0.2002, 0.2002, 0.2002, 0.2002, 0.2002, 0.2002, 0.0881, 0.0881, 0.0881, 0.0881, 0.0881, 0.0881, 0.0881, 0.0881, 0.0881, 0.0881, 0.1892, 0.1892, 0.1892, 0.1892, 0.1892, 0.1892, 0.1892, 0.1892, 0.1892, 0.1892, 0.0419, 0.0419, 0.0419, 0.0419, 0.0419, 0.0419, 0.0419, 0.0419, 0.0419, 0.0419, 0.4276, 0.4276, 0.4276, 0.4276, 0.4276, 0.4276, 0.4276, 0.4276, 0.4276, 0.4276, 0.237, 0.237, 0.237, 0.237, 0.237, 0.237, 0.237, 0.237, 0.237, 0.237, 0.4718, 0.4718, 0.4718, 0.4718, 0.4718, 0.4718, 0.4718, 0.4718, 0.4718, 0.4718, 0.3198, 0.3198, 0.3198, 0.3198, 0.3198, 0.3198, 0.3198, 0.3198, 0.3198, 0.3198, 0.4068, 0.4068, 0.4068, 0.4068, 0.4068, 0.4068, 0.4068, 0.4068, 0.4068, 0.4068, 0.0356, 0.0356, 0.0356, 0.0356, 0.0356, 0.0356, 0.0356, 0.0356, 0.0356, 0.0356, 0.0787, 0.0787, 0.0787, 0.0787, 0.0787, 0.0787, 0.0787, 0.0787, 0.0787, 0.0787, 0.2329, 0.2329, 0.2329, 0.2329, 0.2329, 0.2329, 0.2329, 0.2329, 0.2329, 0.2329, 0.3512, 0.3512, 0.3512, 0.3512, 0.3512, 0.3512, 0.3512, 0.3512, 0.3512, 0.3512, 0.2207, 0.2207, 0.2207, 0.2207, 0.2207, 0.2207, 0.2207, 0.2207, 0.2207, 0.2207, 0.2521, 0.2521, 0.2521, 0.2521, 0.2521, 0.2521, 0.2521, 0.2521, 0.2521, 0.2521, 0.101, 0.101, 0.101, 0.101, 0.101, 0.101, 0.101, 0.101, 0.101, 0.101, 0.0473, 0.0473, 0.0473, 0.0473, 0.0473, 0.0473, 0.0473, 0.0473, 0.0473, 0.0473, 0.2058, 0.2058, 0.2058, 0.2058, 0.2058, 0.2058, 0.2058, 0.2058, 0.2058, 0.2058, 0.3846, 0.3846, 0.3846, 0.3846, 0.3846, 0.3846, 0.3846, 0.3846, 0.3846, 0.3846, 0.2617, 0.2617, 0.2617, 0.2617, 0.2617, 0.2617, 0.2617, 0.2617, 0.2617, 0.2617, 0.2903, 0.2903, 0.2903, 0.2903, 0.2903, 0.2903, 0.2903, 0.2903, 0.2903, 0.2903, 0.3746, 0.3746, 0.3746, 0.3746, 0.3746, 0.3746, 0.3746, 0.3746, 0.3746, 0.3746, 0.3413, 0.3413, 0.3413, 0.3413, 0.3413, 0.3413, 0.3413, 0.3413, 0.3413, 0.3413, 0.2817, 0.2817, 0.2817, 0.2817, 0.2817, 0.2817, 0.2817, 0.2817, 0.2817, 0.2817, 0.2947, 0.2947, 0.2947, 0.2947, 0.2947, 0.2947, 0.2947, 0.2947, 0.2947, 0.2947, 0.0985, 0.0985, 0.0985, 0.0985, 0.0985, 0.0985, 0.0985, 0.0985, 0.0985, 0.0985, 0.1452, 0.1452, 0.1452, 0.1452, 0.1452, 0.1452, 0.1452, 0.1452, 0.1452, 0.1452, 0.2243, 0.2243, 0.2243, 0.2243, 0.2243, 0.2243, 0.2243, 0.2243, 0.2243, 0.2243, 0.3224, 0.3224, 0.3224, 0.3224, 0.3224, 0.3224, 0.3224, 0.3224, 0.3224, 0.3224, 0.1409, 0.1409, 0.1409, 0.1409, 0.1409, 0.1409, 0.1409, 0.1409, 0.1409, 0.1409, 0.1106, 0.1106, 0.1106, 0.1106, 0.1106, 0.1106, 0.1106, 0.1106, 0.1106, 0.1106, 0.1679, 0.1679, 0.1679, 0.1679, 0.1679, 0.1679, 0.1679, 0.1679, 0.1679, 0.1679, 0.16, 0.16, 0.16, 0.16, 0.16, 0.16, 0.16, 0.16, 0.16, 0.16, 0.0614, 0.0614, 0.0614, 0.0614, 0.0614, 0.0614, 0.0614, 0.0614, 0.0614, 0.0614, 0.0192, 0.0192, 0.0192, 0.0192, 0.0192, 0.0192, 0.0192, 0.0192, 0.0192, 0.0192, 0.3457, 0.3457, 0.3457, 0.3457, 0.3457, 0.3457, 0.3457, 0.3457, 0.3457, 0.3457, 0.1511, 0.1511, 0.1511, 0.1511, 0.1511, 0.1511, 0.1511, 0.1511, 0.1511, 0.1511, 0.1632, 0.1632, 0.1632, 0.1632, 0.1632, 0.1632, 0.1632, 0.1632, 0.1632, 0.1632, 0.0584, 0.0584, 0.0584, 0.0584, 0.0584, 0.0584, 0.0584, 0.0584, 0.0584, 0.0584, 0.1404, 0.1404, 0.1404, 0.1404, 0.1404, 0.1404, 0.1404, 0.1404, 0.1404, 0.1404, 0.1903, 0.1903, 0.1903, 0.1903, 0.1903, 0.1903, 0.1903, 0.1903, 0.1903, 0.1903, 0.0818, 0.0818, 0.0818, 0.0818, 0.0818, 0.0818, 0.0818, 0.0818, 0.0818, 0.0818, 0.0772, 0.0772, 0.0772, 0.0772, 0.0772, 0.0772, 0.0772, 0.0772, 0.0772, 0.0772, 0.1659, 0.1659, 0.1659, 0.1659, 0.1659, 0.1659, 0.1659, 0.1659, 0.1659, 0.1659, 0.2622, 0.2622, 0.2622, 0.2622, 0.2622, 0.2622, 0.2622, 0.2622, 0.2622, 0.2622, 0.211, 0.211, 0.211, 0.211, 0.211, 0.211, 0.211, 0.211, 0.211, 0.211, 0.1865, 0.1865, 0.1865, 0.1865, 0.1865, 0.1865, 0.1865, 0.1865, 0.1865, 0.1865, 0.3325, 0.3325, 0.3325, 0.3325, 0.3325, 0.3325, 0.3325, 0.3325, 0.3325, 0.3325, 0.0042, 0.0042, 0.0042, 0.0042, 0.0042, 0.0042, 0.0042, 0.0042, 0.0042, 0.0042, 0.2384, 0.2384, 0.2384, 0.2384, 0.2384, 0.2384, 0.2384, 0.2384, 0.2384, 0.2384, 0.2621, 0.2621, 0.2621, 0.2621, 0.2621, 0.2621, 0.2621, 0.2621, 0.2621, 0.2621, 0.3526, 0.3526, 0.3526, 0.3526, 0.3526, 0.3526, 0.3526, 0.3526, 0.3526, 0.3526, 0.0653, 0.0653, 0.0653, 0.0653, 0.0653, 0.0653, 0.0653, 0.0653, 0.0653, 0.0653, 0.2405, 0.2405, 0.2405, 0.2405, 0.2405, 0.2405, 0.2405, 0.2405, 0.2405, 0.2405, 0.3035, 0.3035, 0.3035, 0.3035, 0.3035, 0.3035, 0.3035, 0.3035, 0.3035, 0.3035, 0.0594, 0.0594, 0.0594, 0.0594, 0.0594, 0.0594, 0.0594, 0.0594, 0.0594, 0.0594, 0.1951, 0.1951, 0.1951, 0.1951, 0.1951, 0.1951, 0.1951, 0.1951, 0.1951, 0.1951, 0.0702, 0.0702, 0.0702, 0.0702, 0.0702, 0.0702, 0.0702, 0.0702, 0.0702, 0.0702, 0.1718, 0.1718, 0.1718, 0.1718, 0.1718, 0.1718, 0.1718, 0.1718, 0.1718, 0.1718, 0.2328, 0.2328, 0.2328, 0.2328, 0.2328, 0.2328, 0.2328, 0.2328, 0.2328, 0.2328, 0.1185, 0.1185, 0.1185, 0.1185, 0.1185, 0.1185, 0.1185, 0.1185, 0.1185, 0.1185, 0.3047, 0.3047, 0.3047, 0.3047, 0.3047, 0.3047, 0.3047, 0.3047, 0.3047, 0.3047, 0.0469, 0.0469, 0.0469, 0.0469, 0.0469, 0.0469, 0.0469, 0.0469, 0.0469, 0.0469, 0.2611, 0.2611, 0.2611, 0.2611, 0.2611, 0.2611, 0.2611, 0.2611, 0.2611, 0.2611, 0.1101, 0.1101, 0.1101, 0.1101, 0.1101, 0.1101, 0.1101, 0.1101, 0.1101, 0.1101, 0.2359, 0.2359, 0.2359, 0.2359, 0.2359, 0.2359, 0.2359, 0.2359, 0.2359, 0.2359, 0.1687, 0.1687, 0.1687, 0.1687, 0.1687, 0.1687, 0.1687, 0.1687, 0.1687, 0.1687, 0.3671, 0.3671, 0.3671, 0.3671, 0.3671, 0.3671, 0.3671, 0.3671, 0.3671, 0.3671, 0.0452, 0.0452, 0.0452, 0.0452, 0.0452, 0.0452, 0.0452, 0.0452, 0.0452, 0.0452, 0.1336, 0.1336, 0.1336, 0.1336, 0.1336, 0.1336, 0.1336, 0.1336, 0.1336, 0.1336, 0.2348, 0.2348, 0.2348, 0.2348, 0.2348, 0.2348, 0.2348, 0.2348, 0.2348, 0.2348, 0.2977, 0.2977, 0.2977, 0.2977, 0.2977, 0.2977, 0.2977, 0.2977, 0.2977, 0.2977, 0.0877, 0.0877, 0.0877, 0.0877, 0.0877, 0.0877, 0.0877, 0.0877, 0.0877, 0.0877, 0.0966, 0.0966, 0.0966, 0.0966, 0.0966, 0.0966, 0.0966, 0.0966, 0.0966, 0.0966, 0.1234, 0.1234, 0.1234, 0.1234, 0.1234, 0.1234, 0.1234, 0.1234, 0.1234, 0.1234, 0.2113, 0.2113, 0.2113, 0.2113, 0.2113, 0.2113, 0.2113, 0.2113, 0.2113, 0.2113, 0.1637, 0.1637, 0.1637, 0.1637, 0.1637, 0.1637, 0.1637, 0.1637, 0.1637, 0.1637, 0.0057, 0.0057, 0.0057, 0.0057, 0.0057, 0.0057, 0.0057, 0.0057, 0.0057, 0.0057, 0.0067, 0.0067, 0.0067, 0.0067, 0.0067, 0.0067, 0.0067, 0.0067, 0.0067, 0.0067, 0.0422, 0.0422, 0.0422, 0.0422, 0.0422, 0.0422, 0.0422, 0.0422, 0.0422, 0.0422, 0.2238, 0.2238, 0.2238, 0.2238, 0.2238, 0.2238, 0.2238, 0.2238, 0.2238, 0.2238, 0.1909, 0.1909, 0.1909, 0.1909, 0.1909, 0.1909, 0.1909, 0.1909, 0.1909, 0.1909, 0.0827, 0.0827, 0.0827, 0.0827, 0.0827, 0.0827, 0.0827, 0.0827, 0.0827, 0.0827, 0.3511, 0.3511, 0.3511, 0.3511, 0.3511, 0.3511, 0.3511, 0.3511, 0.3511, 0.3511, 0.243, 0.243, 0.243, 0.243, 0.243, 0.243, 0.243, 0.243, 0.243, 0.243, 0.2046, 0.2046, 0.2046, 0.2046, 0.2046, 0.2046, 0.2046, 0.2046, 0.2046, 0.2046, 0.4177, 0.4177, 0.4177, 0.4177, 0.4177, 0.4177, 0.4177, 0.4177, 0.4177, 0.4177, 0.0096, 0.0096, 0.0096, 0.0096, 0.0096, 0.0096, 0.0096, 0.0096, 0.0096, 0.0096, 0.194, 0.194, 0.194, 0.194, 0.194, 0.194, 0.194, 0.194, 0.194, 0.194, 0.0565, 0.0565, 0.0565, 0.0565, 0.0565, 0.0565, 0.0565, 0.0565, 0.0565, 0.0565, 0.0041, 0.0041, 0.0041, 0.0041, 0.0041, 0.0041, 0.0041, 0.0041, 0.0041, 0.0041, 0.0105, 0.0105, 0.0105, 0.0105, 0.0105, 0.0105, 0.0105, 0.0105, 0.0105, 0.0105, 0.1198, 0.1198, 0.1198, 0.1198, 0.1198, 0.1198, 0.1198, 0.1198, 0.1198, 0.1198, 0.0239, 0.0239, 0.0239, 0.0239, 0.0239, 0.0239, 0.0239, 0.0239, 0.0239, 0.0239, 0.0019, 0.0019, 0.0019, 0.0019, 0.0019, 0.0019, 0.0019, 0.0019, 0.0019, 0.0019, 0.1936, 0.1936, 0.1936, 0.1936, 0.1936, 0.1936, 0.1936, 0.1936, 0.1936, 0.1936, 0.0955, 0.0955, 0.0955, 0.0955, 0.0955, 0.0955, 0.0955, 0.0955, 0.0955, 0.0955, 0.152, 0.152, 0.152, 0.152, 0.152, 0.152, 0.152, 0.152, 0.152, 0.152, 0.0853, 0.0853, 0.0853, 0.0853, 0.0853, 0.0853, 0.0853, 0.0853, 0.0853, 0.0853, 0.0033, 0.0033, 0.0033, 0.0033, 0.0033, 0.0033, 0.0033, 0.0033, 0.0033, 0.0033, 0.083, 0.083, 0.083, 0.083, 0.083, 0.083, 0.083, 0.083, 0.083, 0.083, 0.0574, 0.0574, 0.0574, 0.0574, 0.0574, 0.0574, 0.0574, 0.0574, 0.0574, 0.0574, 0.0909, 0.0909, 0.0909, 0.0909, 0.0909, 0.0909, 0.0909, 0.0909, 0.0909, 0.0909, 0.2089, 0.2089, 0.2089, 0.2089, 0.2089, 0.2089, 0.2089, 0.2089, 0.2089, 0.2089, 0.0094, 0.0094, 0.0094, 0.0094, 0.0094, 0.0094, 0.0094, 0.0094, 0.0094, 0.0094, 0.3819, 0.3819, 0.3819, 0.3819, 0.3819, 0.3819, 0.3819, 0.3819, 0.3819, 0.3819, 0.2167, 0.2167, 0.2167, 0.2167, 0.2167, 0.2167, 0.2167, 0.2167, 0.2167, 0.2167, 0.2373, 0.2373, 0.2373, 0.2373, 0.2373, 0.2373, 0.2373, 0.2373, 0.2373, 0.2373, 0.1647, 0.1647, 0.1647, 0.1647, 0.1647, 0.1647, 0.1647, 0.1647, 0.1647, 0.1647, 0.0032, 0.0032, 0.0032, 0.0032, 0.0032, 0.0032, 0.0032, 0.0032, 0.0032, 0.0032, 0.2487, 0.2487, 0.2487, 0.2487, 0.2487, 0.2487, 0.2487, 0.2487, 0.2487, 0.2487, 0.4127, 0.4127, 0.4127, 0.4127, 0.4127, 0.4127, 0.4127, 0.4127, 0.4127, 0.4127, 0.0702, 0.0702, 0.0702, 0.0702, 0.0702, 0.0702, 0.0702, 0.0702, 0.0702, 0.0702, 0.0053, 0.0053, 0.0053, 0.0053, 0.0053, 0.0053, 0.0053, 0.0053, 0.0053, 0.0053, 0.3174, 0.3174, 0.3174, 0.3174, 0.3174, 0.3174, 0.3174, 0.3174, 0.3174, 0.3174, 0.0651, 0.0651, 0.0651, 0.0651, 0.0651, 0.0651, 0.0651, 0.0651, 0.0651, 0.0651, 0.1023, 0.1023, 0.1023, 0.1023, 0.1023, 0.1023, 0.1023, 0.1023, 0.1023, 0.1023, 0.0044, 0.0044, 0.0044, 0.0044, 0.0044, 0.0044, 0.0044, 0.0044, 0.0044, 0.0044, 0.2936, 0.2936, 0.2936, 0.2936, 0.2936, 0.2936, 0.2936, 0.2936, 0.2936, 0.2936, 0.0632, 0.0632, 0.0632, 0.0632, 0.0632, 0.0632, 0.0632, 0.0632, 0.0632, 0.0632, 0.0902, 0.0902, 0.0902, 0.0902, 0.0902, 0.0902, 0.0902, 0.0902, 0.0902, 0.0902, 0.0775, 0.0775, 0.0775, 0.0775, 0.0775, 0.0775, 0.0775, 0.0775, 0.0775, 0.0775, 0.1606, 0.1606, 0.1606, 0.1606, 0.1606, 0.1606, 0.1606, 0.1606, 0.1606, 0.1606, 0.2435, 0.2435, 0.2435, 0.2435, 0.2435, 0.2435, 0.2435, 0.2435, 0.2435, 0.2435, 0.0906, 0.0906, 0.0906, 0.0906, 0.0906, 0.0906, 0.0906, 0.0906, 0.0906, 0.0906, 0.0656, 0.0656, 0.0656, 0.0656, 0.0656, 0.0656, 0.0656, 0.0656, 0.0656, 0.0656, 0.191, 0.191, 0.191, 0.191, 0.191, 0.191, 0.191, 0.191, 0.191, 0.191, 0.1201, 0.1201, 0.1201, 0.1201, 0.1201, 0.1201, 0.1201, 0.1201, 0.1201, 0.1201, 0.1891, 0.1891, 0.1891, 0.1891, 0.1891, 0.1891, 0.1891, 0.1891, 0.1891, 0.1891, 0.0628, 0.0628, 0.0628, 0.0628, 0.0628, 0.0628, 0.0628, 0.0628, 0.0628, 0.0628, 0.2466, 0.2466, 0.2466, 0.2466, 0.2466, 0.2466, 0.2466, 0.2466, 0.2466, 0.2466, 0.0768, 0.0768, 0.0768, 0.0768, 0.0768, 0.0768, 0.0768, 0.0768, 0.0768, 0.0768, 0.094, 0.094, 0.094, 0.094, 0.094, 0.094, 0.094, 0.094, 0.094, 0.094, 0.2742, 0.2742, 0.2742, 0.2742, 0.2742, 0.2742, 0.2742, 0.2742, 0.2742, 0.2742, 0.0685, 0.0685, 0.0685, 0.0685, 0.0685, 0.0685, 0.0685, 0.0685, 0.0685, 0.0685, 0.2065, 0.2065, 0.2065, 0.2065, 0.2065, 0.2065, 0.2065, 0.2065, 0.2065, 0.2065, 0.0912, 0.0912, 0.0912, 0.0912, 0.0912, 0.0912, 0.0912, 0.0912, 0.0912, 0.0912, 0.19, 0.19, 0.19, 0.19, 0.19, 0.19, 0.19, 0.19, 0.19, 0.19, 0.2177, 0.2177, 0.2177, 0.2177, 0.2177, 0.2177, 0.2177, 0.2177, 0.2177, 0.2177, 0.1506, 0.1506, 0.1506, 0.1506, 0.1506, 0.1506, 0.1506, 0.1506, 0.1506, 0.1506, 0.1115, 0.1115, 0.1115, 0.1115, 0.1115, 0.1115, 0.1115, 0.1115, 0.1115, 0.1115, 0.1918, 0.1918, 0.1918, 0.1918, 0.1918, 0.1918, 0.1918, 0.1918, 0.1918, 0.1918, 0.1073, 0.1073, 0.1073, 0.1073, 0.1073, 0.1073, 0.1073, 0.1073, 0.1073, 0.1073, 0.004, 0.004, 0.004, 0.004, 0.004, 0.004, 0.004, 0.004, 0.004, 0.004, 0.0911, 0.0911, 0.0911, 0.0911, 0.0911, 0.0911, 0.0911, 0.0911, 0.0911, 0.0911, 0.3839, 0.3839, 0.3839, 0.3839, 0.3839, 0.3839, 0.3839, 0.3839, 0.3839, 0.3839, 0.1925, 0.1925, 0.1925, 0.1925, 0.1925, 0.1925, 0.1925, 0.1925, 0.1925, 0.1925, 0.1364, 0.1364, 0.1364, 0.1364, 0.1364, 0.1364, 0.1364, 0.1364, 0.1364, 0.1364, 0.1462, 0.1462, 0.1462, 0.1462, 0.1462, 0.1462, 0.1462, 0.1462, 0.1462, 0.1462, 0.0635, 0.0635, 0.0635, 0.0635, 0.0635, 0.0635, 0.0635, 0.0635, 0.0635, 0.0635, 0.0784, 0.0784, 0.0784, 0.0784, 0.0784, 0.0784, 0.0784, 0.0784, 0.0784, 0.0784, 0.0801, 0.0801, 0.0801, 0.0801, 0.0801, 0.0801, 0.0801, 0.0801, 0.0801, 0.0801, 0.0752, 0.0752, 0.0752, 0.0752, 0.0752, 0.0752, 0.0752, 0.0752, 0.0752, 0.0752, 0.2211, 0.2211, 0.2211, 0.2211, 0.2211, 0.2211, 0.2211, 0.2211, 0.2211, 0.2211, 0.2402, 0.2402, 0.2402, 0.2402, 0.2402, 0.2402, 0.2402, 0.2402, 0.2402, 0.2402, 0.1222, 0.1222, 0.1222, 0.1222, 0.1222, 0.1222, 0.1222, 0.1222, 0.1222, 0.1222, 0.2333, 0.2333, 0.2333, 0.2333, 0.2333, 0.2333, 0.2333, 0.2333, 0.2333, 0.2333, 0.09, 0.09, 0.09, 0.09, 0.09, 0.09, 0.09, 0.09, 0.09, 0.09, 0.0663, 0.0663, 0.0663, 0.0663, 0.0663, 0.0663, 0.0663, 0.0663, 0.0663, 0.0663, 0.0865, 0.0865, 0.0865, 0.0865, 0.0865, 0.0865, 0.0865, 0.0865, 0.0865, 0.0865, 0.1552, 0.1552, 0.1552, 0.1552, 0.1552, 0.1552, 0.1552, 0.1552, 0.1552, 0.1552, 0.1461, 0.1461, 0.1461, 0.1461, 0.1461, 0.1461, 0.1461, 0.1461, 0.1461, 0.1461, 0.0589, 0.0589, 0.0589, 0.0589, 0.0589, 0.0589, 0.0589, 0.0589, 0.0589, 0.0589, 0.1118, 0.1118, 0.1118, 0.1118, 0.1118, 0.1118, 0.1118, 0.1118, 0.1118, 0.1118, 0.0491, 0.0491, 0.0491, 0.0491, 0.0491, 0.0491, 0.0491, 0.0491, 0.0491, 0.0491, 0.0518, 0.0518, 0.0518, 0.0518, 0.0518, 0.0518, 0.0518, 0.0518, 0.0518, 0.0518, 0.0017, 0.0017, 0.0017, 0.0017, 0.0017, 0.0017, 0.0017, 0.0017, 0.0017, 0.0017, 0.237, 0.237, 0.237, 0.237, 0.237, 0.237, 0.237, 0.237, 0.237, 0.237, 0.002, 0.002, 0.002, 0.002, 0.002, 0.002, 0.002, 0.002, 0.002, 0.002, 0.2168, 0.2168, 0.2168, 0.2168, 0.2168, 0.2168, 0.2168, 0.2168, 0.2168, 0.2168, 0.0022, 0.0022, 0.0022, 0.0022, 0.0022, 0.0022, 0.0022, 0.0022, 0.0022, 0.0022, 0.0207, 0.0207, 0.0207, 0.0207, 0.0207, 0.0207, 0.0207, 0.0207, 0.0207, 0.0207, 0.0511, 0.0511, 0.0511, 0.0511, 0.0511, 0.0511, 0.0511, 0.0511, 0.0511, 0.0511, 0.0014, 0.0014, 0.0014, 0.0014, 0.0014, 0.0014, 0.0014, 0.0014, 0.0014, 0.0014, 0.1361, 0.1361, 0.1361, 0.1361, 0.1361, 0.1361, 0.1361, 0.1361, 0.1361, 0.1361, 0.0865, 0.0865, 0.0865, 0.0865, 0.0865, 0.0865, 0.0865, 0.0865, 0.0865, 0.0865, 0.0887, 0.0887, 0.0887, 0.0887, 0.0887, 0.0887, 0.0887, 0.0887, 0.0887, 0.0887, 0.0887, 0.0887, 0.0887, 0.0887, 0.0887, 0.0887, 0.0887, 0.0887, 0.0887, 0.0887, 0.0968, 0.0968, 0.0968, 0.0968, 0.0968, 0.0968, 0.0968, 0.0968, 0.0968, 0.0968, 0.0861, 0.0861, 0.0861, 0.0861, 0.0861, 0.0861, 0.0861, 0.0861, 0.0861, 0.0861, 0.1919, 0.1919, 0.1919, 0.1919, 0.1919, 0.1919, 0.1919, 0.1919, 0.1919, 0.1919, 0.0636, 0.0636, 0.0636, 0.0636, 0.0636, 0.0636, 0.0636, 0.0636, 0.0636, 0.0636, 0.0973, 0.0973, 0.0973, 0.0973, 0.0973, 0.0973, 0.0973, 0.0973, 0.0973, 0.0973, 0.0182, 0.0182, 0.0182, 0.0182, 0.0182, 0.0182, 0.0182, 0.0182, 0.0182, 0.0182, 0.1642, 0.1642, 0.1642, 0.1642, 0.1642, 0.1642, 0.1642, 0.1642, 0.1642, 0.1642, 0.1246, 0.1246, 0.1246, 0.1246, 0.1246, 0.1246, 0.1246, 0.1246, 0.1246, 0.1246, 0.0214, 0.0214, 0.0214, 0.0214, 0.0214, 0.0214, 0.0214, 0.0214, 0.0214, 0.0214, 0.0984, 0.0984, 0.0984, 0.0984, 0.0984, 0.0984, 0.0984, 0.0984, 0.0984, 0.0984, 0.0377, 0.0377, 0.0377, 0.0377, 0.0377, 0.0377, 0.0377, 0.0377, 0.0377, 0.0377, 0.0072, 0.0072, 0.0072, 0.0072, 0.0072, 0.0072, 0.0072, 0.0072, 0.0072, 0.0072, 0.0919, 0.0919, 0.0919, 0.0919, 0.0919, 0.0919, 0.0919, 0.0919, 0.0919, 0.0919, 0.0888, 0.0888, 0.0888, 0.0888, 0.0888, 0.0888, 0.0888, 0.0888, 0.0888, 0.0888, 0.0862, 0.0862, 0.0862, 0.0862, 0.0862, 0.0862, 0.0862, 0.0862, 0.0862, 0.0862, 0.1226, 0.1226, 0.1226, 0.1226, 0.1226, 0.1226, 0.1226, 0.1226, 0.1226, 0.1226, 0.0142, 0.0142, 0.0142, 0.0142, 0.0142, 0.0142, 0.0142, 0.0142, 0.0142, 0.0142, 0.1744, 0.1744, 0.1744, 0.1744, 0.1744, 0.1744, 0.1744, 0.1744, 0.1744, 0.1744, 0.2101, 0.2101, 0.2101, 0.2101, 0.2101, 0.2101, 0.2101, 0.2101, 0.2101, 0.2101, 0.0896, 0.0896, 0.0896, 0.0896, 0.0896, 0.0896, 0.0896, 0.0896, 0.0896, 0.0896, 0.1757, 0.1757, 0.1757, 0.1757, 0.1757, 0.1757, 0.1757, 0.1757, 0.1757, 0.1757, 0.3991, 0.3991, 0.3991, 0.3991, 0.3991, 0.3991, 0.3991, 0.3991, 0.3991, 0.3991, 0.0028, 0.0028, 0.0028, 0.0028, 0.0028, 0.0028, 0.0028, 0.0028, 0.0028, 0.0028, 0.0166, 0.0166, 0.0166, 0.0166, 0.0166, 0.0166, 0.0166, 0.0166, 0.0166, 0.0166, 0.0021, 0.0021, 0.0021, 0.0021, 0.0021, 0.0021, 0.0021, 0.0021, 0.0021, 0.0021, 0.1581, 0.1581, 0.1581, 0.1581, 0.1581, 0.1581, 0.1581, 0.1581, 0.1581, 0.1581, 0.1065, 0.1065, 0.1065, 0.1065, 0.1065, 0.1065, 0.1065, 0.1065, 0.1065, 0.1065, 0.2833, 0.2833, 0.2833, 0.2833, 0.2833, 0.2833, 0.2833, 0.2833, 0.2833, 0.2833, 0.0386, 0.0386, 0.0386, 0.0386, 0.0386, 0.0386, 0.0386, 0.0386, 0.0386, 0.0386, 0.0596, 0.0596, 0.0596, 0.0596, 0.0596, 0.0596, 0.0596, 0.0596, 0.0596, 0.0596, 0.1105, 0.1105, 0.1105, 0.1105, 0.1105, 0.1105, 0.1105, 0.1105, 0.1105, 0.1105, 0.1108, 0.1108, 0.1108, 0.1108, 0.1108, 0.1108, 0.1108, 0.1108, 0.1108, 0.1108, 0.0224, 0.0224, 0.0224, 0.0224, 0.0224, 0.0224, 0.0224, 0.0224, 0.0224, 0.0224, 0.1384, 0.1384, 0.1384, 0.1384, 0.1384, 0.1384, 0.1384, 0.1384, 0.1384, 0.1384, 0.1358, 0.1358, 0.1358, 0.1358, 0.1358, 0.1358, 0.1358, 0.1358, 0.1358, 0.1358, 0.0015, 0.0015, 0.0015, 0.0015, 0.0015, 0.0015, 0.0015, 0.0015, 0.0015, 0.0015, 0.2476, 0.2476, 0.2476, 0.2476, 0.2476, 0.2476, 0.2476, 0.2476, 0.2476, 0.2476, 0.0447, 0.0447, 0.0447, 0.0447, 0.0447, 0.0447, 0.0447, 0.0447, 0.0447, 0.0447, 0.1416, 0.1416, 0.1416, 0.1416, 0.1416, 0.1416, 0.1416, 0.1416, 0.1416, 0.1416, 0.0679, 0.0679, 0.0679, 0.0679, 0.0679, 0.0679, 0.0679, 0.0679, 0.0679, 0.0679, 0.2875, 0.2875, 0.2875, 0.2875, 0.2875, 0.2875, 0.2875, 0.2875, 0.2875, 0.2875, 0.1203, 0.1203, 0.1203, 0.1203, 0.1203, 0.1203, 0.1203, 0.1203, 0.1203, 0.1203, 0.137, 0.137, 0.137, 0.137, 0.137, 0.137, 0.137, 0.137, 0.137, 0.137, 0.1106, 0.1106, 0.1106, 0.1106, 0.1106, 0.1106, 0.1106, 0.1106, 0.1106, 0.1106, 0.0864, 0.0864, 0.0864, 0.0864, 0.0864, 0.0864, 0.0864, 0.0864, 0.0864, 0.0864, 0.0758, 0.0758, 0.0758, 0.0758, 0.0758, 0.0758, 0.0758, 0.0758, 0.0758, 0.0758, 0.148, 0.148, 0.148, 0.148, 0.148, 0.148, 0.148, 0.148, 0.148, 0.148, 0.0048, 0.0048, 0.0048, 0.0048, 0.0048, 0.0048, 0.0048, 0.0048, 0.0048, 0.0048, 0.1547, 0.1547, 0.1547, 0.1547, 0.1547, 0.1547, 0.1547, 0.1547, 0.1547, 0.1547, 0.1081, 0.1081, 0.1081, 0.1081, 0.1081, 0.1081, 0.1081, 0.1081, 0.1081, 0.1081, 0.0943, 0.0943, 0.0943, 0.0943, 0.0943, 0.0943, 0.0943, 0.0943, 0.0943, 0.0943, 0.0017, 0.0017, 0.0017, 0.0017, 0.0017, 0.0017, 0.0017, 0.0017, 0.0017, 0.0017, 0.0935, 0.0935, 0.0935, 0.0935, 0.0935, 0.0935, 0.0935, 0.0935, 0.0935, 0.0935, 0.0023, 0.0023, 0.0023, 0.0023, 0.0023, 0.0023, 0.0023, 0.0023, 0.0023, 0.0023, 0.1699, 0.1699, 0.1699, 0.1699, 0.1699, 0.1699, 0.1699, 0.1699, 0.1699, 0.1699, 0.1513, 0.1513, 0.1513, 0.1513, 0.1513, 0.1513, 0.1513, 0.1513, 0.1513, 0.1513, 0.002, 0.002, 0.002, 0.002, 0.002, 0.002, 0.002, 0.002, 0.002, 0.002, 0.0722, 0.0722, 0.0722, 0.0722, 0.0722, 0.0722, 0.0722, 0.0722, 0.0722, 0.0722, 0.0021, 0.0021, 0.0021, 0.0021, 0.0021, 0.0021, 0.0021, 0.0021, 0.0021, 0.0021, 0.0018, 0.0018, 0.0018, 0.0018, 0.0018, 0.0018, 0.0018, 0.0018, 0.0018, 0.0018, 0.2439, 0.2439, 0.2439, 0.2439, 0.2439, 0.2439, 0.2439, 0.2439, 0.2439, 0.2439, 0.0017, 0.0017, 0.0017, 0.0017, 0.0017, 0.0017, 0.0017, 0.0017, 0.0017, 0.0017, 0.0688, 0.0688, 0.0688, 0.0688, 0.0688, 0.0688, 0.0688, 0.0688, 0.0688, 0.0688, 0.0639, 0.0639, 0.0639, 0.0639, 0.0639, 0.0639, 0.0639, 0.0639, 0.0639, 0.0639, 0.0853, 0.0853, 0.0853, 0.0853, 0.0853, 0.0853, 0.0853, 0.0853, 0.0853, 0.0853, 0.0023, 0.0023, 0.0023, 0.0023, 0.0023, 0.0023, 0.0023, 0.0023, 0.0023, 0.0023, 0.0376, 0.0376, 0.0376, 0.0376, 0.0376, 0.0376, 0.0376, 0.0376, 0.0376, 0.0376, 0.0013, 0.0013, 0.0013, 0.0013, 0.0013, 0.0013, 0.0013, 0.0013, 0.0013, 0.0013, 0.0095, 0.0095, 0.0095, 0.0095, 0.0095, 0.0095, 0.0095, 0.0095, 0.0095, 0.0095, 0.0336, 0.0336, 0.0336, 0.0336, 0.0336, 0.0336, 0.0336, 0.0336, 0.0336, 0.0336, 0.2092, 0.2092, 0.2092, 0.2092, 0.2092, 0.2092, 0.2092, 0.2092, 0.2092, 0.2092, 0.1137, 0.1137, 0.1137, 0.1137, 0.1137, 0.1137, 0.1137, 0.1137, 0.1137, 0.1137, 0.1304, 0.1304, 0.1304, 0.1304, 0.1304, 0.1304, 0.1304, 0.1304, 0.1304, 0.1304, 0.097, 0.097, 0.097, 0.097, 0.097, 0.097, 0.097, 0.097, 0.097, 0.097, 0.0019, 0.0019, 0.0019, 0.0019, 0.0019, 0.0019, 0.0019, 0.0019, 0.0019, 0.0019, 0.0019, 0.0019, 0.0019, 0.0019, 0.0019, 0.0019, 0.0019, 0.0019, 0.0019, 0.0019, 0.0011, 0.0011, 0.0011, 0.0011, 0.0011, 0.0011, 0.0011, 0.0011, 0.0011, 0.0011, 0.0016, 0.0016, 0.0016, 0.0016, 0.0016, 0.0016, 0.0016, 0.0016, 0.0016, 0.0016, 0.2774, 0.2774, 0.2774, 0.2774, 0.2774, 0.2774, 0.2774, 0.2774, 0.2774, 0.2774, 0.0712, 0.0712, 0.0712, 0.0712, 0.0712, 0.0712, 0.0712, 0.0712, 0.0712, 0.0712, 0.1651, 0.1651, 0.1651, 0.1651, 0.1651, 0.1651, 0.1651, 0.1651, 0.1651, 0.1651, 0.0481, 0.0481, 0.0481, 0.0481, 0.0481, 0.0481, 0.0481, 0.0481, 0.0481, 0.0481, 0.1493, 0.1493, 0.1493, 0.1493, 0.1493, 0.1493, 0.1493, 0.1493, 0.1493, 0.1493, 0.06, 0.06, 0.06, 0.06, 0.06, 0.06, 0.06, 0.06, 0.06, 0.06, 0.1044, 0.1044, 0.1044, 0.1044, 0.1044, 0.1044, 0.1044, 0.1044, 0.1044, 0.1044, 0.0023, 0.0023, 0.0023, 0.0023, 0.0023, 0.0023, 0.0023, 0.0023, 0.0023, 0.0023, 0.0966, 0.0966, 0.0966, 0.0966, 0.0966, 0.0966, 0.0966, 0.0966, 0.0966, 0.0966, 0.0018, 0.0018, 0.0018, 0.0018, 0.0018, 0.0018, 0.0018, 0.0018, 0.0018, 0.0018, 0.0049, 0.0049, 0.0049, 0.0049, 0.0049, 0.0049, 0.0049, 0.0049, 0.0049, 0.0049, 0.0037, 0.0037, 0.0037, 0.0037, 0.0037, 0.0037, 0.0037, 0.0037, 0.0037, 0.0037, 0.1254, 0.1254, 0.1254, 0.1254, 0.1254, 0.1254, 0.1254, 0.1254, 0.1254, 0.1254, 0.0929, 0.0929, 0.0929, 0.0929, 0.0929, 0.0929, 0.0929, 0.0929, 0.0929, 0.0929, 0.0912, 0.0912, 0.0912, 0.0912, 0.0912, 0.0912, 0.0912, 0.0912, 0.0912, 0.0912, 0.1636, 0.1636, 0.1636, 0.1636, 0.1636, 0.1636, 0.1636, 0.1636, 0.1636, 0.1636, 0.067, 0.067, 0.067, 0.067, 0.067, 0.067, 0.067, 0.067, 0.067, 0.067, 0.0911, 0.0911, 0.0911, 0.0911, 0.0911, 0.0911, 0.0911, 0.0911, 0.0911, 0.0911, 0.2214, 0.2214, 0.2214, 0.2214, 0.2214, 0.2214, 0.2214, 0.2214, 0.2214, 0.2214, 0.0717, 0.0717, 0.0717, 0.0717, 0.0717, 0.0717, 0.0717, 0.0717, 0.0717, 0.0717, 0.0022, 0.0022, 0.0022, 0.0022, 0.0022, 0.0022, 0.0022, 0.0022, 0.0022, 0.0022, 0.079, 0.079, 0.079, 0.079, 0.079, 0.079, 0.079, 0.079, 0.079, 0.079, 0.0029, 0.0029, 0.0029, 0.0029, 0.0029, 0.0029, 0.0029, 0.0029, 0.0029, 0.0029, 0.0021, 0.0021, 0.0021, 0.0021, 0.0021, 0.0021, 0.0021, 0.0021, 0.0021, 0.0021, 0.0016, 0.0016, 0.0016, 0.0016, 0.0016, 0.0016, 0.0016, 0.0016, 0.0016, 0.0016, 0.1483, 0.1483, 0.1483, 0.1483, 0.1483, 0.1483, 0.1483, 0.1483, 0.1483, 0.1483, 0.1519, 0.1519, 0.1519, 0.1519, 0.1519, 0.1519, 0.1519, 0.1519, 0.1519, 0.1519, 0.0021, 0.0021, 0.0021, 0.0021, 0.0021, 0.0021, 0.0021, 0.0021, 0.0021, 0.0021, 0.002, 0.002, 0.002, 0.002, 0.002, 0.002, 0.002, 0.002, 0.002, 0.002, 0.0467, 0.0467, 0.0467, 0.0467, 0.0467, 0.0467, 0.0467, 0.0467, 0.0467, 0.0467, 0.0705, 0.0705, 0.0705, 0.0705, 0.0705, 0.0705, 0.0705, 0.0705, 0.0705, 0.0705, 0.1591, 0.1591, 0.1591, 0.1591, 0.1591, 0.1591, 0.1591, 0.1591, 0.1591, 0.1591, 0.0015, 0.0015, 0.0015, 0.0015, 0.0015, 0.0015, 0.0015, 0.0015, 0.0015, 0.0015, 0.1064, 0.1064, 0.1064, 0.1064, 0.1064, 0.1064, 0.1064, 0.1064, 0.1064, 0.1064, 0.0014, 0.0014, 0.0014, 0.0014, 0.0014, 0.0014, 0.0014, 0.0014, 0.0014, 0.0014, 0.0012, 0.0012, 0.0012, 0.0012, 0.0012, 0.0012, 0.0012, 0.0012, 0.0012, 0.0012, 0.0012, 0.0012, 0.0012, 0.0012, 0.0012, 0.0012, 0.0012, 0.0012, 0.0012, 0.0012, 0.1546, 0.1546, 0.1546, 0.1546, 0.1546, 0.1546, 0.1546, 0.1546, 0.1546, 0.1546, 0.2752, 0.2752, 0.2752, 0.2752, 0.2752, 0.2752, 0.2752, 0.2752, 0.2752, 0.2752, 0.0463, 0.0463, 0.0463, 0.0463, 0.0463, 0.0463, 0.0463, 0.0463, 0.0463, 0.0463, 0.0012, 0.0012, 0.0012, 0.0012, 0.0012, 0.0012, 0.0012, 0.0012, 0.0012, 0.0012, 0.0876, 0.0876, 0.0876, 0.0876, 0.0876, 0.0876, 0.0876, 0.0876, 0.0876, 0.0876, 0.0745, 0.0745, 0.0745, 0.0745, 0.0745, 0.0745, 0.0745, 0.0745, 0.0745, 0.0745, 0.0438, 0.0438, 0.0438, 0.0438, 0.0438, 0.0438, 0.0438, 0.0438, 0.0438, 0.0438, 0.126, 0.126, 0.126, 0.126, 0.126, 0.126, 0.126, 0.126, 0.126, 0.126, 0.0013, 0.0013, 0.0013, 0.0013, 0.0013, 0.0013, 0.0013, 0.0013, 0.0013, 0.0013, 0.001, 0.001, 0.001, 0.001, 0.001, 0.001, 0.001, 0.001, 0.001, 0.001, 0.095, 0.095, 0.095, 0.095, 0.095, 0.095, 0.095, 0.095, 0.095, 0.095, 0.0011, 0.0011, 0.0011, 0.0011, 0.0011, 0.0011, 0.0011, 0.0011, 0.0011, 0.0011, 0.2124, 0.2124, 0.2124, 0.2124, 0.2124, 0.2124, 0.2124, 0.2124, 0.2124, 0.2124, 0.0576, 0.0576, 0.0576, 0.0576, 0.0576, 0.0576, 0.0576, 0.0576, 0.0576, 0.0576, 0.0011, 0.0011, 0.0011, 0.0011, 0.0011, 0.0011, 0.0011, 0.0011, 0.0011, 0.0011, 0.1332, 0.1332, 0.1332, 0.1332, 0.1332, 0.1332, 0.1332, 0.1332, 0.1332, 0.1332, 0.087, 0.087, 0.087, 0.087, 0.087, 0.087, 0.087, 0.087, 0.087, 0.087, 0.0025, 0.0025, 0.0025, 0.0025, 0.0025, 0.0025, 0.0025, 0.0025, 0.0025, 0.0025, 0.06, 0.06, 0.06, 0.06, 0.06, 0.06, 0.06, 0.06, 0.06, 0.06, 0.0884, 0.0884, 0.0884, 0.0884, 0.0884, 0.0884, 0.0884, 0.0884, 0.0884, 0.0884, 0.0016, 0.0016, 0.0016, 0.0016, 0.0016, 0.0016, 0.0016, 0.0016, 0.0016, 0.0016, 0.0009, 0.0009, 0.0009, 0.0009, 0.0009, 0.0009, 0.0009, 0.0009, 0.0009, 0.0009, 0.001, 0.001, 0.001, 0.001, 0.001, 0.001, 0.001, 0.001, 0.001, 0.001, 0.0575, 0.0575, 0.0575, 0.0575, 0.0575, 0.0575, 0.0575, 0.0575, 0.0575, 0.0575, 0.0011, 0.0011, 0.0011, 0.0011, 0.0011, 0.0011, 0.0011, 0.0011, 0.0011, 0.0011, 0.0008, 0.0008, 0.0008, 0.0008, 0.0008, 0.0008, 0.0008, 0.0008, 0.0008, 0.0008, 0.078, 0.078, 0.078, 0.078, 0.078, 0.078, 0.078, 0.078, 0.078, 0.078, 0.0009, 0.0009, 0.0009, 0.0009, 0.0009, 0.0009, 0.0009, 0.0009, 0.0009, 0.0009, 0.001, 0.001, 0.001, 0.001, 0.001, 0.001, 0.001, 0.001, 0.001, 0.001, 0.0009, 0.0009, 0.0009, 0.0009, 0.0009, 0.0009, 0.0009, 0.0009, 0.0009, 0.0009, 0.2005, 0.2005, 0.2005, 0.2005, 0.2005, 0.2005, 0.2005, 0.2005, 0.2005, 0.2005, 0.0627, 0.0627, 0.0627, 0.0627, 0.0627, 0.0627, 0.0627, 0.0627, 0.0627, 0.0627, 0.0009, 0.0009, 0.0009, 0.0009, 0.0009, 0.0009, 0.0009, 0.0009, 0.0009, 0.0009, 0.0007, 0.0007, 0.0007, 0.0007, 0.0007, 0.0007, 0.0007, 0.0007, 0.0007, 0.0007, 0.0693, 0.0693, 0.0693, 0.0693, 0.0693, 0.0693, 0.0693, 0.0693, 0.0693, 0.0693, 0.0008, 0.0008, 0.0008, 0.0008, 0.0008, 0.0008, 0.0008, 0.0008, 0.0008, 0.0008, 0.0008, 0.0008, 0.0008, 0.0008, 0.0008, 0.0008, 0.0008, 0.0008, 0.0008, 0.0008, 0.0009, 0.0009, 0.0009, 0.0009, 0.0009, 0.0009, 0.0009, 0.0009, 0.0009, 0.0009, 0.0008, 0.0008, 0.0008, 0.0008, 0.0008, 0.0008, 0.0008, 0.0008, 0.0008, 0.0008, 0.0006, 0.0006, 0.0006, 0.0006, 0.0006, 0.0006, 0.0006, 0.0006, 0.0006, 0.0006, 0.0006, 0.0006, 0.0006, 0.0006, 0.0006, 0.0006, 0.0006, 0.0006, 0.0006, 0.0006, 0.0007, 0.0007, 0.0007, 0.0007, 0.0007, 0.0007, 0.0007, 0.0007, 0.0007, 0.0007, 0.1035, 0.1035, 0.1035, 0.1035, 0.1035, 0.1035, 0.1035, 0.1035, 0.1035, 0.1035, 0.001, 0.001, 0.001, 0.001, 0.001, 0.001, 0.001, 0.001, 0.001, 0.001, 0.0638, 0.0638, 0.0638, 0.0638, 0.0638, 0.0638, 0.0638, 0.0638, 0.0638, 0.0638, 0.0995, 0.0995, 0.0995, 0.0995, 0.0995, 0.0995, 0.0995, 0.0995, 0.0995, 0.0995, 0.0659, 0.0659, 0.0659, 0.0659, 0.0659, 0.0659, 0.0659, 0.0659, 0.0659, 0.0659, 0.0007, 0.0007, 0.0007, 0.0007, 0.0007, 0.0007, 0.0007, 0.0007, 0.0007, 0.0007, 0.0007, 0.0007, 0.0007, 0.0007, 0.0007, 0.0007, 0.0007, 0.0007, 0.0007, 0.0007, 0.0353, 0.0353, 0.0353, 0.0353, 0.0353, 0.0353, 0.0353, 0.0353, 0.0353, 0.0353, 0.1417, 0.1417, 0.1417, 0.1417, 0.1417, 0.1417, 0.1417, 0.1417, 0.1417, 0.1417, 0.0861, 0.0861, 0.0861, 0.0861, 0.0861, 0.0861, 0.0861, 0.0861, 0.0861, 0.0861, 0.0546, 0.0546, 0.0546, 0.0546, 0.0546, 0.0546, 0.0546, 0.0546, 0.0546, 0.0546, 0.0633, 0.0633, 0.0633, 0.0633, 0.0633, 0.0633, 0.0633, 0.0633, 0.0633, 0.0633, 0.0153, 0.0153, 0.0153, 0.0153, 0.0153, 0.0153, 0.0153, 0.0153, 0.0153, 0.0153, 0.0887, 0.0887, 0.0887, 0.0887, 0.0887, 0.0887, 0.0887, 0.0887, 0.0887, 0.0887, 0.0007, 0.0007, 0.0007, 0.0007, 0.0007, 0.0007, 0.0007, 0.0007, 0.0007, 0.0007, 0.0734, 0.0734, 0.0734, 0.0734, 0.0734, 0.0734, 0.0734, 0.0734, 0.0734, 0.0734, 0.0015, 0.0015, 0.0015, 0.0015, 0.0015, 0.0015, 0.0015, 0.0015, 0.0015, 0.0015, 0.0007, 0.0007, 0.0007, 0.0007, 0.0007, 0.0007, 0.0007, 0.0007, 0.0007, 0.0007, 0.0006, 0.0006, 0.0006, 0.0006, 0.0006, 0.0006, 0.0006, 0.0006, 0.0006, 0.0006, 0.0843, 0.0843, 0.0843, 0.0843, 0.0843, 0.0843, 0.0843, 0.0843, 0.0843, 0.0843, 0.001, 0.001, 0.001, 0.001, 0.001, 0.001, 0.001, 0.001, 0.001, 0.001, 0.0005, 0.0005, 0.0005, 0.0005, 0.0005, 0.0005, 0.0005, 0.0005, 0.0005, 0.0005, 0.0911, 0.0911, 0.0911, 0.0911, 0.0911, 0.0911, 0.0911, 0.0911, 0.0911, 0.0911, 0.1015, 0.1015, 0.1015, 0.1015, 0.1015, 0.1015, 0.1015, 0.1015, 0.1015, 0.1015, 0.0006, 0.0006, 0.0006, 0.0006, 0.0006, 0.0006, 0.0006, 0.0006, 0.0006, 0.0006, 0.0007, 0.0007, 0.0007, 0.0007, 0.0007, 0.0007, 0.0007, 0.0007, 0.0007, 0.0007, 0.0827, 0.0827, 0.0827, 0.0827, 0.0827, 0.0827, 0.0827, 0.0827, 0.0827, 0.0827, 0.0753, 0.0753, 0.0753, 0.0753, 0.0753, 0.0753, 0.0753, 0.0753, 0.0753, 0.0753, 0.2878, 0.2878, 0.2878, 0.2878, 0.2878, 0.2878, 0.2878, 0.2878, 0.2878, 0.2878, 0.0014, 0.0014, 0.0014, 0.0014, 0.0014, 0.0014, 0.0014, 0.0014, 0.0014, 0.0014, 0.0011, 0.0011, 0.0011, 0.0011, 0.0011, 0.0011, 0.0011, 0.0011, 0.0011, 0.0011, 0.001, 0.001, 0.001, 0.001, 0.001, 0.001, 0.001, 0.001, 0.001, 0.001, 0.0538, 0.0538, 0.0538, 0.0538, 0.0538, 0.0538, 0.0538, 0.0538, 0.0538, 0.0538, 0.0007, 0.0007, 0.0007, 0.0007, 0.0007, 0.0007, 0.0007, 0.0007, 0.0007, 0.0007, 0.0009, 0.0009, 0.0009, 0.0009, 0.0009, 0.0009, 0.0009, 0.0009, 0.0009, 0.0009, 0.0009, 0.0009, 0.0009, 0.0009, 0.0009, 0.0009, 0.0009, 0.0009, 0.0009, 0.0009, 0.0028, 0.0028, 0.0028, 0.0028, 0.0028, 0.0028, 0.0028, 0.0028, 0.0028, 0.0028, 0.0789, 0.0789, 0.0789, 0.0789, 0.0789, 0.0789, 0.0789, 0.0789, 0.0789, 0.0789, 0.0006, 0.0006, 0.0006, 0.0006, 0.0006, 0.0006, 0.0006, 0.0006, 0.0006, 0.0006, 0.0005, 0.0005, 0.0005, 0.0005, 0.0005, 0.0005, 0.0005, 0.0005, 0.0005, 0.0005, 0.0007, 0.0007, 0.0007, 0.0007, 0.0007, 0.0007, 0.0007, 0.0007, 0.0007, 0.0007, 0.0038, 0.0038, 0.0038, 0.0038, 0.0038, 0.0038, 0.0038, 0.0038, 0.0038, 0.0038, 0.0006, 0.0006, 0.0006, 0.0006, 0.0006, 0.0006, 0.0006, 0.0006, 0.0006, 0.0006, 0.0949, 0.0949, 0.0949, 0.0949, 0.0949, 0.0949, 0.0949, 0.0949, 0.0949, 0.0949, 0.0005, 0.0005, 0.0005, 0.0005, 0.0005, 0.0005, 0.0005, 0.0005, 0.0005, 0.0005, 0.0005, 0.0005, 0.0005, 0.0005, 0.0005, 0.0005, 0.0005, 0.0005, 0.0005, 0.0005, 0.0905, 0.0905, 0.0905, 0.0905, 0.0905, 0.0905, 0.0905, 0.0905, 0.0905, 0.0905, 0.0007, 0.0007, 0.0007, 0.0007, 0.0007, 0.0007, 0.0007, 0.0007, 0.0007, 0.0007, 0.0006, 0.0006, 0.0006, 0.0006, 0.0006, 0.0006, 0.0006, 0.0006, 0.0006, 0.0006, 0.0006, 0.0006, 0.0006, 0.0006, 0.0006, 0.0006, 0.0006, 0.0006, 0.0006, 0.0006, 0.0006, 0.0006, 0.0006, 0.0006, 0.0006, 0.0006, 0.0006, 0.0006, 0.0006, 0.0006, 0.0223, 0.0223, 0.0223, 0.0223, 0.0223, 0.0223, 0.0223, 0.0223, 0.0223, 0.0223, 0.1205, 0.1205, 0.1205, 0.1205, 0.1205, 0.1205, 0.1205, 0.1205, 0.1205, 0.1205, 0.1077, 0.1077, 0.1077, 0.1077, 0.1077, 0.1077, 0.1077, 0.1077, 0.1077, 0.1077, 0.1056, 0.1056, 0.1056, 0.1056, 0.1056, 0.1056, 0.1056, 0.1056, 0.1056, 0.1056, 0.0202, 0.0202, 0.0202, 0.0202, 0.0202, 0.0202, 0.0202, 0.0202, 0.0202, 0.0202, 0.0008, 0.0008, 0.0008, 0.0008, 0.0008, 0.0008, 0.0008, 0.0008, 0.0008, 0.0008, 0.0005, 0.0005, 0.0005, 0.0005, 0.0005, 0.0005, 0.0005, 0.0005, 0.0005, 0.0005, 0.0835, 0.0835, 0.0835, 0.0835, 0.0835, 0.0835, 0.0835, 0.0835, 0.0835, 0.0835, 0.0007, 0.0007, 0.0007, 0.0007, 0.0007, 0.0007, 0.0007, 0.0007, 0.0007, 0.0007, 0.1833, 0.1833, 0.1833, 0.1833, 0.1833, 0.1833, 0.1833, 0.1833, 0.1833, 0.1833, 0.0009, 0.0009, 0.0009, 0.0009, 0.0009, 0.0009, 0.0009, 0.0009, 0.0009, 0.0009, 0.0006, 0.0006, 0.0006, 0.0006, 0.0006, 0.0006, 0.0006, 0.0006, 0.0006, 0.0006, 0.0009, 0.0009, 0.0009, 0.0009, 0.0009, 0.0009, 0.0009, 0.0009, 0.0009, 0.0009, 0.0008, 0.0008, 0.0008, 0.0008, 0.0008, 0.0008, 0.0008, 0.0008, 0.0008, 0.0008, 0.0008, 0.0008, 0.0008, 0.0008, 0.0008, 0.0008, 0.0008, 0.0008, 0.0008, 0.0008, 0.0009, 0.0009, 0.0009, 0.0009, 0.0009, 0.0009, 0.0009, 0.0009, 0.0009, 0.0009, 0.0425, 0.0425, 0.0425, 0.0425, 0.0425, 0.0425, 0.0425, 0.0425, 0.0425, 0.0425, 0.0007, 0.0007, 0.0007, 0.0007, 0.0007, 0.0007, 0.0007, 0.0007, 0.0007, 0.0007, 0.0008, 0.0008, 0.0008, 0.0008, 0.0008, 0.0008, 0.0008, 0.0008, 0.0008, 0.0008, 0.0006, 0.0006, 0.0006, 0.0006, 0.0006, 0.0006, 0.0006, 0.0006, 0.0006, 0.0006, 0.0007, 0.0007, 0.0007, 0.0007, 0.0007, 0.0007, 0.0007, 0.0007, 0.0007, 0.0007, 0.0006, 0.0006, 0.0006, 0.0006, 0.0006, 0.0006, 0.0006, 0.0006, 0.0006, 0.0006, 0.0006, 0.0006, 0.0006, 0.0006, 0.0006, 0.0006, 0.0006, 0.0006, 0.0006, 0.0006, 0.0007, 0.0007, 0.0007, 0.0007, 0.0007, 0.0007, 0.0007, 0.0007, 0.0007, 0.0007, 0.0006, 0.0006, 0.0006, 0.0006, 0.0006, 0.0006, 0.0006, 0.0006, 0.0006, 0.0006, 0.0981, 0.0981, 0.0981, 0.0981, 0.0981, 0.0981, 0.0981, 0.0981, 0.0981, 0.0981, 0.0753, 0.0753, 0.0753, 0.0753, 0.0753, 0.0753, 0.0753, 0.0753, 0.0753, 0.0753, 0.0006, 0.0006, 0.0006, 0.0006, 0.0006, 0.0006, 0.0006, 0.0006, 0.0006, 0.0006, 0.0005, 0.0005, 0.0005, 0.0005, 0.0005, 0.0005, 0.0005, 0.0005, 0.0005, 0.0005, 0.081, 0.081, 0.081, 0.081, 0.081, 0.081, 0.081, 0.081, 0.081, 0.081, 0.0006, 0.0006, 0.0006, 0.0006, 0.0006, 0.0006, 0.0006, 0.0006, 0.0006, 0.0006, 0.1358, 0.1358, 0.1358, 0.1358, 0.1358, 0.1358, 0.1358, 0.1358, 0.1358, 0.1358, 0.0006, 0.0006, 0.0006, 0.0006, 0.0006, 0.0006, 0.0006, 0.0006, 0.0006, 0.0006, 0.1595, 0.1595, 0.1595, 0.1595, 0.1595, 0.1595, 0.1595, 0.1595, 0.1595, 0.1595, 0.08, 0.08, 0.08, 0.08, 0.08, 0.08, 0.08, 0.08, 0.08, 0.08, 0.0006, 0.0006, 0.0006, 0.0006, 0.0006, 0.0006, 0.0006, 0.0006, 0.0006, 0.0006, 0.1161, 0.1161, 0.1161, 0.1161, 0.1161, 0.1161, 0.1161, 0.1161, 0.1161, 0.1161, 0.0691, 0.0691, 0.0691, 0.0691, 0.0691, 0.0691, 0.0691, 0.0691, 0.0691, 0.0691, 0.0124, 0.0124, 0.0124, 0.0124, 0.0124, 0.0124, 0.0124, 0.0124, 0.0124, 0.0124, 0.0009, 0.0009, 0.0009, 0.0009, 0.0009, 0.0009, 0.0009, 0.0009, 0.0009, 0.0009, 0.0008, 0.0008, 0.0008, 0.0008, 0.0008, 0.0008, 0.0008, 0.0008, 0.0008, 0.0008, 0.0007, 0.0007, 0.0007, 0.0007, 0.0007, 0.0007, 0.0007, 0.0007, 0.0007, 0.0007, 0.0007, 0.0007, 0.0007, 0.0007, 0.0007, 0.0007, 0.0007, 0.0007, 0.0007, 0.0007, 0.001, 0.001, 0.001, 0.001, 0.001, 0.001, 0.001, 0.001, 0.001, 0.001, 0.0005, 0.0005, 0.0005, 0.0005, 0.0005, 0.0005, 0.0005, 0.0005, 0.0005, 0.0005, 0.0834, 0.0834, 0.0834, 0.0834, 0.0834, 0.0834, 0.0834, 0.0834, 0.0834, 0.0834, 0.0016, 0.0016, 0.0016, 0.0016, 0.0016, 0.0016, 0.0016, 0.0016, 0.0016, 0.0016, 0.001, 0.001, 0.001, 0.001, 0.001, 0.001, 0.001, 0.001, 0.001, 0.001, 0.0939, 0.0939, 0.0939, 0.0939, 0.0939, 0.0939, 0.0939, 0.0939, 0.0939, 0.0939, 0.0017, 0.0017, 0.0017, 0.0017, 0.0017, 0.0017, 0.0017, 0.0017, 0.0017, 0.0017, 0.0008, 0.0008, 0.0008, 0.0008, 0.0008, 0.0008, 0.0008, 0.0008, 0.0008, 0.0008, 0.1486, 0.1486, 0.1486, 0.1486, 0.1486, 0.1486, 0.1486, 0.1486, 0.1486, 0.1486, 0.0007, 0.0007, 0.0007, 0.0007, 0.0007, 0.0007, 0.0007, 0.0007, 0.0007, 0.0007, 0.0008, 0.0008, 0.0008, 0.0008, 0.0008, 0.0008, 0.0008, 0.0008, 0.0008, 0.0008, 0.0007, 0.0007, 0.0007, 0.0007, 0.0007, 0.0007, 0.0007, 0.0007, 0.0007, 0.0007, 0.0007, 0.0007, 0.0007, 0.0007, 0.0007, 0.0007, 0.0007, 0.0007, 0.0007, 0.0007, 0.0006, 0.0006, 0.0006, 0.0006, 0.0006, 0.0006, 0.0006, 0.0006, 0.0006, 0.0006, 0.0007, 0.0007, 0.0007, 0.0007, 0.0007, 0.0007, 0.0007, 0.0007, 0.0007, 0.0007, 0.0662, 0.0662, 0.0662, 0.0662, 0.0662, 0.0662, 0.0662, 0.0662, 0.0662, 0.0662, 0.2146, 0.2146, 0.2146, 0.2146, 0.2146, 0.2146, 0.2146, 0.2146, 0.2146, 0.2146, 0.0677, 0.0677, 0.0677, 0.0677, 0.0677, 0.0677, 0.0677, 0.0677, 0.0677, 0.0677, 0.0007, 0.0007, 0.0007, 0.0007, 0.0007, 0.0007, 0.0007, 0.0007, 0.0007, 0.0007, 0.0007, 0.0007, 0.0007, 0.0007, 0.0007, 0.0007, 0.0007, 0.0007, 0.0007, 0.0007, 0.0012, 0.0012, 0.0012, 0.0012, 0.0012, 0.0012, 0.0012, 0.0012, 0.0012, 0.0012, 0.0008, 0.0008, 0.0008, 0.0008, 0.0008, 0.0008, 0.0008, 0.0008, 0.0008, 0.0008, 0.0007, 0.0007, 0.0007, 0.0007, 0.0007, 0.0007, 0.0007, 0.0007, 0.0007, 0.0007, 0.0125, 0.0125, 0.0125, 0.0125, 0.0125, 0.0125, 0.0125, 0.0125, 0.0125, 0.0125, 0.0007, 0.0007, 0.0007, 0.0007, 0.0007, 0.0007, 0.0007, 0.0007, 0.0007, 0.0007, 0.0013, 0.0013, 0.0013, 0.0013, 0.0013, 0.0013, 0.0013, 0.0013, 0.0013, 0.0013, 0.0006, 0.0006, 0.0006, 0.0006, 0.0006, 0.0006, 0.0006, 0.0006, 0.0006, 0.0006, 0.0567, 0.0567, 0.0567, 0.0567, 0.0567, 0.0567, 0.0567, 0.0567, 0.0567, 0.0567, 0.0005, 0.0005, 0.0005, 0.0005, 0.0005, 0.0005, 0.0005, 0.0005, 0.0005, 0.0005, 0.0005, 0.0005, 0.0005, 0.0005, 0.0005, 0.0005, 0.0005, 0.0005, 0.0005, 0.0005, 0.0008, 0.0008, 0.0008, 0.0008, 0.0008, 0.0008, 0.0008, 0.0008, 0.0008, 0.0008, 0.0974, 0.0974, 0.0974, 0.0974, 0.0974, 0.0974, 0.0974, 0.0974, 0.0974, 0.0974, 0.0472, 0.0472, 0.0472, 0.0472, 0.0472, 0.0472, 0.0472, 0.0472, 0.0472, 0.0472, 0.0004, 0.0004, 0.0004, 0.0004, 0.0004, 0.0004, 0.0004, 0.0004, 0.0004, 0.0004, 0.0006, 0.0006, 0.0006, 0.0006, 0.0006, 0.0006, 0.0006, 0.0006, 0.0006, 0.0006, 0.0006, 0.0006, 0.0006, 0.0006, 0.0006, 0.0006, 0.0006, 0.0006, 0.0006, 0.0006, 0.1481, 0.1481, 0.1481, 0.1481, 0.1481, 0.1481, 0.1481, 0.1481, 0.1481, 0.1481, 0.0007, 0.0007, 0.0007, 0.0007, 0.0007, 0.0007, 0.0007, 0.0007, 0.0007, 0.0007, 0.0007, 0.0007, 0.0007, 0.0007, 0.0007, 0.0007, 0.0007, 0.0007, 0.0007, 0.0007, 0.0006, 0.0006, 0.0006, 0.0006, 0.0006, 0.0006, 0.0006, 0.0006, 0.0006, 0.0006, 0.0008, 0.0008, 0.0008, 0.0008, 0.0008, 0.0008, 0.0008, 0.0008, 0.0008, 0.0008, 0.0007, 0.0007, 0.0007, 0.0007, 0.0007, 0.0007, 0.0007, 0.0007, 0.0007, 0.0007, 0.0893, 0.0893, 0.0893, 0.0893, 0.0893, 0.0893, 0.0893, 0.0893, 0.0893, 0.0893]
Validation Loss:
[0.4368502199649811, 0.539044201374054, 0.592296838760376, 0.5418869853019714, 0.5148839950561523, 0.6186962723731995, 0.6729167699813843, 0.6998172998428345, 0.7256550788879395, 0.7537354826927185]
Train, Validation, Test split:
Train: 6233
Validation: 1759
Test: 889
