Accuracy: 0.9492988133764833
Classification Report:
                  precision    recall  f1-score   support

        Archival       0.98      0.96      0.97       411
          Letter       0.95      0.96      0.95       208
        Literary       0.35      0.70      0.47        10
Royal/Monumental       0.93      0.92      0.93       102
      Scientific       0.95      0.94      0.95       196

        accuracy                           0.95       927
       macro avg       0.83      0.90      0.85       927
    weighted avg       0.96      0.95      0.95       927

Training Loss:
[1.5396, 1.5396, 1.5396, 1.5396, 1.5396, 1.5396, 1.5396, 1.5396, 1.5396, 1.5396, 1.5229, 1.5229, 1.5229, 1.5229, 1.5229, 1.5229, 1.5229, 1.5229, 1.5229, 1.5229, 1.5088, 1.5088, 1.5088, 1.5088, 1.5088, 1.5088, 1.5088, 1.5088, 1.5088, 1.5088, 1.4089, 1.4089, 1.4089, 1.4089, 1.4089, 1.4089, 1.4089, 1.4089, 1.4089, 1.4089, 1.4213, 1.4213, 1.4213, 1.4213, 1.4213, 1.4213, 1.4213, 1.4213, 1.4213, 1.4213, 1.3148, 1.3148, 1.3148, 1.3148, 1.3148, 1.3148, 1.3148, 1.3148, 1.3148, 1.3148, 1.1905, 1.1905, 1.1905, 1.1905, 1.1905, 1.1905, 1.1905, 1.1905, 1.1905, 1.1905, 1.3367, 1.3367, 1.3367, 1.3367, 1.3367, 1.3367, 1.3367, 1.3367, 1.3367, 1.3367, 1.2422, 1.2422, 1.2422, 1.2422, 1.2422, 1.2422, 1.2422, 1.2422, 1.2422, 1.2422, 1.08, 1.08, 1.08, 1.08, 1.08, 1.08, 1.08, 1.08, 1.08, 1.08, 1.1364, 1.1364, 1.1364, 1.1364, 1.1364, 1.1364, 1.1364, 1.1364, 1.1364, 1.1364, 1.0477, 1.0477, 1.0477, 1.0477, 1.0477, 1.0477, 1.0477, 1.0477, 1.0477, 1.0477, 0.7184, 0.7184, 0.7184, 0.7184, 0.7184, 0.7184, 0.7184, 0.7184, 0.7184, 0.7184, 0.7094, 0.7094, 0.7094, 0.7094, 0.7094, 0.7094, 0.7094, 0.7094, 0.7094, 0.7094, 0.9354, 0.9354, 0.9354, 0.9354, 0.9354, 0.9354, 0.9354, 0.9354, 0.9354, 0.9354, 0.5572, 0.5572, 0.5572, 0.5572, 0.5572, 0.5572, 0.5572, 0.5572, 0.5572, 0.5572, 0.6493, 0.6493, 0.6493, 0.6493, 0.6493, 0.6493, 0.6493, 0.6493, 0.6493, 0.6493, 0.6307, 0.6307, 0.6307, 0.6307, 0.6307, 0.6307, 0.6307, 0.6307, 0.6307, 0.6307, 0.7577, 0.7577, 0.7577, 0.7577, 0.7577, 0.7577, 0.7577, 0.7577, 0.7577, 0.7577, 0.8205, 0.8205, 0.8205, 0.8205, 0.8205, 0.8205, 0.8205, 0.8205, 0.8205, 0.8205, 0.5506, 0.5506, 0.5506, 0.5506, 0.5506, 0.5506, 0.5506, 0.5506, 0.5506, 0.5506, 0.5682, 0.5682, 0.5682, 0.5682, 0.5682, 0.5682, 0.5682, 0.5682, 0.5682, 0.5682, 0.483, 0.483, 0.483, 0.483, 0.483, 0.483, 0.483, 0.483, 0.483, 0.483, 0.3841, 0.3841, 0.3841, 0.3841, 0.3841, 0.3841, 0.3841, 0.3841, 0.3841, 0.3841, 0.6699, 0.6699, 0.6699, 0.6699, 0.6699, 0.6699, 0.6699, 0.6699, 0.6699, 0.6699, 0.7148, 0.7148, 0.7148, 0.7148, 0.7148, 0.7148, 0.7148, 0.7148, 0.7148, 0.7148, 0.7229, 0.7229, 0.7229, 0.7229, 0.7229, 0.7229, 0.7229, 0.7229, 0.7229, 0.7229, 0.6762, 0.6762, 0.6762, 0.6762, 0.6762, 0.6762, 0.6762, 0.6762, 0.6762, 0.6762, 0.7447, 0.7447, 0.7447, 0.7447, 0.7447, 0.7447, 0.7447, 0.7447, 0.7447, 0.7447, 0.5292, 0.5292, 0.5292, 0.5292, 0.5292, 0.5292, 0.5292, 0.5292, 0.5292, 0.5292, 0.6671, 0.6671, 0.6671, 0.6671, 0.6671, 0.6671, 0.6671, 0.6671, 0.6671, 0.6671, 0.6227, 0.6227, 0.6227, 0.6227, 0.6227, 0.6227, 0.6227, 0.6227, 0.6227, 0.6227, 0.4189, 0.4189, 0.4189, 0.4189, 0.4189, 0.4189, 0.4189, 0.4189, 0.4189, 0.4189, 0.4899, 0.4899, 0.4899, 0.4899, 0.4899, 0.4899, 0.4899, 0.4899, 0.4899, 0.4899, 0.7368, 0.7368, 0.7368, 0.7368, 0.7368, 0.7368, 0.7368, 0.7368, 0.7368, 0.7368, 0.6292, 0.6292, 0.6292, 0.6292, 0.6292, 0.6292, 0.6292, 0.6292, 0.6292, 0.6292, 0.6061, 0.6061, 0.6061, 0.6061, 0.6061, 0.6061, 0.6061, 0.6061, 0.6061, 0.6061, 0.6337, 0.6337, 0.6337, 0.6337, 0.6337, 0.6337, 0.6337, 0.6337, 0.6337, 0.6337, 0.4387, 0.4387, 0.4387, 0.4387, 0.4387, 0.4387, 0.4387, 0.4387, 0.4387, 0.4387, 0.7072, 0.7072, 0.7072, 0.7072, 0.7072, 0.7072, 0.7072, 0.7072, 0.7072, 0.7072, 0.6279, 0.6279, 0.6279, 0.6279, 0.6279, 0.6279, 0.6279, 0.6279, 0.6279, 0.6279, 0.7383, 0.7383, 0.7383, 0.7383, 0.7383, 0.7383, 0.7383, 0.7383, 0.7383, 0.7383, 0.593, 0.593, 0.593, 0.593, 0.593, 0.593, 0.593, 0.593, 0.593, 0.593, 0.497, 0.497, 0.497, 0.497, 0.497, 0.497, 0.497, 0.497, 0.497, 0.497, 0.4218, 0.4218, 0.4218, 0.4218, 0.4218, 0.4218, 0.4218, 0.4218, 0.4218, 0.4218, 0.7683, 0.7683, 0.7683, 0.7683, 0.7683, 0.7683, 0.7683, 0.7683, 0.7683, 0.7683, 0.8295, 0.8295, 0.8295, 0.8295, 0.8295, 0.8295, 0.8295, 0.8295, 0.8295, 0.8295, 0.6104, 0.6104, 0.6104, 0.6104, 0.6104, 0.6104, 0.6104, 0.6104, 0.6104, 0.6104, 0.7247, 0.7247, 0.7247, 0.7247, 0.7247, 0.7247, 0.7247, 0.7247, 0.7247, 0.7247, 0.6893, 0.6893, 0.6893, 0.6893, 0.6893, 0.6893, 0.6893, 0.6893, 0.6893, 0.6893, 0.5515, 0.5515, 0.5515, 0.5515, 0.5515, 0.5515, 0.5515, 0.5515, 0.5515, 0.5515, 0.6093, 0.6093, 0.6093, 0.6093, 0.6093, 0.6093, 0.6093, 0.6093, 0.6093, 0.6093, 0.4814, 0.4814, 0.4814, 0.4814, 0.4814, 0.4814, 0.4814, 0.4814, 0.4814, 0.4814, 0.3804, 0.3804, 0.3804, 0.3804, 0.3804, 0.3804, 0.3804, 0.3804, 0.3804, 0.3804, 0.6718, 0.6718, 0.6718, 0.6718, 0.6718, 0.6718, 0.6718, 0.6718, 0.6718, 0.6718, 0.7162, 0.7162, 0.7162, 0.7162, 0.7162, 0.7162, 0.7162, 0.7162, 0.7162, 0.7162, 0.5831, 0.5831, 0.5831, 0.5831, 0.5831, 0.5831, 0.5831, 0.5831, 0.5831, 0.5831, 0.562, 0.562, 0.562, 0.562, 0.562, 0.562, 0.562, 0.562, 0.562, 0.562, 0.5529, 0.5529, 0.5529, 0.5529, 0.5529, 0.5529, 0.5529, 0.5529, 0.5529, 0.5529, 0.5861, 0.5861, 0.5861, 0.5861, 0.5861, 0.5861, 0.5861, 0.5861, 0.5861, 0.5861, 0.6483, 0.6483, 0.6483, 0.6483, 0.6483, 0.6483, 0.6483, 0.6483, 0.6483, 0.6483, 0.5747, 0.5747, 0.5747, 0.5747, 0.5747, 0.5747, 0.5747, 0.5747, 0.5747, 0.5747, 0.3523, 0.3523, 0.3523, 0.3523, 0.3523, 0.3523, 0.3523, 0.3523, 0.3523, 0.3523, 0.6646, 0.6646, 0.6646, 0.6646, 0.6646, 0.6646, 0.6646, 0.6646, 0.6646, 0.6646, 0.4513, 0.4513, 0.4513, 0.4513, 0.4513, 0.4513, 0.4513, 0.4513, 0.4513, 0.4513, 0.5643, 0.5643, 0.5643, 0.5643, 0.5643, 0.5643, 0.5643, 0.5643, 0.5643, 0.5643, 0.6579, 0.6579, 0.6579, 0.6579, 0.6579, 0.6579, 0.6579, 0.6579, 0.6579, 0.6579, 0.3451, 0.3451, 0.3451, 0.3451, 0.3451, 0.3451, 0.3451, 0.3451, 0.3451, 0.3451, 0.5842, 0.5842, 0.5842, 0.5842, 0.5842, 0.5842, 0.5842, 0.5842, 0.5842, 0.5842, 0.3884, 0.3884, 0.3884, 0.3884, 0.3884, 0.3884, 0.3884, 0.3884, 0.3884, 0.3884, 0.8642, 0.8642, 0.8642, 0.8642, 0.8642, 0.8642, 0.8642, 0.8642, 0.8642, 0.8642, 0.4146, 0.4146, 0.4146, 0.4146, 0.4146, 0.4146, 0.4146, 0.4146, 0.4146, 0.4146, 0.6313, 0.6313, 0.6313, 0.6313, 0.6313, 0.6313, 0.6313, 0.6313, 0.6313, 0.6313, 0.3168, 0.3168, 0.3168, 0.3168, 0.3168, 0.3168, 0.3168, 0.3168, 0.3168, 0.3168, 0.6393, 0.6393, 0.6393, 0.6393, 0.6393, 0.6393, 0.6393, 0.6393, 0.6393, 0.6393, 0.3686, 0.3686, 0.3686, 0.3686, 0.3686, 0.3686, 0.3686, 0.3686, 0.3686, 0.3686, 0.9499, 0.9499, 0.9499, 0.9499, 0.9499, 0.9499, 0.9499, 0.9499, 0.9499, 0.9499, 0.371, 0.371, 0.371, 0.371, 0.371, 0.371, 0.371, 0.371, 0.371, 0.371, 0.4749, 0.4749, 0.4749, 0.4749, 0.4749, 0.4749, 0.4749, 0.4749, 0.4749, 0.4749, 0.4772, 0.4772, 0.4772, 0.4772, 0.4772, 0.4772, 0.4772, 0.4772, 0.4772, 0.4772, 0.8085, 0.8085, 0.8085, 0.8085, 0.3941, 0.3941, 0.3941, 0.3941, 0.3941, 0.3941, 0.3941, 0.3941, 0.3941, 0.3941, 0.3468, 0.3468, 0.3468, 0.3468, 0.3468, 0.3468, 0.3468, 0.3468, 0.3468, 0.3468, 0.3337, 0.3337, 0.3337, 0.3337, 0.3337, 0.3337, 0.3337, 0.3337, 0.3337, 0.3337, 0.5192, 0.5192, 0.5192, 0.5192, 0.5192, 0.5192, 0.5192, 0.5192, 0.5192, 0.5192, 0.5083, 0.5083, 0.5083, 0.5083, 0.5083, 0.5083, 0.5083, 0.5083, 0.5083, 0.5083, 0.414, 0.414, 0.414, 0.414, 0.414, 0.414, 0.414, 0.414, 0.414, 0.414, 0.299, 0.299, 0.299, 0.299, 0.299, 0.299, 0.299, 0.299, 0.299, 0.299, 0.3083, 0.3083, 0.3083, 0.3083, 0.3083, 0.3083, 0.3083, 0.3083, 0.3083, 0.3083, 0.6115, 0.6115, 0.6115, 0.6115, 0.6115, 0.6115, 0.6115, 0.6115, 0.6115, 0.6115, 0.1257, 0.1257, 0.1257, 0.1257, 0.1257, 0.1257, 0.1257, 0.1257, 0.1257, 0.1257, 0.2726, 0.2726, 0.2726, 0.2726, 0.2726, 0.2726, 0.2726, 0.2726, 0.2726, 0.2726, 0.3486, 0.3486, 0.3486, 0.3486, 0.3486, 0.3486, 0.3486, 0.3486, 0.3486, 0.3486, 0.6744, 0.6744, 0.6744, 0.6744, 0.6744, 0.6744, 0.6744, 0.6744, 0.6744, 0.6744, 0.3114, 0.3114, 0.3114, 0.3114, 0.3114, 0.3114, 0.3114, 0.3114, 0.3114, 0.3114, 0.3274, 0.3274, 0.3274, 0.3274, 0.3274, 0.3274, 0.3274, 0.3274, 0.3274, 0.3274, 0.77, 0.77, 0.77, 0.77, 0.77, 0.77, 0.77, 0.77, 0.77, 0.77, 0.5453, 0.5453, 0.5453, 0.5453, 0.5453, 0.5453, 0.5453, 0.5453, 0.5453, 0.5453, 0.4494, 0.4494, 0.4494, 0.4494, 0.4494, 0.4494, 0.4494, 0.4494, 0.4494, 0.4494, 0.4329, 0.4329, 0.4329, 0.4329, 0.4329, 0.4329, 0.4329, 0.4329, 0.4329, 0.4329, 0.3248, 0.3248, 0.3248, 0.3248, 0.3248, 0.3248, 0.3248, 0.3248, 0.3248, 0.3248, 0.3544, 0.3544, 0.3544, 0.3544, 0.3544, 0.3544, 0.3544, 0.3544, 0.3544, 0.3544, 0.4364, 0.4364, 0.4364, 0.4364, 0.4364, 0.4364, 0.4364, 0.4364, 0.4364, 0.4364, 0.2919, 0.2919, 0.2919, 0.2919, 0.2919, 0.2919, 0.2919, 0.2919, 0.2919, 0.2919, 0.2586, 0.2586, 0.2586, 0.2586, 0.2586, 0.2586, 0.2586, 0.2586, 0.2586, 0.2586, 0.4589, 0.4589, 0.4589, 0.4589, 0.4589, 0.4589, 0.4589, 0.4589, 0.4589, 0.4589, 0.152, 0.152, 0.152, 0.152, 0.152, 0.152, 0.152, 0.152, 0.152, 0.152, 0.343, 0.343, 0.343, 0.343, 0.343, 0.343, 0.343, 0.343, 0.343, 0.343, 0.5752, 0.5752, 0.5752, 0.5752, 0.5752, 0.5752, 0.5752, 0.5752, 0.5752, 0.5752, 0.3923, 0.3923, 0.3923, 0.3923, 0.3923, 0.3923, 0.3923, 0.3923, 0.3923, 0.3923, 0.4306, 0.4306, 0.4306, 0.4306, 0.4306, 0.4306, 0.4306, 0.4306, 0.4306, 0.4306, 0.4269, 0.4269, 0.4269, 0.4269, 0.4269, 0.4269, 0.4269, 0.4269, 0.4269, 0.4269, 0.3488, 0.3488, 0.3488, 0.3488, 0.3488, 0.3488, 0.3488, 0.3488, 0.3488, 0.3488, 0.2054, 0.2054, 0.2054, 0.2054, 0.2054, 0.2054, 0.2054, 0.2054, 0.2054, 0.2054, 0.325, 0.325, 0.325, 0.325, 0.325, 0.325, 0.325, 0.325, 0.325, 0.325, 0.241, 0.241, 0.241, 0.241, 0.241, 0.241, 0.241, 0.241, 0.241, 0.241, 0.4323, 0.4323, 0.4323, 0.4323, 0.4323, 0.4323, 0.4323, 0.4323, 0.4323, 0.4323, 0.5355, 0.5355, 0.5355, 0.5355, 0.5355, 0.5355, 0.5355, 0.5355, 0.5355, 0.5355, 0.2874, 0.2874, 0.2874, 0.2874, 0.2874, 0.2874, 0.2874, 0.2874, 0.2874, 0.2874, 0.5266, 0.5266, 0.5266, 0.5266, 0.5266, 0.5266, 0.5266, 0.5266, 0.5266, 0.5266, 0.4144, 0.4144, 0.4144, 0.4144, 0.4144, 0.4144, 0.4144, 0.4144, 0.4144, 0.4144, 0.2168, 0.2168, 0.2168, 0.2168, 0.2168, 0.2168, 0.2168, 0.2168, 0.2168, 0.2168, 0.3292, 0.3292, 0.3292, 0.3292, 0.3292, 0.3292, 0.3292, 0.3292, 0.3292, 0.3292, 0.4983, 0.4983, 0.4983, 0.4983, 0.4983, 0.4983, 0.4983, 0.4983, 0.4983, 0.4983, 0.2788, 0.2788, 0.2788, 0.2788, 0.2788, 0.2788, 0.2788, 0.2788, 0.2788, 0.2788, 0.4651, 0.4651, 0.4651, 0.4651, 0.4651, 0.4651, 0.4651, 0.4651, 0.4651, 0.4651, 0.1118, 0.1118, 0.1118, 0.1118, 0.1118, 0.1118, 0.1118, 0.1118, 0.1118, 0.1118, 0.315, 0.315, 0.315, 0.315, 0.315, 0.315, 0.315, 0.315, 0.315, 0.315, 0.4258, 0.4258, 0.4258, 0.4258, 0.4258, 0.4258, 0.4258, 0.4258, 0.4258, 0.4258, 0.3726, 0.3726, 0.3726, 0.3726, 0.3726, 0.3726, 0.3726, 0.3726, 0.3726, 0.3726, 0.4797, 0.4797, 0.4797, 0.4797, 0.4797, 0.4797, 0.4797, 0.4797, 0.4797, 0.4797, 0.3901, 0.3901, 0.3901, 0.3901, 0.3901, 0.3901, 0.3901, 0.3901, 0.3901, 0.3901, 0.2364, 0.2364, 0.2364, 0.2364, 0.2364, 0.2364, 0.2364, 0.2364, 0.2364, 0.2364, 0.1644, 0.1644, 0.1644, 0.1644, 0.1644, 0.1644, 0.1644, 0.1644, 0.1644, 0.1644, 0.2396, 0.2396, 0.2396, 0.2396, 0.2396, 0.2396, 0.2396, 0.2396, 0.2396, 0.2396, 0.3967, 0.3967, 0.3967, 0.3967, 0.3967, 0.3967, 0.3967, 0.3967, 0.3967, 0.3967, 0.416, 0.416, 0.416, 0.416, 0.416, 0.416, 0.416, 0.416, 0.416, 0.416, 0.5773, 0.5773, 0.5773, 0.5773, 0.5773, 0.5773, 0.5773, 0.5773, 0.5773, 0.5773, 0.3428, 0.3428, 0.3428, 0.3428, 0.3428, 0.3428, 0.3428, 0.3428, 0.3428, 0.3428, 0.3662, 0.3662, 0.3662, 0.3662, 0.3662, 0.3662, 0.3662, 0.3662, 0.3662, 0.3662, 0.3092, 0.3092, 0.3092, 0.3092, 0.3092, 0.3092, 0.3092, 0.3092, 0.3092, 0.3092, 0.2342, 0.2342, 0.2342, 0.2342, 0.2342, 0.2342, 0.2342, 0.2342, 0.2342, 0.2342, 0.448, 0.448, 0.448, 0.448, 0.448, 0.448, 0.448, 0.448, 0.448, 0.448, 0.1535, 0.1535, 0.1535, 0.1535, 0.1535, 0.1535, 0.1535, 0.1535, 0.1535, 0.1535, 0.4078, 0.4078, 0.4078, 0.4078, 0.4078, 0.4078, 0.4078, 0.4078, 0.4078, 0.4078, 0.4498, 0.4498, 0.4498, 0.4498, 0.4498, 0.4498, 0.4498, 0.4498, 0.4498, 0.4498, 0.3986, 0.3986, 0.3986, 0.3986, 0.3986, 0.3986, 0.3986, 0.3986, 0.3986, 0.3986, 0.5542, 0.5542, 0.5542, 0.5542, 0.5542, 0.5542, 0.5542, 0.5542, 0.5542, 0.5542, 0.6634, 0.6634, 0.6634, 0.6634, 0.6634, 0.6634, 0.6634, 0.6634, 0.6634, 0.6634, 0.1468, 0.1468, 0.1468, 0.1468, 0.1468, 0.1468, 0.1468, 0.1468, 0.1468, 0.1468, 0.3493, 0.3493, 0.3493, 0.3493, 0.3493, 0.3493, 0.3493, 0.3493, 0.3493, 0.3493, 0.4422, 0.4422, 0.4422, 0.4422, 0.4422, 0.4422, 0.4422, 0.4422, 0.4422, 0.4422, 0.3682, 0.3682, 0.3682, 0.3682, 0.3682, 0.3682, 0.3682, 0.3682, 0.3682, 0.3682, 0.3545, 0.3545, 0.3545, 0.3545, 0.3545, 0.3545, 0.3545, 0.3545, 0.3545, 0.3545, 0.2912, 0.2912, 0.2912, 0.2912, 0.2912, 0.2912, 0.2912, 0.2912, 0.2912, 0.2912, 0.5383, 0.5383, 0.5383, 0.5383, 0.5383, 0.5383, 0.5383, 0.5383, 0.5383, 0.5383, 0.7899, 0.7899, 0.7899, 0.7899, 0.7899, 0.7899, 0.7899, 0.7899, 0.7899, 0.7899, 0.5432, 0.5432, 0.5432, 0.5432, 0.5432, 0.5432, 0.5432, 0.5432, 0.5432, 0.5432, 0.5465, 0.5465, 0.5465, 0.5465, 0.5465, 0.5465, 0.5465, 0.5465, 0.5465, 0.5465, 0.397, 0.397, 0.397, 0.397, 0.397, 0.397, 0.397, 0.397, 0.397, 0.397, 0.231, 0.231, 0.231, 0.231, 0.231, 0.231, 0.231, 0.231, 0.231, 0.231, 0.2604, 0.2604, 0.2604, 0.2604, 0.2604, 0.2604, 0.2604, 0.2604, 0.1987, 0.1987, 0.1987, 0.1987, 0.1987, 0.1987, 0.1987, 0.1987, 0.1987, 0.1987, 0.2434, 0.2434, 0.2434, 0.2434, 0.2434, 0.2434, 0.2434, 0.2434, 0.2434, 0.2434, 0.2167, 0.2167, 0.2167, 0.2167, 0.2167, 0.2167, 0.2167, 0.2167, 0.2167, 0.2167, 0.0878, 0.0878, 0.0878, 0.0878, 0.0878, 0.0878, 0.0878, 0.0878, 0.0878, 0.0878, 0.5029, 0.5029, 0.5029, 0.5029, 0.5029, 0.5029, 0.5029, 0.5029, 0.5029, 0.5029, 0.3637, 0.3637, 0.3637, 0.3637, 0.3637, 0.3637, 0.3637, 0.3637, 0.3637, 0.3637, 0.3959, 0.3959, 0.3959, 0.3959, 0.3959, 0.3959, 0.3959, 0.3959, 0.3959, 0.3959, 0.2069, 0.2069, 0.2069, 0.2069, 0.2069, 0.2069, 0.2069, 0.2069, 0.2069, 0.2069, 0.3316, 0.3316, 0.3316, 0.3316, 0.3316, 0.3316, 0.3316, 0.3316, 0.3316, 0.3316, 0.2849, 0.2849, 0.2849, 0.2849, 0.2849, 0.2849, 0.2849, 0.2849, 0.2849, 0.2849, 0.579, 0.579, 0.579, 0.579, 0.579, 0.579, 0.579, 0.579, 0.579, 0.579, 0.0658, 0.0658, 0.0658, 0.0658, 0.0658, 0.0658, 0.0658, 0.0658, 0.0658, 0.0658, 0.3033, 0.3033, 0.3033, 0.3033, 0.3033, 0.3033, 0.3033, 0.3033, 0.3033, 0.3033, 0.1535, 0.1535, 0.1535, 0.1535, 0.1535, 0.1535, 0.1535, 0.1535, 0.1535, 0.1535, 0.0102, 0.0102, 0.0102, 0.0102, 0.0102, 0.0102, 0.0102, 0.0102, 0.0102, 0.0102, 0.3524, 0.3524, 0.3524, 0.3524, 0.3524, 0.3524, 0.3524, 0.3524, 0.3524, 0.3524, 0.3957, 0.3957, 0.3957, 0.3957, 0.3957, 0.3957, 0.3957, 0.3957, 0.3957, 0.3957, 0.2716, 0.2716, 0.2716, 0.2716, 0.2716, 0.2716, 0.2716, 0.2716, 0.2716, 0.2716, 0.481, 0.481, 0.481, 0.481, 0.481, 0.481, 0.481, 0.481, 0.481, 0.481, 0.5635, 0.5635, 0.5635, 0.5635, 0.5635, 0.5635, 0.5635, 0.5635, 0.5635, 0.5635, 0.291, 0.291, 0.291, 0.291, 0.291, 0.291, 0.291, 0.291, 0.291, 0.291, 0.4631, 0.4631, 0.4631, 0.4631, 0.4631, 0.4631, 0.4631, 0.4631, 0.4631, 0.4631, 0.2683, 0.2683, 0.2683, 0.2683, 0.2683, 0.2683, 0.2683, 0.2683, 0.2683, 0.2683, 0.1793, 0.1793, 0.1793, 0.1793, 0.1793, 0.1793, 0.1793, 0.1793, 0.1793, 0.1793, 0.189, 0.189, 0.189, 0.189, 0.189, 0.189, 0.189, 0.189, 0.189, 0.189, 0.1076, 0.1076, 0.1076, 0.1076, 0.1076, 0.1076, 0.1076, 0.1076, 0.1076, 0.1076, 0.6574, 0.6574, 0.6574, 0.6574, 0.6574, 0.6574, 0.6574, 0.6574, 0.6574, 0.6574, 0.058, 0.058, 0.058, 0.058, 0.058, 0.058, 0.058, 0.058, 0.058, 0.058, 0.0638, 0.0638, 0.0638, 0.0638, 0.0638, 0.0638, 0.0638, 0.0638, 0.0638, 0.0638, 0.1104, 0.1104, 0.1104, 0.1104, 0.1104, 0.1104, 0.1104, 0.1104, 0.1104, 0.1104, 0.3593, 0.3593, 0.3593, 0.3593, 0.3593, 0.3593, 0.3593, 0.3593, 0.3593, 0.3593, 0.3133, 0.3133, 0.3133, 0.3133, 0.3133, 0.3133, 0.3133, 0.3133, 0.3133, 0.3133, 0.4164, 0.4164, 0.4164, 0.4164, 0.4164, 0.4164, 0.4164, 0.4164, 0.4164, 0.4164, 0.1734, 0.1734, 0.1734, 0.1734, 0.1734, 0.1734, 0.1734, 0.1734, 0.1734, 0.1734, 0.3849, 0.3849, 0.3849, 0.3849, 0.3849, 0.3849, 0.3849, 0.3849, 0.3849, 0.3849, 0.4116, 0.4116, 0.4116, 0.4116, 0.4116, 0.4116, 0.4116, 0.4116, 0.4116, 0.4116, 0.1722, 0.1722, 0.1722, 0.1722, 0.1722, 0.1722, 0.1722, 0.1722, 0.1722, 0.1722, 0.0303, 0.0303, 0.0303, 0.0303, 0.0303, 0.0303, 0.0303, 0.0303, 0.0303, 0.0303, 0.3593, 0.3593, 0.3593, 0.3593, 0.3593, 0.3593, 0.3593, 0.3593, 0.3593, 0.3593, 0.312, 0.312, 0.312, 0.312, 0.312, 0.312, 0.312, 0.312, 0.312, 0.312, 0.2902, 0.2902, 0.2902, 0.2902, 0.2902, 0.2902, 0.2902, 0.2902, 0.2902, 0.2902, 0.3477, 0.3477, 0.3477, 0.3477, 0.3477, 0.3477, 0.3477, 0.3477, 0.3477, 0.3477, 0.2659, 0.2659, 0.2659, 0.2659, 0.2659, 0.2659, 0.2659, 0.2659, 0.2659, 0.2659, 0.0198, 0.0198, 0.0198, 0.0198, 0.0198, 0.0198, 0.0198, 0.0198, 0.0198, 0.0198, 0.1391, 0.1391, 0.1391, 0.1391, 0.1391, 0.1391, 0.1391, 0.1391, 0.1391, 0.1391, 0.1628, 0.1628, 0.1628, 0.1628, 0.1628, 0.1628, 0.1628, 0.1628, 0.1628, 0.1628, 0.3192, 0.3192, 0.3192, 0.3192, 0.3192, 0.3192, 0.3192, 0.3192, 0.3192, 0.3192, 0.4284, 0.4284, 0.4284, 0.4284, 0.4284, 0.4284, 0.4284, 0.4284, 0.4284, 0.4284, 0.2701, 0.2701, 0.2701, 0.2701, 0.2701, 0.2701, 0.2701, 0.2701, 0.2701, 0.2701, 0.2453, 0.2453, 0.2453, 0.2453, 0.2453, 0.2453, 0.2453, 0.2453, 0.2453, 0.2453, 0.3068, 0.3068, 0.3068, 0.3068, 0.3068, 0.3068, 0.3068, 0.3068, 0.3068, 0.3068, 0.3315, 0.3315, 0.3315, 0.3315, 0.3315, 0.3315, 0.3315, 0.3315, 0.3315, 0.3315, 0.4615, 0.4615, 0.4615, 0.4615, 0.4615, 0.4615, 0.4615, 0.4615, 0.4615, 0.4615, 0.1078, 0.1078, 0.1078, 0.1078, 0.1078, 0.1078, 0.1078, 0.1078, 0.1078, 0.1078, 0.3348, 0.3348, 0.3348, 0.3348, 0.3348, 0.3348, 0.3348, 0.3348, 0.3348, 0.3348, 0.2082, 0.2082, 0.2082, 0.2082, 0.2082, 0.2082, 0.2082, 0.2082, 0.2082, 0.2082, 0.2489, 0.2489, 0.2489, 0.2489, 0.2489, 0.2489, 0.2489, 0.2489, 0.2489, 0.2489, 0.2642, 0.2642, 0.2642, 0.2642, 0.2642, 0.2642, 0.2642, 0.2642, 0.2642, 0.2642, 0.3672, 0.3672, 0.3672, 0.3672, 0.3672, 0.3672, 0.3672, 0.3672, 0.3672, 0.3672, 0.3243, 0.3243, 0.3243, 0.3243, 0.3243, 0.3243, 0.3243, 0.3243, 0.3243, 0.3243, 0.2459, 0.2459, 0.2459, 0.2459, 0.2459, 0.2459, 0.2459, 0.2459, 0.2459, 0.2459, 0.2046, 0.2046, 0.2046, 0.2046, 0.2046, 0.2046, 0.2046, 0.2046, 0.2046, 0.2046, 0.1368, 0.1368, 0.1368, 0.1368, 0.1368, 0.1368, 0.1368, 0.1368, 0.1368, 0.1368, 0.0706, 0.0706, 0.0706, 0.0706, 0.0706, 0.0706, 0.0706, 0.0706, 0.0706, 0.0706, 0.2009, 0.2009, 0.2009, 0.2009, 0.2009, 0.2009, 0.2009, 0.2009, 0.2009, 0.2009, 0.3926, 0.3926, 0.3926, 0.3926, 0.3926, 0.3926, 0.3926, 0.3926, 0.3926, 0.3926, 0.0888, 0.0888, 0.0888, 0.0888, 0.0888, 0.0888, 0.0888, 0.0888, 0.0888, 0.0888, 0.5313, 0.5313, 0.5313, 0.5313, 0.5313, 0.5313, 0.5313, 0.5313, 0.5313, 0.5313, 0.2315, 0.2315, 0.2315, 0.2315, 0.2315, 0.2315, 0.2315, 0.2315, 0.2315, 0.2315, 0.2251, 0.2251, 0.2251, 0.2251, 0.2251, 0.2251, 0.2251, 0.2251, 0.2251, 0.2251, 0.1896, 0.1896, 0.1896, 0.1896, 0.1896, 0.1896, 0.1896, 0.1896, 0.1896, 0.1896, 0.1085, 0.1085, 0.1085, 0.1085, 0.1085, 0.1085, 0.1085, 0.1085, 0.1085, 0.1085, 0.7568, 0.7568, 0.7568, 0.7568, 0.7568, 0.7568, 0.7568, 0.7568, 0.7568, 0.7568, 0.2886, 0.2886, 0.2886, 0.2886, 0.2886, 0.2886, 0.2886, 0.2886, 0.2886, 0.2886, 0.255, 0.255, 0.255, 0.255, 0.255, 0.255, 0.255, 0.255, 0.255, 0.255, 0.2495, 0.2495, 0.2495, 0.2495, 0.2495, 0.2495, 0.2495, 0.2495, 0.2495, 0.2495, 0.4096, 0.4096, 0.4096, 0.4096, 0.4096, 0.4096, 0.4096, 0.4096, 0.4096, 0.4096, 0.2026, 0.2026, 0.2026, 0.2026, 0.2026, 0.2026, 0.2026, 0.2026, 0.2026, 0.2026, 0.126, 0.126, 0.126, 0.126, 0.126, 0.126, 0.126, 0.126, 0.126, 0.126, 0.1688, 0.1688, 0.1688, 0.1688, 0.1688, 0.1688, 0.1688, 0.1688, 0.1688, 0.1688, 0.1132, 0.1132, 0.1132, 0.1132, 0.1132, 0.1132, 0.1132, 0.1132, 0.1132, 0.1132, 0.207, 0.207, 0.2782, 0.2782, 0.2782, 0.2782, 0.2782, 0.2782, 0.2782, 0.2782, 0.2782, 0.2782, 0.4099, 0.4099, 0.4099, 0.4099, 0.4099, 0.4099, 0.4099, 0.4099, 0.4099, 0.4099, 0.2124, 0.2124, 0.2124, 0.2124, 0.2124, 0.2124, 0.2124, 0.2124, 0.2124, 0.2124, 0.0064, 0.0064, 0.0064, 0.0064, 0.0064, 0.0064, 0.0064, 0.0064, 0.0064, 0.0064, 0.1751, 0.1751, 0.1751, 0.1751, 0.1751, 0.1751, 0.1751, 0.1751, 0.1751, 0.1751, 0.1286, 0.1286, 0.1286, 0.1286, 0.1286, 0.1286, 0.1286, 0.1286, 0.1286, 0.1286, 0.1959, 0.1959, 0.1959, 0.1959, 0.1959, 0.1959, 0.1959, 0.1959, 0.1959, 0.1959, 0.0935, 0.0935, 0.0935, 0.0935, 0.0935, 0.0935, 0.0935, 0.0935, 0.0935, 0.0935, 0.1555, 0.1555, 0.1555, 0.1555, 0.1555, 0.1555, 0.1555, 0.1555, 0.1555, 0.1555, 0.0942, 0.0942, 0.0942, 0.0942, 0.0942, 0.0942, 0.0942, 0.0942, 0.0942, 0.0942, 0.4394, 0.4394, 0.4394, 0.4394, 0.4394, 0.4394, 0.4394, 0.4394, 0.4394, 0.4394, 0.0814, 0.0814, 0.0814, 0.0814, 0.0814, 0.0814, 0.0814, 0.0814, 0.0814, 0.0814, 0.3169, 0.3169, 0.3169, 0.3169, 0.3169, 0.3169, 0.3169, 0.3169, 0.3169, 0.3169, 0.3568, 0.3568, 0.3568, 0.3568, 0.3568, 0.3568, 0.3568, 0.3568, 0.3568, 0.3568, 0.3248, 0.3248, 0.3248, 0.3248, 0.3248, 0.3248, 0.3248, 0.3248, 0.3248, 0.3248, 0.2762, 0.2762, 0.2762, 0.2762, 0.2762, 0.2762, 0.2762, 0.2762, 0.2762, 0.2762, 0.3698, 0.3698, 0.3698, 0.3698, 0.3698, 0.3698, 0.3698, 0.3698, 0.3698, 0.3698, 0.1701, 0.1701, 0.1701, 0.1701, 0.1701, 0.1701, 0.1701, 0.1701, 0.1701, 0.1701, 0.1589, 0.1589, 0.1589, 0.1589, 0.1589, 0.1589, 0.1589, 0.1589, 0.1589, 0.1589, 0.4217, 0.4217, 0.4217, 0.4217, 0.4217, 0.4217, 0.4217, 0.4217, 0.4217, 0.4217, 0.2184, 0.2184, 0.2184, 0.2184, 0.2184, 0.2184, 0.2184, 0.2184, 0.2184, 0.2184, 0.0299, 0.0299, 0.0299, 0.0299, 0.0299, 0.0299, 0.0299, 0.0299, 0.0299, 0.0299, 0.1871, 0.1871, 0.1871, 0.1871, 0.1871, 0.1871, 0.1871, 0.1871, 0.1871, 0.1871, 0.1548, 0.1548, 0.1548, 0.1548, 0.1548, 0.1548, 0.1548, 0.1548, 0.1548, 0.1548, 0.141, 0.141, 0.141, 0.141, 0.141, 0.141, 0.141, 0.141, 0.141, 0.141, 0.1715, 0.1715, 0.1715, 0.1715, 0.1715, 0.1715, 0.1715, 0.1715, 0.1715, 0.1715, 0.1829, 0.1829, 0.1829, 0.1829, 0.1829, 0.1829, 0.1829, 0.1829, 0.1829, 0.1829, 0.0675, 0.0675, 0.0675, 0.0675, 0.0675, 0.0675, 0.0675, 0.0675, 0.0675, 0.0675, 0.2072, 0.2072, 0.2072, 0.2072, 0.2072, 0.2072, 0.2072, 0.2072, 0.2072, 0.2072, 0.2415, 0.2415, 0.2415, 0.2415, 0.2415, 0.2415, 0.2415, 0.2415, 0.2415, 0.2415, 0.0088, 0.0088, 0.0088, 0.0088, 0.0088, 0.0088, 0.0088, 0.0088, 0.0088, 0.0088, 0.2045, 0.2045, 0.2045, 0.2045, 0.2045, 0.2045, 0.2045, 0.2045, 0.2045, 0.2045, 0.2215, 0.2215, 0.2215, 0.2215, 0.2215, 0.2215, 0.2215, 0.2215, 0.2215, 0.2215, 0.3537, 0.3537, 0.3537, 0.3537, 0.3537, 0.3537, 0.3537, 0.3537, 0.3537, 0.3537, 0.1374, 0.1374, 0.1374, 0.1374, 0.1374, 0.1374, 0.1374, 0.1374, 0.1374, 0.1374, 0.3065, 0.3065, 0.3065, 0.3065, 0.3065, 0.3065, 0.3065, 0.3065, 0.3065, 0.3065, 0.2191, 0.2191, 0.2191, 0.2191, 0.2191, 0.2191, 0.2191, 0.2191, 0.2191, 0.2191, 0.083, 0.083, 0.083, 0.083, 0.083, 0.083, 0.083, 0.083, 0.083, 0.083, 0.0338, 0.0338, 0.0338, 0.0338, 0.0338, 0.0338, 0.0338, 0.0338, 0.0338, 0.0338, 0.1891, 0.1891, 0.1891, 0.1891, 0.1891, 0.1891, 0.1891, 0.1891, 0.1891, 0.1891, 0.1817, 0.1817, 0.1817, 0.1817, 0.1817, 0.1817, 0.1817, 0.1817, 0.1817, 0.1817, 0.1985, 0.1985, 0.1985, 0.1985, 0.1985, 0.1985, 0.1985, 0.1985, 0.1985, 0.1985, 0.3015, 0.3015, 0.3015, 0.3015, 0.3015, 0.3015, 0.3015, 0.3015, 0.3015, 0.3015, 0.3263, 0.3263, 0.3263, 0.3263, 0.3263, 0.3263, 0.3263, 0.3263, 0.3263, 0.3263, 0.0052, 0.0052, 0.0052, 0.0052, 0.0052, 0.0052, 0.0052, 0.0052, 0.0052, 0.0052, 0.2492, 0.2492, 0.2492, 0.2492, 0.2492, 0.2492, 0.2492, 0.2492, 0.2492, 0.2492, 0.0949, 0.0949, 0.0949, 0.0949, 0.0949, 0.0949, 0.0949, 0.0949, 0.0949, 0.0949, 0.1056, 0.1056, 0.1056, 0.1056, 0.1056, 0.1056, 0.1056, 0.1056, 0.1056, 0.1056, 0.2515, 0.2515, 0.2515, 0.2515, 0.2515, 0.2515, 0.2515, 0.2515, 0.2515, 0.2515, 0.0817, 0.0817, 0.0817, 0.0817, 0.0817, 0.0817, 0.0817, 0.0817, 0.0817, 0.0817, 0.0276, 0.0276, 0.0276, 0.0276, 0.0276, 0.0276, 0.0276, 0.0276, 0.0276, 0.0276, 0.2338, 0.2338, 0.2338, 0.2338, 0.2338, 0.2338, 0.2338, 0.2338, 0.2338, 0.2338, 0.1319, 0.1319, 0.1319, 0.1319, 0.1319, 0.1319, 0.1319, 0.1319, 0.1319, 0.1319, 0.2043, 0.2043, 0.2043, 0.2043, 0.2043, 0.2043, 0.2043, 0.2043, 0.2043, 0.2043, 0.0912, 0.0912, 0.0912, 0.0912, 0.0912, 0.0912, 0.0912, 0.0912, 0.0912, 0.0912, 0.1534, 0.1534, 0.1534, 0.1534, 0.1534, 0.1534, 0.1534, 0.1534, 0.1534, 0.1534, 0.1867, 0.1867, 0.1867, 0.1867, 0.1867, 0.1867, 0.1867, 0.1867, 0.1867, 0.1867, 0.0853, 0.0853, 0.0853, 0.0853, 0.0853, 0.0853, 0.0853, 0.0853, 0.0853, 0.0853, 0.2836, 0.2836, 0.2836, 0.2836, 0.2836, 0.2836, 0.2836, 0.2836, 0.2836, 0.2836, 0.0993, 0.0993, 0.0993, 0.0993, 0.0993, 0.0993, 0.0993, 0.0993, 0.0993, 0.0993, 0.1942, 0.1942, 0.1942, 0.1942, 0.1942, 0.1942, 0.1942, 0.1942, 0.1942, 0.1942, 0.4616, 0.4616, 0.4616, 0.4616, 0.4616, 0.4616, 0.4616, 0.4616, 0.4616, 0.4616, 0.1819, 0.1819, 0.1819, 0.1819, 0.1819, 0.1819, 0.1819, 0.1819, 0.1819, 0.1819, 0.1379, 0.1379, 0.1379, 0.1379, 0.1379, 0.1379, 0.1379, 0.1379, 0.1379, 0.1379, 0.1552, 0.1552, 0.1552, 0.1552, 0.1552, 0.1552, 0.1552, 0.1552, 0.1552, 0.1552, 0.0733, 0.0733, 0.0733, 0.0733, 0.0733, 0.0733, 0.0733, 0.0733, 0.0733, 0.0733, 0.2735, 0.2735, 0.2735, 0.2735, 0.2735, 0.2735, 0.2735, 0.2735, 0.2735, 0.2735, 0.0045, 0.0045, 0.0045, 0.0045, 0.0045, 0.0045, 0.0045, 0.0045, 0.0045, 0.0045, 0.0474, 0.0474, 0.0474, 0.0474, 0.0474, 0.0474, 0.0474, 0.0474, 0.0474, 0.0474, 0.1631, 0.1631, 0.1631, 0.1631, 0.1631, 0.1631, 0.1631, 0.1631, 0.1631, 0.1631, 0.2607, 0.2607, 0.2607, 0.2607, 0.2607, 0.2607, 0.2607, 0.2607, 0.2607, 0.2607, 0.2436, 0.2436, 0.2436, 0.2436, 0.2436, 0.2436, 0.2436, 0.2436, 0.2436, 0.2436, 0.5032, 0.5032, 0.5032, 0.5032, 0.5032, 0.5032, 0.5032, 0.5032, 0.5032, 0.5032, 0.1657, 0.1657, 0.1657, 0.1657, 0.1657, 0.1657, 0.1657, 0.1657, 0.1657, 0.1657, 0.2284, 0.2284, 0.2284, 0.2284, 0.2284, 0.2284, 0.2284, 0.2284, 0.2284, 0.2284, 0.1784, 0.1784, 0.1784, 0.1784, 0.1784, 0.1784, 0.1784, 0.1784, 0.1784, 0.1784, 0.2443, 0.2443, 0.2443, 0.2443, 0.2443, 0.2443, 0.2443, 0.2443, 0.2443, 0.2443, 0.2878, 0.2878, 0.2878, 0.2878, 0.2878, 0.2878, 0.2878, 0.2878, 0.2878, 0.2878, 0.2824, 0.2824, 0.2824, 0.2824, 0.2824, 0.2824, 0.2824, 0.2824, 0.2824, 0.2824, 0.1072, 0.1072, 0.1072, 0.1072, 0.1072, 0.1072, 0.1072, 0.1072, 0.1072, 0.1072, 0.0765, 0.0765, 0.0765, 0.0765, 0.0765, 0.0765, 0.0255, 0.0255, 0.0255, 0.0255, 0.0255, 0.0255, 0.0255, 0.0255, 0.0255, 0.0255, 0.0876, 0.0876, 0.0876, 0.0876, 0.0876, 0.0876, 0.0876, 0.0876, 0.0876, 0.0876, 0.0028, 0.0028, 0.0028, 0.0028, 0.0028, 0.0028, 0.0028, 0.0028, 0.0028, 0.0028, 0.1296, 0.1296, 0.1296, 0.1296, 0.1296, 0.1296, 0.1296, 0.1296, 0.1296, 0.1296, 0.2352, 0.2352, 0.2352, 0.2352, 0.2352, 0.2352, 0.2352, 0.2352, 0.2352, 0.2352, 0.0272, 0.0272, 0.0272, 0.0272, 0.0272, 0.0272, 0.0272, 0.0272, 0.0272, 0.0272, 0.0852, 0.0852, 0.0852, 0.0852, 0.0852, 0.0852, 0.0852, 0.0852, 0.0852, 0.0852, 0.2247, 0.2247, 0.2247, 0.2247, 0.2247, 0.2247, 0.2247, 0.2247, 0.2247, 0.2247, 0.1397, 0.1397, 0.1397, 0.1397, 0.1397, 0.1397, 0.1397, 0.1397, 0.1397, 0.1397, 0.141, 0.141, 0.141, 0.141, 0.141, 0.141, 0.141, 0.141, 0.141, 0.141, 0.6632, 0.6632, 0.6632, 0.6632, 0.6632, 0.6632, 0.6632, 0.6632, 0.6632, 0.6632, 0.1466, 0.1466, 0.1466, 0.1466, 0.1466, 0.1466, 0.1466, 0.1466, 0.1466, 0.1466, 0.0491, 0.0491, 0.0491, 0.0491, 0.0491, 0.0491, 0.0491, 0.0491, 0.0491, 0.0491, 0.1559, 0.1559, 0.1559, 0.1559, 0.1559, 0.1559, 0.1559, 0.1559, 0.1559, 0.1559, 0.2779, 0.2779, 0.2779, 0.2779, 0.2779, 0.2779, 0.2779, 0.2779, 0.2779, 0.2779, 0.3164, 0.3164, 0.3164, 0.3164, 0.3164, 0.3164, 0.3164, 0.3164, 0.3164, 0.3164, 0.1173, 0.1173, 0.1173, 0.1173, 0.1173, 0.1173, 0.1173, 0.1173, 0.1173, 0.1173, 0.081, 0.081, 0.081, 0.081, 0.081, 0.081, 0.081, 0.081, 0.081, 0.081, 0.0799, 0.0799, 0.0799, 0.0799, 0.0799, 0.0799, 0.0799, 0.0799, 0.0799, 0.0799, 0.2049, 0.2049, 0.2049, 0.2049, 0.2049, 0.2049, 0.2049, 0.2049, 0.2049, 0.2049, 0.0031, 0.0031, 0.0031, 0.0031, 0.0031, 0.0031, 0.0031, 0.0031, 0.0031, 0.0031, 0.0025, 0.0025, 0.0025, 0.0025, 0.0025, 0.0025, 0.0025, 0.0025, 0.0025, 0.0025, 0.0022, 0.0022, 0.0022, 0.0022, 0.0022, 0.0022, 0.0022, 0.0022, 0.0022, 0.0022, 0.2553, 0.2553, 0.2553, 0.2553, 0.2553, 0.2553, 0.2553, 0.2553, 0.2553, 0.2553, 0.1813, 0.1813, 0.1813, 0.1813, 0.1813, 0.1813, 0.1813, 0.1813, 0.1813, 0.1813, 0.1898, 0.1898, 0.1898, 0.1898, 0.1898, 0.1898, 0.1898, 0.1898, 0.1898, 0.1898, 0.0028, 0.0028, 0.0028, 0.0028, 0.0028, 0.0028, 0.0028, 0.0028, 0.0028, 0.0028, 0.4132, 0.4132, 0.4132, 0.4132, 0.4132, 0.4132, 0.4132, 0.4132, 0.4132, 0.4132, 0.0763, 0.0763, 0.0763, 0.0763, 0.0763, 0.0763, 0.0763, 0.0763, 0.0763, 0.0763, 0.2138, 0.2138, 0.2138, 0.2138, 0.2138, 0.2138, 0.2138, 0.2138, 0.2138, 0.2138, 0.1505, 0.1505, 0.1505, 0.1505, 0.1505, 0.1505, 0.1505, 0.1505, 0.1505, 0.1505, 0.1052, 0.1052, 0.1052, 0.1052, 0.1052, 0.1052, 0.1052, 0.1052, 0.1052, 0.1052, 0.256, 0.256, 0.256, 0.256, 0.256, 0.256, 0.256, 0.256, 0.256, 0.256, 0.0284, 0.0284, 0.0284, 0.0284, 0.0284, 0.0284, 0.0284, 0.0284, 0.0284, 0.0284, 0.1131, 0.1131, 0.1131, 0.1131, 0.1131, 0.1131, 0.1131, 0.1131, 0.1131, 0.1131, 0.3026, 0.3026, 0.3026, 0.3026, 0.3026, 0.3026, 0.3026, 0.3026, 0.3026, 0.3026, 0.109, 0.109, 0.109, 0.109, 0.109, 0.109, 0.109, 0.109, 0.109, 0.109, 0.0031, 0.0031, 0.0031, 0.0031, 0.0031, 0.0031, 0.0031, 0.0031, 0.0031, 0.0031, 0.1038, 0.1038, 0.1038, 0.1038, 0.1038, 0.1038, 0.1038, 0.1038, 0.1038, 0.1038, 0.2254, 0.2254, 0.2254, 0.2254, 0.2254, 0.2254, 0.2254, 0.2254, 0.2254, 0.2254, 0.1882, 0.1882, 0.1882, 0.1882, 0.1882, 0.1882, 0.1882, 0.1882, 0.1882, 0.1882, 0.2448, 0.2448, 0.2448, 0.2448, 0.2448, 0.2448, 0.2448, 0.2448, 0.2448, 0.2448, 0.2296, 0.2296, 0.2296, 0.2296, 0.2296, 0.2296, 0.2296, 0.2296, 0.2296, 0.2296, 0.0976, 0.0976, 0.0976, 0.0976, 0.0976, 0.0976, 0.0976, 0.0976, 0.0976, 0.0976, 0.3061, 0.3061, 0.3061, 0.3061, 0.3061, 0.3061, 0.3061, 0.3061, 0.3061, 0.3061, 0.0682, 0.0682, 0.0682, 0.0682, 0.0682, 0.0682, 0.0682, 0.0682, 0.0682, 0.0682, 0.0158, 0.0158, 0.0158, 0.0158, 0.0158, 0.0158, 0.0158, 0.0158, 0.0158, 0.0158, 0.4417, 0.4417, 0.4417, 0.4417, 0.4417, 0.4417, 0.4417, 0.4417, 0.4417, 0.4417, 0.1296, 0.1296, 0.1296, 0.1296, 0.1296, 0.1296, 0.1296, 0.1296, 0.1296, 0.1296, 0.1026, 0.1026, 0.1026, 0.1026, 0.1026, 0.1026, 0.1026, 0.1026, 0.1026, 0.1026, 0.2417, 0.2417, 0.2417, 0.2417, 0.2417, 0.2417, 0.2417, 0.2417, 0.2417, 0.2417, 0.2297, 0.2297, 0.2297, 0.2297, 0.2297, 0.2297, 0.2297, 0.2297, 0.2297, 0.2297, 0.0971, 0.0971, 0.0971, 0.0971, 0.0971, 0.0971, 0.0971, 0.0971, 0.0971, 0.0971, 0.0546, 0.0546, 0.0546, 0.0546, 0.0546, 0.0546, 0.0546, 0.0546, 0.0546, 0.0546, 0.1149, 0.1149, 0.1149, 0.1149, 0.1149, 0.1149, 0.1149, 0.1149, 0.1149, 0.1149, 0.0757, 0.0757, 0.0757, 0.0757, 0.0757, 0.0757, 0.0757, 0.0757, 0.0757, 0.0757, 0.2781, 0.2781, 0.2781, 0.2781, 0.2781, 0.2781, 0.2781, 0.2781, 0.2781, 0.2781, 0.0799, 0.0799, 0.0799, 0.0799, 0.0799, 0.0799, 0.0799, 0.0799, 0.0799, 0.0799, 0.3048, 0.3048, 0.3048, 0.3048, 0.3048, 0.3048, 0.3048, 0.3048, 0.3048, 0.3048, 0.2806, 0.2806, 0.2806, 0.2806, 0.2806, 0.2806, 0.2806, 0.2806, 0.2806, 0.2806, 0.1329, 0.1329, 0.1329, 0.1329, 0.1329, 0.1329, 0.1329, 0.1329, 0.1329, 0.1329, 0.1349, 0.1349, 0.1349, 0.1349, 0.1349, 0.1349, 0.1349, 0.1349, 0.1349, 0.1349, 0.1021, 0.1021, 0.1021, 0.1021, 0.1021, 0.1021, 0.1021, 0.1021, 0.1021, 0.1021, 0.1305, 0.1305, 0.1305, 0.1305, 0.1305, 0.1305, 0.1305, 0.1305, 0.1305, 0.1305, 0.2636, 0.2636, 0.2636, 0.2636, 0.2636, 0.2636, 0.2636, 0.2636, 0.2636, 0.2636, 0.1182, 0.1182, 0.1182, 0.1182, 0.1182, 0.1182, 0.1182, 0.1182, 0.1182, 0.1182, 0.0183, 0.0183, 0.0183, 0.0183, 0.0183, 0.0183, 0.0183, 0.0183, 0.0183, 0.0183, 0.0935, 0.0935, 0.0935, 0.0935, 0.0935, 0.0935, 0.0935, 0.0935, 0.0935, 0.0935, 0.1971, 0.1971, 0.1971, 0.1971, 0.1971, 0.1971, 0.1971, 0.1971, 0.1971, 0.1971, 0.0128, 0.0128, 0.0128, 0.0128, 0.0128, 0.0128, 0.0128, 0.0128, 0.0128, 0.0128, 0.0917, 0.0917, 0.0917, 0.0917, 0.0917, 0.0917, 0.0917, 0.0917, 0.0917, 0.0917, 0.0578, 0.0578, 0.0578, 0.0578, 0.0578, 0.0578, 0.0578, 0.0578, 0.0578, 0.0578, 0.2102, 0.2102, 0.2102, 0.2102, 0.2102, 0.2102, 0.2102, 0.2102, 0.2102, 0.2102, 0.0954, 0.0954, 0.0954, 0.0954, 0.0954, 0.0954, 0.0954, 0.0954, 0.0954, 0.0954, 0.0618, 0.0618, 0.0618, 0.0618, 0.0618, 0.0618, 0.0618, 0.0618, 0.0618, 0.0618, 0.1792, 0.1792, 0.1792, 0.1792, 0.1792, 0.1792, 0.1792, 0.1792, 0.1792, 0.1792, 0.0021, 0.0021, 0.0021, 0.0021, 0.0021, 0.0021, 0.0021, 0.0021, 0.0021, 0.0021, 0.1878, 0.1878, 0.1878, 0.1878, 0.1878, 0.1878, 0.1878, 0.1878, 0.1878, 0.1878, 0.1603, 0.1603, 0.1603, 0.1603, 0.1603, 0.1603, 0.1603, 0.1603, 0.1603, 0.1603, 0.1543, 0.1543, 0.1543, 0.1543, 0.1543, 0.1543, 0.1543, 0.1543, 0.1543, 0.1543, 0.0479, 0.0479, 0.0479, 0.0479, 0.0479, 0.0479, 0.0479, 0.0479, 0.0479, 0.0479, 0.1808, 0.1808, 0.1808, 0.1808, 0.1808, 0.1808, 0.1808, 0.1808, 0.1808, 0.1808, 0.0059, 0.0059, 0.0059, 0.0059, 0.0059, 0.0059, 0.0059, 0.0059, 0.0059, 0.0059, 0.1043, 0.1043, 0.1043, 0.1043, 0.1043, 0.1043, 0.1043, 0.1043, 0.1043, 0.1043, 0.0022, 0.0022, 0.0022, 0.0022, 0.0022, 0.0022, 0.0022, 0.0022, 0.0022, 0.0022, 0.0024, 0.0024, 0.0024, 0.0024, 0.0024, 0.0024, 0.0024, 0.0024, 0.0024, 0.0024, 0.081, 0.081, 0.081, 0.081, 0.081, 0.081, 0.081, 0.081, 0.081, 0.081, 0.1935, 0.1935, 0.1935, 0.1935, 0.1935, 0.1935, 0.1935, 0.1935, 0.1935, 0.1935, 0.0145, 0.0145, 0.0145, 0.0145, 0.0145, 0.0145, 0.0145, 0.0145, 0.0145, 0.0145, 0.086, 0.086, 0.086, 0.086, 0.086, 0.086, 0.086, 0.086, 0.086, 0.086, 0.0406, 0.0406, 0.0406, 0.0406, 0.0406, 0.0406, 0.0406, 0.0406, 0.0406, 0.0406, 0.0081, 0.0081, 0.0081, 0.0081, 0.0081, 0.0081, 0.0081, 0.0081, 0.0081, 0.0081, 0.0019, 0.0019, 0.0019, 0.0019, 0.0019, 0.0019, 0.0019, 0.0019, 0.0019, 0.0019, 0.0018, 0.0018, 0.0018, 0.0018, 0.0018, 0.0018, 0.0018, 0.0018, 0.0018, 0.0018, 0.0599, 0.0599, 0.0599, 0.0599, 0.0599, 0.0599, 0.0599, 0.0599, 0.0599, 0.0599, 0.369, 0.369, 0.369, 0.369, 0.369, 0.369, 0.369, 0.369, 0.369, 0.369, 0.0021, 0.0021, 0.0021, 0.0021, 0.0021, 0.0021, 0.0021, 0.0021, 0.0021, 0.0021, 0.0727, 0.0727, 0.0727, 0.0727, 0.0727, 0.0727, 0.0727, 0.0727, 0.0727, 0.0727, 0.1011, 0.1011, 0.1011, 0.1011, 0.1011, 0.1011, 0.1011, 0.1011, 0.1011, 0.1011, 0.0021, 0.0021, 0.0021, 0.0021, 0.0021, 0.0021, 0.0021, 0.0021, 0.0021, 0.0021, 0.0737, 0.0737, 0.0737, 0.0737, 0.0737, 0.0737, 0.0737, 0.0737, 0.0737, 0.0737, 0.0042, 0.0042, 0.0042, 0.0042, 0.0042, 0.0042, 0.0042, 0.0042, 0.0042, 0.0042, 0.2819, 0.2819, 0.2819, 0.2819, 0.2819, 0.2819, 0.2819, 0.2819, 0.2819, 0.2819, 0.1717, 0.1717, 0.1717, 0.1717, 0.1717, 0.1717, 0.1717, 0.1717, 0.1717, 0.1717, 0.1422, 0.1422, 0.1422, 0.1422, 0.1422, 0.1422, 0.1422, 0.1422, 0.1422, 0.1422, 0.0129, 0.0129, 0.0129, 0.0129, 0.0129, 0.0129, 0.0129, 0.0129, 0.0129, 0.0129, 0.1044, 0.1044, 0.1044, 0.1044, 0.1044, 0.1044, 0.1044, 0.1044, 0.1044, 0.1044, 0.2016, 0.2016, 0.2016, 0.2016, 0.2016, 0.2016, 0.2016, 0.2016, 0.2016, 0.2016, 0.0967, 0.0967, 0.0967, 0.0967, 0.0967, 0.0967, 0.0967, 0.0967, 0.0967, 0.0967, 0.1071, 0.1071, 0.1071, 0.1071, 0.1071, 0.1071, 0.1071, 0.1071, 0.1071, 0.1071, 0.2172, 0.2172, 0.2172, 0.2172, 0.2172, 0.2172, 0.2172, 0.2172, 0.2172, 0.2172, 0.0863, 0.0863, 0.0863, 0.0863, 0.0863, 0.0863, 0.0863, 0.0863, 0.0863, 0.0863, 0.0886, 0.0886, 0.0886, 0.0886, 0.0886, 0.0886, 0.0886, 0.0886, 0.0886, 0.0886, 0.4099, 0.4099, 0.4099, 0.4099, 0.4099, 0.4099, 0.4099, 0.4099, 0.4099, 0.4099, 0.0907, 0.0907, 0.0907, 0.0907, 0.0907, 0.0907, 0.0907, 0.0907, 0.0907, 0.0907, 0.0825, 0.0825, 0.0825, 0.0825, 0.0825, 0.0825, 0.0825, 0.0825, 0.0825, 0.0825, 0.0349, 0.0349, 0.0349, 0.0349, 0.0349, 0.0349, 0.0349, 0.0349, 0.0349, 0.0349, 0.0407, 0.0407, 0.0407, 0.0407, 0.0407, 0.0407, 0.0407, 0.0407, 0.0407, 0.0407, 0.0965, 0.0965, 0.0965, 0.0965, 0.0965, 0.0965, 0.0965, 0.0965, 0.0965, 0.0965, 0.0024, 0.0024, 0.0024, 0.0024, 0.0024, 0.0024, 0.0024, 0.0024, 0.0024, 0.0024, 0.0027, 0.0027, 0.0027, 0.0027, 0.0027, 0.0027, 0.0027, 0.0027, 0.0027, 0.0027, 0.1686, 0.1686, 0.1686, 0.1686, 0.1686, 0.1686, 0.1686, 0.1686, 0.1686, 0.1686, 0.2214, 0.2214, 0.2214, 0.2214, 0.2214, 0.2214, 0.2214, 0.2214, 0.2214, 0.2214, 0.1089, 0.1089, 0.1089, 0.1089, 0.1089, 0.1089, 0.1089, 0.1089, 0.1089, 0.1089, 0.0718, 0.0718, 0.0718, 0.0718, 0.0718, 0.0718, 0.0718, 0.0718, 0.0718, 0.0718, 0.0073, 0.0073, 0.0073, 0.0073, 0.0073, 0.0073, 0.0073, 0.0073, 0.0073, 0.0073, 0.0199, 0.0199, 0.0199, 0.0199, 0.0199, 0.0199, 0.0199, 0.0199, 0.0199, 0.0199, 0.0145, 0.0145, 0.0145, 0.0145, 0.0145, 0.0145, 0.0145, 0.0145, 0.0145, 0.0145, 0.1, 0.1, 0.1, 0.1, 0.1, 0.1, 0.1, 0.1, 0.1, 0.1, 0.0957, 0.0957, 0.0957, 0.0957, 0.0957, 0.0957, 0.0957, 0.0957, 0.0957, 0.0957, 0.0018, 0.0018, 0.0018, 0.0018, 0.0018, 0.0018, 0.0018, 0.0018, 0.0018, 0.0018, 0.2886, 0.2886, 0.2886, 0.2886, 0.2886, 0.2886, 0.2886, 0.2886, 0.2886, 0.2886, 0.0328, 0.0328, 0.0328, 0.0328, 0.0328, 0.0328, 0.0328, 0.0328, 0.0328, 0.0328, 0.0818, 0.0818, 0.0818, 0.0818, 0.0818, 0.0818, 0.0818, 0.0818, 0.0818, 0.0818, 0.0839, 0.0839, 0.0839, 0.0839, 0.0839, 0.0839, 0.0839, 0.0839, 0.0839, 0.0839, 0.0027, 0.0027, 0.0027, 0.0027, 0.0027, 0.0027, 0.0027, 0.0027, 0.0027, 0.0027, 0.0014, 0.0014, 0.0014, 0.0014, 0.0014, 0.0014, 0.0014, 0.0014, 0.0014, 0.0014, 0.1677, 0.1677, 0.1677, 0.1677, 0.1677, 0.1677, 0.1677, 0.1677, 0.1677, 0.1677, 0.0012, 0.0012, 0.0012, 0.0012, 0.0012, 0.0012, 0.0012, 0.0012, 0.0012, 0.0012, 0.0015, 0.0015, 0.0015, 0.0015, 0.0015, 0.0015, 0.0015, 0.0015, 0.0015, 0.0015, 0.1518, 0.1518, 0.1518, 0.1518, 0.1518, 0.1518, 0.1518, 0.1518, 0.1518, 0.1518, 0.2167, 0.2167, 0.2167, 0.2167, 0.2167, 0.2167, 0.2167, 0.2167, 0.2167, 0.2167, 0.286, 0.286, 0.286, 0.286, 0.286, 0.286, 0.286, 0.286, 0.286, 0.286, 0.0349, 0.0349, 0.0349, 0.0349, 0.0349, 0.0349, 0.0349, 0.0349, 0.0349, 0.0349, 0.0019, 0.0019, 0.0019, 0.0019, 0.0019, 0.0019, 0.0019, 0.0019, 0.0019, 0.0019, 0.0548, 0.0548, 0.0548, 0.0548, 0.0548, 0.0548, 0.0548, 0.0548, 0.0548, 0.0548, 0.3022, 0.3022, 0.3022, 0.3022, 0.3022, 0.3022, 0.3022, 0.3022, 0.3022, 0.3022, 0.0839, 0.0839, 0.0839, 0.0839, 0.0839, 0.0839, 0.0839, 0.0839, 0.0839, 0.0839, 0.1084, 0.1084, 0.1084, 0.1084, 0.1084, 0.1084, 0.1084, 0.1084, 0.1084, 0.1084, 0.1825, 0.1825, 0.1825, 0.1825, 0.1825, 0.1825, 0.1825, 0.1825, 0.1825, 0.1825, 0.1309, 0.1309, 0.1309, 0.1309, 0.1309, 0.1309, 0.1309, 0.1309, 0.1309, 0.1309, 0.0707, 0.0707, 0.0707, 0.0707, 0.0707, 0.0707, 0.0707, 0.0707, 0.0707, 0.0707, 0.0562, 0.0562, 0.0562, 0.0562, 0.0562, 0.0562, 0.0562, 0.0562, 0.0562, 0.0562, 0.1047, 0.1047, 0.1047, 0.1047, 0.1047, 0.1047, 0.1047, 0.1047, 0.1047, 0.1047, 0.1041, 0.1041, 0.1041, 0.1041, 0.1041, 0.1041, 0.1041, 0.1041, 0.1041, 0.1041, 0.0707, 0.0707, 0.0707, 0.0707, 0.0707, 0.0707, 0.0707, 0.0707, 0.0707, 0.0707, 0.103, 0.103, 0.103, 0.103, 0.103, 0.103, 0.103, 0.103, 0.103, 0.103, 0.1772, 0.1772, 0.1772, 0.1772, 0.1772, 0.1772, 0.1772, 0.1772, 0.1772, 0.1772, 0.0791, 0.0791, 0.0791, 0.0791, 0.0791, 0.0791, 0.0791, 0.0791, 0.0791, 0.0791, 0.1044, 0.1044, 0.1044, 0.1044, 0.1044, 0.1044, 0.1044, 0.1044, 0.1044, 0.1044, 0.0575, 0.0575, 0.0575, 0.0575, 0.0575, 0.0575, 0.0575, 0.0575, 0.0575, 0.0575, 0.0881, 0.0881, 0.0881, 0.0881, 0.0771, 0.0771, 0.0771, 0.0771, 0.0771, 0.0771, 0.0771, 0.0771, 0.0771, 0.0771, 0.0698, 0.0698, 0.0698, 0.0698, 0.0698, 0.0698, 0.0698, 0.0698, 0.0698, 0.0698, 0.004, 0.004, 0.004, 0.004, 0.004, 0.004, 0.004, 0.004, 0.004, 0.004, 0.0019, 0.0019, 0.0019, 0.0019, 0.0019, 0.0019, 0.0019, 0.0019, 0.0019, 0.0019, 0.0874, 0.0874, 0.0874, 0.0874, 0.0874, 0.0874, 0.0874, 0.0874, 0.0874, 0.0874, 0.272, 0.272, 0.272, 0.272, 0.272, 0.272, 0.272, 0.272, 0.272, 0.272, 0.1056, 0.1056, 0.1056, 0.1056, 0.1056, 0.1056, 0.1056, 0.1056, 0.1056, 0.1056, 0.0202, 0.0202, 0.0202, 0.0202, 0.0202, 0.0202, 0.0202, 0.0202, 0.0202, 0.0202, 0.1367, 0.1367, 0.1367, 0.1367, 0.1367, 0.1367, 0.1367, 0.1367, 0.1367, 0.1367, 0.0606, 0.0606, 0.0606, 0.0606, 0.0606, 0.0606, 0.0606, 0.0606, 0.0606, 0.0606, 0.105, 0.105, 0.105, 0.105, 0.105, 0.105, 0.105, 0.105, 0.105, 0.105, 0.25, 0.25, 0.25, 0.25, 0.25, 0.25, 0.25, 0.25, 0.25, 0.25, 0.1033, 0.1033, 0.1033, 0.1033, 0.1033, 0.1033, 0.1033, 0.1033, 0.1033, 0.1033, 0.172, 0.172, 0.172, 0.172, 0.172, 0.172, 0.172, 0.172, 0.172, 0.172, 0.0557, 0.0557, 0.0557, 0.0557, 0.0557, 0.0557, 0.0557, 0.0557, 0.0557, 0.0557, 0.0468, 0.0468, 0.0468, 0.0468, 0.0468, 0.0468, 0.0468, 0.0468, 0.0468, 0.0468, 0.0928, 0.0928, 0.0928, 0.0928, 0.0928, 0.0928, 0.0928, 0.0928, 0.0928, 0.0928, 0.0024, 0.0024, 0.0024, 0.0024, 0.0024, 0.0024, 0.0024, 0.0024, 0.0024, 0.0024, 0.1784, 0.1784, 0.1784, 0.1784, 0.1784, 0.1784, 0.1784, 0.1784, 0.1784, 0.1784, 0.0017, 0.0017, 0.0017, 0.0017, 0.0017, 0.0017, 0.0017, 0.0017, 0.0017, 0.0017, 0.0015, 0.0015, 0.0015, 0.0015, 0.0015, 0.0015, 0.0015, 0.0015, 0.0015, 0.0015, 0.0012, 0.0012, 0.0012, 0.0012, 0.0012, 0.0012, 0.0012, 0.0012, 0.0012, 0.0012, 0.0012, 0.0012, 0.0012, 0.0012, 0.0012, 0.0012, 0.0012, 0.0012, 0.0012, 0.0012, 0.0012, 0.0012, 0.0012, 0.0012, 0.0012, 0.0012, 0.0012, 0.0012, 0.0012, 0.0012, 0.0012, 0.0012, 0.0012, 0.0012, 0.0012, 0.0012, 0.0012, 0.0012, 0.0012, 0.0012, 0.0012, 0.0012, 0.0012, 0.0012, 0.0012, 0.0012, 0.0012, 0.0012, 0.0012, 0.0012, 0.146, 0.146, 0.146, 0.146, 0.146, 0.146, 0.146, 0.146, 0.146, 0.146, 0.0011, 0.0011, 0.0011, 0.0011, 0.0011, 0.0011, 0.0011, 0.0011, 0.0011, 0.0011, 0.0012, 0.0012, 0.0012, 0.0012, 0.0012, 0.0012, 0.0012, 0.0012, 0.0012, 0.0012, 0.0401, 0.0401, 0.0401, 0.0401, 0.0401, 0.0401, 0.0401, 0.0401, 0.0401, 0.0401, 0.1319, 0.1319, 0.1319, 0.1319, 0.1319, 0.1319, 0.1319, 0.1319, 0.1319, 0.1319, 0.0137, 0.0137, 0.0137, 0.0137, 0.0137, 0.0137, 0.0137, 0.0137, 0.0137, 0.0137, 0.1088, 0.1088, 0.1088, 0.1088, 0.1088, 0.1088, 0.1088, 0.1088, 0.1088, 0.1088, 0.0661, 0.0661, 0.0661, 0.0661, 0.0661, 0.0661, 0.0661, 0.0661, 0.0661, 0.0661, 0.1354, 0.1354, 0.1354, 0.1354, 0.1354, 0.1354, 0.1354, 0.1354, 0.1354, 0.1354, 0.0205, 0.0205, 0.0205, 0.0205, 0.0205, 0.0205, 0.0205, 0.0205, 0.0205, 0.0205, 0.1273, 0.1273, 0.1273, 0.1273, 0.1273, 0.1273, 0.1273, 0.1273, 0.1273, 0.1273, 0.0013, 0.0013, 0.0013, 0.0013, 0.0013, 0.0013, 0.0013, 0.0013, 0.0013, 0.0013, 0.2246, 0.2246, 0.2246, 0.2246, 0.2246, 0.2246, 0.2246, 0.2246, 0.2246, 0.2246, 0.3099, 0.3099, 0.3099, 0.3099, 0.3099, 0.3099, 0.3099, 0.3099, 0.3099, 0.3099, 0.023, 0.023, 0.023, 0.023, 0.023, 0.023, 0.023, 0.023, 0.023, 0.023, 0.002, 0.002, 0.002, 0.002, 0.002, 0.002, 0.002, 0.002, 0.002, 0.002, 0.0015, 0.0015, 0.0015, 0.0015, 0.0015, 0.0015, 0.0015, 0.0015, 0.0015, 0.0015, 0.2197, 0.2197, 0.2197, 0.2197, 0.2197, 0.2197, 0.2197, 0.2197, 0.2197, 0.2197, 0.0014, 0.0014, 0.0014, 0.0014, 0.0014, 0.0014, 0.0014, 0.0014, 0.0014, 0.0014, 0.0013, 0.0013, 0.0013, 0.0013, 0.0013, 0.0013, 0.0013, 0.0013, 0.0013, 0.0013, 0.0012, 0.0012, 0.0012, 0.0012, 0.0012, 0.0012, 0.0012, 0.0012, 0.0012, 0.0012, 0.0801, 0.0801, 0.0801, 0.0801, 0.0801, 0.0801, 0.0801, 0.0801, 0.0801, 0.0801, 0.1688, 0.1688, 0.1688, 0.1688, 0.1688, 0.1688, 0.1688, 0.1688, 0.1688, 0.1688, 0.1005, 0.1005, 0.1005, 0.1005, 0.1005, 0.1005, 0.1005, 0.1005, 0.1005, 0.1005, 0.185, 0.185, 0.185, 0.185, 0.185, 0.185, 0.185, 0.185, 0.185, 0.185, 0.0285, 0.0285, 0.0285, 0.0285, 0.0285, 0.0285, 0.0285, 0.0285, 0.0285, 0.0285, 0.0015, 0.0015, 0.0015, 0.0015, 0.0015, 0.0015, 0.0015, 0.0015, 0.0015, 0.0015, 0.0018, 0.0018, 0.0018, 0.0018, 0.0018, 0.0018, 0.0018, 0.0018, 0.0018, 0.0018, 0.1447, 0.1447, 0.1447, 0.1447, 0.1447, 0.1447, 0.1447, 0.1447, 0.1447, 0.1447, 0.0911, 0.0911, 0.0911, 0.0911, 0.0911, 0.0911, 0.0911, 0.0911, 0.0911, 0.0911, 0.1115, 0.1115, 0.1115, 0.1115, 0.1115, 0.1115, 0.1115, 0.1115, 0.1115, 0.1115, 0.0369, 0.0369, 0.0369, 0.0369, 0.0369, 0.0369, 0.0369, 0.0369, 0.0369, 0.0369, 0.0507, 0.0507, 0.0507, 0.0507, 0.0507, 0.0507, 0.0507, 0.0507, 0.0507, 0.0507, 0.2066, 0.2066, 0.2066, 0.2066, 0.2066, 0.2066, 0.2066, 0.2066, 0.2066, 0.2066, 0.1002, 0.1002, 0.1002, 0.1002, 0.1002, 0.1002, 0.1002, 0.1002, 0.1002, 0.1002, 0.0061, 0.0061, 0.0061, 0.0061, 0.0061, 0.0061, 0.0061, 0.0061, 0.0061, 0.0061, 0.081, 0.081, 0.081, 0.081, 0.081, 0.081, 0.081, 0.081, 0.081, 0.081, 0.0792, 0.0792, 0.0792, 0.0792, 0.0792, 0.0792, 0.0792, 0.0792, 0.0792, 0.0792, 0.0762, 0.0762, 0.0762, 0.0762, 0.0762, 0.0762, 0.0762, 0.0762, 0.0762, 0.0762, 0.0478, 0.0478, 0.0478, 0.0478, 0.0478, 0.0478, 0.0478, 0.0478, 0.0478, 0.0478, 0.0013, 0.0013, 0.0013, 0.0013, 0.0013, 0.0013, 0.0013, 0.0013, 0.0013, 0.0013, 0.1117, 0.1117, 0.1117, 0.1117, 0.1117, 0.1117, 0.1117, 0.1117, 0.1117, 0.1117, 0.1149, 0.1149, 0.1149, 0.1149, 0.1149, 0.1149, 0.1149, 0.1149, 0.1149, 0.1149, 0.0012, 0.0012, 0.0012, 0.0012, 0.0012, 0.0012, 0.0012, 0.0012, 0.0012, 0.0012, 0.0012, 0.0012, 0.0012, 0.0012, 0.0012, 0.0012, 0.0012, 0.0012, 0.0012, 0.0012, 0.0893, 0.0893, 0.0893, 0.0893, 0.0893, 0.0893, 0.0893, 0.0893, 0.0893, 0.0893, 0.0011, 0.0011, 0.0011, 0.0011, 0.0011, 0.0011, 0.0011, 0.0011, 0.0011, 0.0011, 0.0072, 0.0072, 0.0072, 0.0072, 0.0072, 0.0072, 0.0072, 0.0072, 0.0072, 0.0072, 0.014, 0.014, 0.014, 0.014, 0.014, 0.014, 0.014, 0.014, 0.014, 0.014, 0.0013, 0.0013, 0.0013, 0.0013, 0.0013, 0.0013, 0.0013, 0.0013, 0.0013, 0.0013, 0.0012, 0.0012, 0.0012, 0.0012, 0.0012, 0.0012, 0.0012, 0.0012, 0.0012, 0.0012, 0.001, 0.001, 0.001, 0.001, 0.001, 0.001, 0.001, 0.001, 0.001, 0.001, 0.1075, 0.1075, 0.1075, 0.1075, 0.1075, 0.1075, 0.1075, 0.1075, 0.1075, 0.1075, 0.0012, 0.0012, 0.0012, 0.0012, 0.0012, 0.0012, 0.0012, 0.0012, 0.0012, 0.0012, 0.1071, 0.1071, 0.1071, 0.1071, 0.1071, 0.1071, 0.1071, 0.1071, 0.0011, 0.0011, 0.0011, 0.0011, 0.0011, 0.0011, 0.0011, 0.0011, 0.0011, 0.0011, 0.1673, 0.1673, 0.1673, 0.1673, 0.1673, 0.1673, 0.1673, 0.1673, 0.1673, 0.1673, 0.1022, 0.1022, 0.1022, 0.1022, 0.1022, 0.1022, 0.1022, 0.1022, 0.1022, 0.1022, 0.0013, 0.0013, 0.0013, 0.0013, 0.0013, 0.0013, 0.0013, 0.0013, 0.0013, 0.0013, 0.0845, 0.0845, 0.0845, 0.0845, 0.0845, 0.0845, 0.0845, 0.0845, 0.0845, 0.0845, 0.1131, 0.1131, 0.1131, 0.1131, 0.1131, 0.1131, 0.1131, 0.1131, 0.1131, 0.1131, 0.0021, 0.0021, 0.0021, 0.0021, 0.0021, 0.0021, 0.0021, 0.0021, 0.0021, 0.0021, 0.0327, 0.0327, 0.0327, 0.0327, 0.0327, 0.0327, 0.0327, 0.0327, 0.0327, 0.0327, 0.093, 0.093, 0.093, 0.093, 0.093, 0.093, 0.093, 0.093, 0.093, 0.093, 0.0014, 0.0014, 0.0014, 0.0014, 0.0014, 0.0014, 0.0014, 0.0014, 0.0014, 0.0014, 0.0963, 0.0963, 0.0963, 0.0963, 0.0963, 0.0963, 0.0963, 0.0963, 0.0963, 0.0963, 0.0025, 0.0025, 0.0025, 0.0025, 0.0025, 0.0025, 0.0025, 0.0025, 0.0025, 0.0025, 0.0014, 0.0014, 0.0014, 0.0014, 0.0014, 0.0014, 0.0014, 0.0014, 0.0014, 0.0014, 0.0012, 0.0012, 0.0012, 0.0012, 0.0012, 0.0012, 0.0012, 0.0012, 0.0012, 0.0012, 0.0975, 0.0975, 0.0975, 0.0975, 0.0975, 0.0975, 0.0975, 0.0975, 0.0975, 0.0975, 0.0855, 0.0855, 0.0855, 0.0855, 0.0855, 0.0855, 0.0855, 0.0855, 0.0855, 0.0855, 0.0011, 0.0011, 0.0011, 0.0011, 0.0011, 0.0011, 0.0011, 0.0011, 0.0011, 0.0011, 0.1005, 0.1005, 0.1005, 0.1005, 0.1005, 0.1005, 0.1005, 0.1005, 0.1005, 0.1005, 0.1083, 0.1083, 0.1083, 0.1083, 0.1083, 0.1083, 0.1083, 0.1083, 0.1083, 0.1083, 0.1131, 0.1131, 0.1131, 0.1131, 0.1131, 0.1131, 0.1131, 0.1131, 0.1131, 0.1131, 0.1107, 0.1107, 0.1107, 0.1107, 0.1107, 0.1107, 0.1107, 0.1107, 0.1107, 0.1107, 0.0972, 0.0972, 0.0972, 0.0972, 0.0972, 0.0972, 0.0972, 0.0972, 0.0972, 0.0972, 0.001, 0.001, 0.001, 0.001, 0.001, 0.001, 0.001, 0.001, 0.001, 0.001, 0.0917, 0.0917, 0.0917, 0.0917, 0.0917, 0.0917, 0.0917, 0.0917, 0.0917, 0.0917, 0.0014, 0.0014, 0.0014, 0.0014, 0.0014, 0.0014, 0.0014, 0.0014, 0.0014, 0.0014, 0.0014, 0.0014, 0.0014, 0.0014, 0.0014, 0.0014, 0.0014, 0.0014, 0.0014, 0.0014, 0.0012, 0.0012, 0.0012, 0.0012, 0.0012, 0.0012, 0.0012, 0.0012, 0.0012, 0.0012, 0.001, 0.001, 0.001, 0.001, 0.001, 0.001, 0.001, 0.001, 0.001, 0.001, 0.0013, 0.0013, 0.0013, 0.0013, 0.0013, 0.0013, 0.0013, 0.0013, 0.0013, 0.0013, 0.001, 0.001, 0.001, 0.001, 0.001, 0.001, 0.001, 0.001, 0.001, 0.001, 0.0009, 0.0009, 0.0009, 0.0009, 0.0009, 0.0009, 0.0009, 0.0009, 0.0009, 0.0009, 0.0012, 0.0012, 0.0012, 0.0012, 0.0012, 0.0012, 0.0012, 0.0012, 0.0012, 0.0012, 0.0009, 0.0009, 0.0009, 0.0009, 0.0009, 0.0009, 0.0009, 0.0009, 0.0009, 0.0009, 0.001, 0.001, 0.001, 0.001, 0.001, 0.001, 0.001, 0.001, 0.001, 0.001, 0.1688, 0.1688, 0.1688, 0.1688, 0.1688, 0.1688, 0.1688, 0.1688, 0.1688, 0.1688, 0.0011, 0.0011, 0.0011, 0.0011, 0.0011, 0.0011, 0.0011, 0.0011, 0.0011, 0.0011, 0.001, 0.001, 0.001, 0.001, 0.001, 0.001, 0.001, 0.001, 0.001, 0.001, 0.0099, 0.0099, 0.0099, 0.0099, 0.0099, 0.0099, 0.0099, 0.0099, 0.0099, 0.0099, 0.001, 0.001, 0.001, 0.001, 0.001, 0.001, 0.001, 0.001, 0.001, 0.001, 0.0009, 0.0009, 0.0009, 0.0009, 0.0009, 0.0009, 0.0009, 0.0009, 0.0009, 0.0009, 0.1102, 0.1102, 0.1102, 0.1102, 0.1102, 0.1102, 0.1102, 0.1102, 0.1102, 0.1102, 0.0067, 0.0067, 0.0067, 0.0067, 0.0067, 0.0067, 0.0067, 0.0067, 0.0067, 0.0067, 0.0009, 0.0009, 0.0009, 0.0009, 0.0009, 0.0009, 0.0009, 0.0009, 0.0009, 0.0009, 0.001, 0.001, 0.001, 0.001, 0.001, 0.001, 0.001, 0.001, 0.001, 0.001, 0.0009, 0.0009, 0.0009, 0.0009, 0.0009, 0.0009, 0.0009, 0.0009, 0.0009, 0.0009, 0.0008, 0.0008, 0.0008, 0.0008, 0.0008, 0.0008, 0.0008, 0.0008, 0.0008, 0.0008, 0.0008, 0.0008, 0.0008, 0.0008, 0.0008, 0.0008, 0.0008, 0.0008, 0.0008, 0.0008, 0.0009, 0.0009, 0.0009, 0.0009, 0.0009, 0.0009, 0.0009, 0.0009, 0.0009, 0.0009, 0.1095, 0.1095, 0.1095, 0.1095, 0.1095, 0.1095, 0.1095, 0.1095, 0.1095, 0.1095, 0.0008, 0.0008, 0.0008, 0.0008, 0.0008, 0.0008, 0.0008, 0.0008, 0.0008, 0.0008, 0.0009, 0.0009, 0.0009, 0.0009, 0.0009, 0.0009, 0.0009, 0.0009, 0.0009, 0.0009, 0.001, 0.001, 0.001, 0.001, 0.001, 0.001, 0.001, 0.001, 0.001, 0.001, 0.1006, 0.1006, 0.1006, 0.1006, 0.1006, 0.1006, 0.1006, 0.1006, 0.1006, 0.1006, 0.0009, 0.0009, 0.0009, 0.0009, 0.0009, 0.0009, 0.0009, 0.0009, 0.0009, 0.0009, 0.001, 0.001, 0.001, 0.001, 0.001, 0.001, 0.001, 0.001, 0.001, 0.001, 0.0245, 0.0245, 0.0245, 0.0245, 0.0245, 0.0245, 0.0245, 0.0245, 0.0245, 0.0245, 0.0989, 0.0989, 0.0989, 0.0989, 0.0989, 0.0989, 0.0989, 0.0989, 0.0989, 0.0989, 0.0841, 0.0841, 0.0841, 0.0841, 0.0841, 0.0841, 0.0841, 0.0841, 0.0841, 0.0841, 0.0014, 0.0014, 0.0014, 0.0014, 0.0014, 0.0014, 0.0014, 0.0014, 0.0014, 0.0014, 0.0009, 0.0009, 0.0009, 0.0009, 0.0009, 0.0009, 0.0009, 0.0009, 0.0009, 0.0009, 0.0009, 0.0009, 0.0009, 0.0009, 0.0009, 0.0009, 0.0009, 0.0009, 0.0009, 0.0009, 0.0823, 0.0823, 0.0823, 0.0823, 0.0823, 0.0823, 0.0823, 0.0823, 0.0823, 0.0823, 0.0008, 0.0008, 0.0008, 0.0008, 0.0008, 0.0008, 0.0008, 0.0008, 0.0008, 0.0008, 0.0009, 0.0009, 0.0009, 0.0009, 0.0009, 0.0009, 0.0009, 0.0009, 0.0009, 0.0009, 0.2212, 0.2212, 0.2212, 0.2212, 0.2212, 0.2212, 0.2212, 0.2212, 0.2212, 0.2212, 0.0009, 0.0009, 0.0009, 0.0009, 0.0009, 0.0009, 0.0009, 0.0009, 0.0009, 0.0009, 0.0374, 0.0374, 0.0374, 0.0374, 0.0374, 0.0374, 0.0374, 0.0374, 0.0374, 0.0374, 0.001, 0.001, 0.001, 0.001, 0.001, 0.001, 0.001, 0.001, 0.001, 0.001, 0.0009, 0.0009, 0.0009, 0.0009, 0.0009, 0.0009, 0.0009, 0.0009, 0.0009, 0.0009, 0.099, 0.099, 0.099, 0.099, 0.099, 0.099, 0.099, 0.099, 0.099, 0.099, 0.0349, 0.0349, 0.0349, 0.0349, 0.0349, 0.0349, 0.0349, 0.0349, 0.0349, 0.0349, 0.0908, 0.0908, 0.0908, 0.0908, 0.0908, 0.0908, 0.0908, 0.0908, 0.0908, 0.0908, 0.0937, 0.0937, 0.0937, 0.0937, 0.0937, 0.0937, 0.0937, 0.0937, 0.0937, 0.0937, 0.0568, 0.0568, 0.0568, 0.0568, 0.0568, 0.0568, 0.0568, 0.0568, 0.0568, 0.0568, 0.1906, 0.1906, 0.1906, 0.1906, 0.1906, 0.1906, 0.1906, 0.1906, 0.1906, 0.1906, 0.001, 0.001, 0.001, 0.001, 0.001, 0.001, 0.001, 0.001, 0.001, 0.001, 0.0876, 0.0876, 0.0876, 0.0876, 0.0876, 0.0876, 0.0876, 0.0876, 0.0876, 0.0876, 0.0011, 0.0011, 0.0011, 0.0011, 0.0011, 0.0011, 0.0011, 0.0011, 0.0011, 0.0011, 0.001, 0.001, 0.001, 0.001, 0.001, 0.001, 0.001, 0.001, 0.001, 0.001, 0.001, 0.001, 0.001, 0.001, 0.001, 0.001, 0.001, 0.001, 0.001, 0.001, 0.1065, 0.1065, 0.1065, 0.1065, 0.1065, 0.1065, 0.1065, 0.1065, 0.1065, 0.1065, 0.1192, 0.1192, 0.0927, 0.0927, 0.0927, 0.0927, 0.0927, 0.0927, 0.0927, 0.0927, 0.0927, 0.0927, 0.1141, 0.1141, 0.1141, 0.1141, 0.1141, 0.1141, 0.1141, 0.1141, 0.1141, 0.1141, 0.0011, 0.0011, 0.0011, 0.0011, 0.0011, 0.0011, 0.0011, 0.0011, 0.0011, 0.0011, 0.0013, 0.0013, 0.0013, 0.0013, 0.0013, 0.0013, 0.0013, 0.0013, 0.0013, 0.0013, 0.0012, 0.0012, 0.0012, 0.0012, 0.0012, 0.0012, 0.0012, 0.0012, 0.0012, 0.0012, 0.0011, 0.0011, 0.0011, 0.0011, 0.0011, 0.0011, 0.0011, 0.0011, 0.0011, 0.0011, 0.001, 0.001, 0.001, 0.001, 0.001, 0.001, 0.001, 0.001, 0.001, 0.001, 0.001, 0.001, 0.001, 0.001, 0.001, 0.001, 0.001, 0.001, 0.001, 0.001, 0.0009, 0.0009, 0.0009, 0.0009, 0.0009, 0.0009, 0.0009, 0.0009, 0.0009, 0.0009, 0.209, 0.209, 0.209, 0.209, 0.209, 0.209, 0.209, 0.209, 0.209, 0.209, 0.0211, 0.0211, 0.0211, 0.0211, 0.0211, 0.0211, 0.0211, 0.0211, 0.0211, 0.0211, 0.0882, 0.0882, 0.0882, 0.0882, 0.0882, 0.0882, 0.0882, 0.0882, 0.0882, 0.0882, 0.001, 0.001, 0.001, 0.001, 0.001, 0.001, 0.001, 0.001, 0.001, 0.001, 0.0947, 0.0947, 0.0947, 0.0947, 0.0947, 0.0947, 0.0947, 0.0947, 0.0947, 0.0947, 0.001, 0.001, 0.001, 0.001, 0.001, 0.001, 0.001, 0.001, 0.001, 0.001, 0.001, 0.001, 0.001, 0.001, 0.001, 0.001, 0.001, 0.001, 0.001, 0.001, 0.001, 0.001, 0.001, 0.001, 0.001, 0.001, 0.001, 0.001, 0.001, 0.001, 0.001, 0.001, 0.001, 0.001, 0.001, 0.001, 0.001, 0.001, 0.001, 0.001, 0.0009, 0.0009, 0.0009, 0.0009, 0.0009, 0.0009, 0.0009, 0.0009, 0.0009, 0.0009, 0.001, 0.001, 0.001, 0.001, 0.001, 0.001, 0.001, 0.001, 0.001, 0.001, 0.0009, 0.0009, 0.0009, 0.0009, 0.0009, 0.0009, 0.0009, 0.0009, 0.0009, 0.0009, 0.0009, 0.0009, 0.0009, 0.0009, 0.0009, 0.0009, 0.0009, 0.0009, 0.0009, 0.0009, 0.0008, 0.0008, 0.0008, 0.0008, 0.0008, 0.0008, 0.0008, 0.0008, 0.0008, 0.0008, 0.0008, 0.0008, 0.0008, 0.0008, 0.0008, 0.0008, 0.0008, 0.0008, 0.0008, 0.0008, 0.0943, 0.0943, 0.0943, 0.0943, 0.0943, 0.0943, 0.0943, 0.0943, 0.0943, 0.0943, 0.0008, 0.0008, 0.0008, 0.0008, 0.0008, 0.0008, 0.0008, 0.0008, 0.0008, 0.0008, 0.0008, 0.0008, 0.0008, 0.0008, 0.0008, 0.0008, 0.0008, 0.0008, 0.0008, 0.0008, 0.0009, 0.0009, 0.0009, 0.0009, 0.0009, 0.0009, 0.0009, 0.0009, 0.0009, 0.0009, 0.0858, 0.0858, 0.0858, 0.0858, 0.0858, 0.0858, 0.0858, 0.0858, 0.0858, 0.0858, 0.0009, 0.0009, 0.0009, 0.0009, 0.0009, 0.0009, 0.0009, 0.0009, 0.0009, 0.0009, 0.0903, 0.0903, 0.0903, 0.0903, 0.0903, 0.0903, 0.0903, 0.0903, 0.0903, 0.0903, 0.0011, 0.0011, 0.0011, 0.0011, 0.0011, 0.0011, 0.0011, 0.0011, 0.0011, 0.0011, 0.0008, 0.0008, 0.0008, 0.0008, 0.0008, 0.0008, 0.0008, 0.0008, 0.0008, 0.0008, 0.0009, 0.0009, 0.0009, 0.0009, 0.0009, 0.0009, 0.0009, 0.0009, 0.0009, 0.0009, 0.0008, 0.0008, 0.0008, 0.0008, 0.0008, 0.0008, 0.0008, 0.0008, 0.0008, 0.0008, 0.0009, 0.0009, 0.0009, 0.0009, 0.0009, 0.0009, 0.0009, 0.0009, 0.0009, 0.0009, 0.108, 0.108, 0.108, 0.108, 0.108, 0.108, 0.108, 0.108, 0.108, 0.108, 0.0009, 0.0009, 0.0009, 0.0009, 0.0009, 0.0009, 0.0009, 0.0009, 0.0009, 0.0009, 0.0009, 0.0009, 0.0009, 0.0009, 0.0009, 0.0009, 0.0009, 0.0009, 0.0009, 0.0009, 0.0008, 0.0008, 0.0008, 0.0008, 0.0008, 0.0008, 0.0008, 0.0008, 0.0008, 0.0008, 0.0008, 0.0008, 0.0008, 0.0008, 0.0008, 0.0008, 0.0008, 0.0008, 0.0008, 0.0008, 0.0008, 0.0008, 0.0008, 0.0008, 0.0008, 0.0008, 0.0008, 0.0008, 0.0008, 0.0008, 0.0886, 0.0886, 0.0886, 0.0886, 0.0886, 0.0886, 0.0886, 0.0886, 0.0886, 0.0886, 0.0008, 0.0008, 0.0008, 0.0008, 0.0008, 0.0008, 0.0008, 0.0008, 0.0008, 0.0008, 0.1116, 0.1116, 0.1116, 0.1116, 0.1116, 0.1116, 0.1116, 0.1116, 0.1116, 0.1116, 0.001, 0.001, 0.001, 0.001, 0.001, 0.001, 0.001, 0.001, 0.001, 0.001, 0.001, 0.001, 0.001, 0.001, 0.001, 0.001, 0.001, 0.001, 0.001, 0.001, 0.0009, 0.0009, 0.0009, 0.0009, 0.0009, 0.0009, 0.0009, 0.0009, 0.0009, 0.0009, 0.0008, 0.0008, 0.0008, 0.0008, 0.0008, 0.0008, 0.0008, 0.0008, 0.0008, 0.0008, 0.1101, 0.1101, 0.1101, 0.1101, 0.1101, 0.1101, 0.1101, 0.1101, 0.1101, 0.1101, 0.1143, 0.1143, 0.1143, 0.1143, 0.1143, 0.1143, 0.1143, 0.1143, 0.1143, 0.1143, 0.0008, 0.0008, 0.0008, 0.0008, 0.0008, 0.0008, 0.0008, 0.0008, 0.0008, 0.0008, 0.0008, 0.0008, 0.0008, 0.0008, 0.0008, 0.0008, 0.0008, 0.0008, 0.0008, 0.0008, 0.0119, 0.0119, 0.0119, 0.0119, 0.0119, 0.0119, 0.0119, 0.0119, 0.0119, 0.0119, 0.0008, 0.0008, 0.0008, 0.0008, 0.0008, 0.0008, 0.0008, 0.0008, 0.0008, 0.0008, 0.0009, 0.0009, 0.0009, 0.0009, 0.0009, 0.0009, 0.0009, 0.0009, 0.0009, 0.0009, 0.2113, 0.2113, 0.2113, 0.2113, 0.2113, 0.2113, 0.2113, 0.2113, 0.2113, 0.2113, 0.0009, 0.0009, 0.0009, 0.0009, 0.0009, 0.0009, 0.0009, 0.0009, 0.0009, 0.0009, 0.0876, 0.0876, 0.0876, 0.0876, 0.0876, 0.0876, 0.0876, 0.0876, 0.0876, 0.0876, 0.001, 0.001, 0.001, 0.001, 0.001, 0.001, 0.001, 0.001, 0.001, 0.001, 0.001, 0.001, 0.001, 0.001, 0.001, 0.001, 0.001, 0.001, 0.001, 0.001, 0.0009, 0.0009, 0.0009, 0.0009, 0.0009, 0.0009, 0.0009, 0.0009, 0.0009, 0.0009, 0.001, 0.001, 0.001, 0.001, 0.001, 0.001, 0.001, 0.001, 0.001, 0.001, 0.0009, 0.0009, 0.0009, 0.0009, 0.0009, 0.0009, 0.0009, 0.0009, 0.0009, 0.0009, 0.0009, 0.0009, 0.0009, 0.0009, 0.0009, 0.0009, 0.0009, 0.0009, 0.0009, 0.0009, 0.0009, 0.0009, 0.0009, 0.0009, 0.0009, 0.0009, 0.0009, 0.0009, 0.0009, 0.0009, 0.0009, 0.0009, 0.0009, 0.0009, 0.0009, 0.0009, 0.0009, 0.0009, 0.0009, 0.0009, 0.001, 0.001, 0.001, 0.001, 0.001, 0.001, 0.001, 0.001, 0.001, 0.001, 0.0008, 0.0008, 0.0008, 0.0008, 0.0008, 0.0008, 0.0008, 0.0008, 0.0008, 0.0008, 0.0008, 0.0008, 0.0008, 0.0008, 0.0008, 0.0008, 0.0008, 0.0008, 0.0008, 0.0008, 0.0008, 0.0008, 0.0008, 0.0008, 0.0008, 0.0008, 0.0008, 0.0008, 0.0008, 0.0008, 0.0015, 0.0015, 0.0015, 0.0015, 0.0015, 0.0015, 0.0015, 0.0015, 0.0015, 0.0015, 0.0008, 0.0008, 0.0008, 0.0008, 0.0008, 0.0008, 0.0008, 0.0008, 0.0008, 0.0008, 0.1045, 0.1045, 0.1045, 0.1045, 0.1045, 0.1045, 0.1045, 0.1045, 0.1045, 0.1045, 0.1513, 0.1513, 0.1513, 0.1513, 0.1513, 0.1513, 0.1513, 0.1513, 0.1513, 0.1513, 0.0019, 0.0019, 0.0019, 0.0019, 0.0019, 0.0019, 0.0019, 0.0019, 0.0019, 0.0019, 0.1047, 0.1047, 0.1047, 0.1047, 0.1047, 0.1047, 0.1047, 0.1047, 0.1047, 0.1047, 0.0651, 0.0651, 0.0651, 0.0651, 0.0651, 0.0651, 0.0651, 0.0651, 0.0651, 0.0651, 0.0009, 0.0009, 0.0009, 0.0009, 0.0009, 0.0009, 0.0009, 0.0009, 0.0009, 0.0009, 0.0008, 0.0008, 0.0008, 0.0008, 0.0008, 0.0008, 0.0008, 0.0008, 0.0008, 0.0008, 0.0009, 0.0009, 0.0009, 0.0009, 0.0009, 0.0009, 0.0008, 0.0008, 0.0008, 0.0008, 0.0008, 0.0008, 0.0008, 0.0008, 0.0008, 0.0008, 0.0009, 0.0009, 0.0009, 0.0009, 0.0009, 0.0009, 0.0009, 0.0009, 0.0009, 0.0009, 0.0008, 0.0008, 0.0008, 0.0008, 0.0008, 0.0008, 0.0008, 0.0008, 0.0008, 0.0008, 0.0008, 0.0008, 0.0008, 0.0008, 0.0008, 0.0008, 0.0008, 0.0008, 0.0008, 0.0008, 0.0008, 0.0008, 0.0008, 0.0008, 0.0008, 0.0008, 0.0008, 0.0008, 0.0008, 0.0008, 0.0008, 0.0008, 0.0008, 0.0008, 0.0008, 0.0008, 0.0008, 0.0008, 0.0008, 0.0008, 0.0008, 0.0008, 0.0008, 0.0008, 0.0008, 0.0008, 0.0008, 0.0008, 0.0008, 0.0008, 0.0008, 0.0008, 0.0008, 0.0008, 0.0008, 0.0008, 0.0008, 0.0008, 0.0008, 0.0008, 0.0008, 0.0008, 0.0008, 0.0008, 0.0008, 0.0008, 0.0008, 0.0008, 0.0008, 0.0008, 0.0007, 0.0007, 0.0007, 0.0007, 0.0007, 0.0007, 0.0007, 0.0007, 0.0007, 0.0007, 0.1017, 0.1017, 0.1017, 0.1017, 0.1017, 0.1017, 0.1017, 0.1017, 0.1017, 0.1017, 0.0007, 0.0007, 0.0007, 0.0007, 0.0007, 0.0007, 0.0007, 0.0007, 0.0007, 0.0007, 0.0908, 0.0908, 0.0908, 0.0908, 0.0908, 0.0908, 0.0908, 0.0908, 0.0908, 0.0908, 0.1118, 0.1118, 0.1118, 0.1118, 0.1118, 0.1118, 0.1118, 0.1118, 0.1118, 0.1118, 0.001, 0.001, 0.001, 0.001, 0.001, 0.001, 0.001, 0.001, 0.001, 0.001, 0.0008, 0.0008, 0.0008, 0.0008, 0.0008, 0.0008, 0.0008, 0.0008, 0.0008, 0.0008, 0.0008, 0.0008, 0.0008, 0.0008, 0.0008, 0.0008, 0.0008, 0.0008, 0.0008, 0.0008, 0.1094, 0.1094, 0.1094, 0.1094, 0.1094, 0.1094, 0.1094, 0.1094, 0.1094, 0.1094, 0.1068, 0.1068, 0.1068, 0.1068, 0.1068, 0.1068, 0.1068, 0.1068, 0.1068, 0.1068, 0.0008, 0.0008, 0.0008, 0.0008, 0.0008, 0.0008, 0.0008, 0.0008, 0.0008, 0.0008, 0.0008, 0.0008, 0.0008, 0.0008, 0.0008, 0.0008, 0.0008, 0.0008, 0.0008, 0.0008, 0.1043, 0.1043, 0.1043, 0.1043, 0.1043, 0.1043, 0.1043, 0.1043, 0.1043, 0.1043, 0.0008, 0.0008, 0.0008, 0.0008, 0.0008, 0.0008, 0.0008, 0.0008, 0.0008, 0.0008, 0.0008, 0.0008, 0.0008, 0.0008, 0.0008, 0.0008, 0.0008, 0.0008, 0.0008, 0.0008, 0.0008, 0.0008, 0.0008, 0.0008, 0.0008, 0.0008, 0.0008, 0.0008, 0.0008, 0.0008, 0.0008, 0.0008, 0.0008, 0.0008, 0.0008, 0.0008, 0.0008, 0.0008, 0.0008, 0.0008, 0.1102, 0.1102, 0.1102, 0.1102, 0.1102, 0.1102, 0.1102, 0.1102, 0.1102, 0.1102, 0.0008, 0.0008, 0.0008, 0.0008, 0.0008, 0.0008, 0.0008, 0.0008, 0.0008, 0.0008, 0.0958, 0.0958, 0.0958, 0.0958, 0.0958, 0.0958, 0.0958, 0.0958, 0.0958, 0.0958, 0.1172, 0.1172, 0.1172, 0.1172, 0.1172, 0.1172, 0.1172, 0.1172, 0.1172, 0.1172, 0.0009, 0.0009, 0.0009, 0.0009, 0.0009, 0.0009, 0.0009, 0.0009, 0.0009, 0.0009, 0.0016, 0.0016, 0.0016, 0.0016, 0.0016, 0.0016, 0.0016, 0.0016, 0.0016, 0.0016, 0.0009, 0.0009, 0.0009, 0.0009, 0.0009, 0.0009, 0.0009, 0.0009, 0.0009, 0.0009, 0.0008, 0.0008, 0.0008, 0.0008, 0.0008, 0.0008, 0.0008, 0.0008, 0.0008, 0.0008, 0.0009, 0.0009, 0.0009, 0.0009, 0.0009, 0.0009, 0.0009, 0.0009, 0.0009, 0.0009, 0.0008, 0.0008, 0.0008, 0.0008, 0.0008, 0.0008, 0.0008, 0.0008, 0.0008, 0.0008, 0.0009, 0.0009, 0.0009, 0.0009, 0.0009, 0.0009, 0.0009, 0.0009, 0.0009, 0.0009, 0.0977, 0.0977, 0.0977, 0.0977, 0.0977, 0.0977, 0.0977, 0.0977, 0.0977, 0.0977, 0.0008, 0.0008, 0.0008, 0.0008, 0.0008, 0.0008, 0.0008, 0.0008, 0.0008, 0.0008, 0.0009, 0.0009, 0.0009, 0.0009, 0.0009, 0.0009, 0.0009, 0.0009, 0.0009, 0.0009, 0.0009, 0.0009, 0.0009, 0.0009, 0.0009, 0.0009, 0.0009, 0.0009, 0.0009, 0.0009, 0.0008, 0.0008, 0.0008, 0.0008, 0.0008, 0.0008, 0.0008, 0.0008, 0.0008, 0.0008, 0.0009, 0.0009, 0.0009, 0.0009, 0.0009, 0.0009, 0.0009, 0.0009, 0.0009, 0.0009, 0.0009, 0.0009, 0.0009, 0.0009, 0.0009, 0.0009, 0.0009, 0.0009, 0.0009, 0.0009, 0.0009, 0.0009, 0.0009, 0.0009, 0.0009, 0.0009, 0.0009, 0.0009, 0.0009, 0.0009, 0.0008, 0.0008, 0.0008, 0.0008, 0.0008, 0.0008, 0.0008, 0.0008, 0.0008, 0.0008, 0.0008, 0.0008, 0.0008, 0.0008, 0.0008, 0.0008, 0.0008, 0.0008, 0.0008, 0.0008, 0.0008, 0.0008, 0.0008, 0.0008, 0.0008, 0.0008, 0.0008, 0.0008, 0.0008, 0.0008, 0.0008, 0.0008, 0.0008, 0.0008, 0.0008, 0.0008, 0.0008, 0.0008, 0.0008, 0.0008, 0.0696, 0.0696, 0.0696, 0.0696, 0.0696, 0.0696, 0.0696, 0.0696, 0.0696, 0.0696, 0.0008, 0.0008, 0.0008, 0.0008, 0.0008, 0.0008, 0.0008, 0.0008, 0.0008, 0.0008, 0.0009, 0.0009, 0.0009, 0.0009, 0.0009, 0.0009, 0.0009, 0.0009, 0.0009, 0.0009, 0.0008, 0.0008, 0.0008, 0.0008, 0.0008, 0.0008, 0.0008, 0.0008, 0.0008, 0.0008, 0.0009, 0.0009, 0.0009, 0.0009, 0.0009, 0.0009, 0.0009, 0.0009, 0.0009, 0.0009, 0.0008, 0.0008, 0.0008, 0.0008, 0.0008, 0.0008, 0.0008, 0.0008, 0.0008, 0.0008, 0.0007, 0.0007, 0.0007, 0.0007, 0.0007, 0.0007, 0.0007, 0.0007, 0.0007, 0.0007, 0.0007, 0.0007, 0.0007, 0.0007, 0.0007, 0.0007, 0.0007, 0.0007, 0.0007, 0.0007, 0.0008, 0.0008, 0.0008, 0.0008, 0.0008, 0.0008, 0.0008, 0.0008, 0.0008, 0.0008, 0.0008, 0.0008, 0.0008, 0.0008, 0.0008, 0.0008, 0.0008, 0.0008, 0.0008, 0.0008, 0.0911, 0.0911, 0.0911, 0.0911, 0.0911, 0.0911, 0.0911, 0.0911, 0.0911, 0.0911, 0.0007, 0.0007, 0.0007, 0.0007, 0.0007, 0.0007, 0.0007, 0.0007, 0.0007, 0.0007, 0.0949, 0.0949, 0.0949, 0.0949, 0.0949, 0.0949, 0.0949, 0.0949, 0.0949, 0.0949, 0.0007, 0.0007, 0.0007, 0.0007, 0.0007, 0.0007, 0.0007, 0.0007, 0.0007, 0.0007, 0.0008, 0.0008, 0.0008, 0.0008, 0.0008, 0.0008, 0.0008, 0.0008, 0.0008, 0.0008, 0.0235, 0.0235, 0.0235, 0.0235, 0.0235, 0.0235, 0.0235, 0.0235, 0.0235, 0.0235, 0.0007, 0.0007, 0.0007, 0.0007, 0.0007, 0.0007, 0.0007, 0.0007, 0.0007, 0.0007, 0.0008, 0.0008, 0.0008, 0.0008, 0.0008, 0.0008, 0.0008, 0.0008, 0.0008, 0.0008, 0.0007, 0.0007, 0.0007, 0.0007, 0.0007, 0.0007, 0.0007, 0.0007, 0.0007, 0.0007, 0.1102, 0.1102, 0.1102, 0.1102, 0.1102, 0.1102, 0.1102, 0.1102, 0.1102, 0.1102, 0.1083, 0.1083, 0.1083, 0.1083, 0.1083, 0.1083, 0.1083, 0.1083, 0.1083, 0.1083, 0.0008, 0.0008, 0.0008, 0.0008, 0.0008, 0.0008, 0.0008, 0.0008, 0.0008, 0.0008, 0.0008, 0.0008, 0.0008, 0.0008, 0.0008, 0.0008, 0.0008, 0.0008, 0.0008, 0.0008, 0.1067, 0.1067, 0.1067, 0.1067, 0.1067, 0.1067, 0.1067, 0.1067, 0.1067, 0.1067, 0.0007, 0.0007, 0.0007, 0.0007, 0.0007, 0.0007, 0.0007, 0.0007, 0.0007, 0.0007, 0.0008, 0.0008, 0.0008, 0.0008, 0.0008, 0.0008, 0.0008, 0.0008, 0.0008, 0.0008, 0.0008, 0.0008, 0.0008, 0.0008, 0.0008, 0.0008, 0.0008, 0.0008, 0.0008, 0.0008, 0.0008, 0.0008, 0.0008, 0.0008, 0.0008, 0.0008, 0.0008, 0.0008, 0.0008, 0.0008, 0.0008, 0.0008, 0.0008, 0.0008, 0.0008, 0.0008, 0.0008, 0.0008, 0.0008, 0.0008, 0.0007, 0.0007, 0.0007, 0.0007, 0.0007, 0.0007, 0.0007, 0.0007, 0.0007, 0.0007, 0.0876, 0.0876, 0.0876, 0.0876, 0.0876, 0.0876, 0.0876, 0.0876, 0.0876, 0.0876, 0.0008, 0.0008, 0.0008, 0.0008, 0.0008, 0.0008, 0.0008, 0.0008, 0.0008, 0.0008]
Validation Loss:
[0.407039076089859, 0.2822359800338745, 0.3703840970993042, 0.2923107147216797, 0.3162570595741272, 0.3994232416152954, 0.35570746660232544, 0.3888954818248749, 0.38774436712265015, 0.3594258725643158]
Train, Validation, Test split:
Train: 6506
Validation: 1836
Test: 927
