Accuracy: 0.9526493799323562
Classification Report:
                                          precision    recall  f1-score   support

                         2ndMill-1stHalf       0.93      0.93      0.93        27
                         2ndMill-2ndHalf       0.97      0.91      0.94       170
                     Hellenistic onwards       0.91      0.86      0.88        91
Neo-Assyrian; Neo-Babylonian; Achaemenid       0.96      0.98      0.97       599

                                accuracy                           0.95       887
                               macro avg       0.94      0.92      0.93       887
                            weighted avg       0.95      0.95      0.95       887

Training Loss:
[1.4517, 1.4517, 1.4517, 1.4517, 1.4517, 1.4517, 1.4517, 1.4517, 1.4517, 1.4517, 1.3406, 1.3406, 1.3406, 1.3406, 1.3406, 1.3406, 1.3406, 1.3406, 1.3406, 1.3406, 1.2759, 1.2759, 1.2759, 1.2759, 1.2759, 1.2759, 1.2759, 1.2759, 1.2759, 1.2759, 1.136, 1.136, 1.136, 1.136, 1.136, 1.136, 1.136, 1.136, 1.136, 1.136, 1.1199, 1.1199, 1.1199, 1.1199, 1.1199, 1.1199, 1.1199, 1.1199, 1.1199, 1.1199, 1.0746, 1.0746, 1.0746, 1.0746, 1.0746, 1.0746, 1.0746, 1.0746, 1.0746, 1.0746, 0.8981, 0.8981, 0.8981, 0.8981, 0.8981, 0.8981, 0.8981, 0.8981, 0.8981, 0.8981, 0.9785, 0.9785, 0.9785, 0.9785, 0.9785, 0.9785, 0.9785, 0.9785, 0.9785, 0.9785, 0.7916, 0.7916, 0.7916, 0.7916, 0.7916, 0.7916, 0.7916, 0.7916, 0.7916, 0.7916, 0.9982, 0.9982, 0.9982, 0.9982, 0.9982, 0.9982, 0.9982, 0.9982, 0.9982, 0.9982, 0.7358, 0.7358, 0.7358, 0.7358, 0.7358, 0.7358, 0.7358, 0.7358, 0.7358, 0.7358, 0.8272, 0.8272, 0.8272, 0.8272, 0.8272, 0.8272, 0.8272, 0.8272, 0.8272, 0.8272, 0.9789, 0.9789, 0.9789, 0.9789, 0.9789, 0.9789, 0.9789, 0.9789, 0.9789, 0.9789, 0.9031, 0.9031, 0.9031, 0.9031, 0.9031, 0.9031, 0.9031, 0.9031, 0.9031, 0.9031, 0.6937, 0.6937, 0.6937, 0.6937, 0.6937, 0.6937, 0.6937, 0.6937, 0.6937, 0.6937, 0.6614, 0.6614, 0.6614, 0.6614, 0.6614, 0.6614, 0.6614, 0.6614, 0.6614, 0.6614, 0.6407, 0.6407, 0.6407, 0.6407, 0.6407, 0.6407, 0.6407, 0.6407, 0.6407, 0.6407, 0.6613, 0.6613, 0.6613, 0.6613, 0.6613, 0.6613, 0.6613, 0.6613, 0.6613, 0.6613, 0.8097, 0.8097, 0.8097, 0.8097, 0.8097, 0.8097, 0.8097, 0.8097, 0.8097, 0.8097, 0.7839, 0.7839, 0.7839, 0.7839, 0.7839, 0.7839, 0.7839, 0.7839, 0.7839, 0.7839, 0.6896, 0.6896, 0.6896, 0.6896, 0.6896, 0.6896, 0.6896, 0.6896, 0.6896, 0.6896, 0.5168, 0.5168, 0.5168, 0.5168, 0.5168, 0.5168, 0.5168, 0.5168, 0.5168, 0.5168, 0.6535, 0.6535, 0.6535, 0.6535, 0.6535, 0.6535, 0.6535, 0.6535, 0.6535, 0.6535, 0.5546, 0.5546, 0.5546, 0.5546, 0.5546, 0.5546, 0.5546, 0.5546, 0.5546, 0.5546, 0.6409, 0.6409, 0.6409, 0.6409, 0.6409, 0.6409, 0.6409, 0.6409, 0.6409, 0.6409, 0.5246, 0.5246, 0.5246, 0.5246, 0.5246, 0.5246, 0.5246, 0.5246, 0.5246, 0.5246, 0.8221, 0.8221, 0.8221, 0.8221, 0.8221, 0.8221, 0.8221, 0.8221, 0.8221, 0.8221, 0.5723, 0.5723, 0.5723, 0.5723, 0.5723, 0.5723, 0.5723, 0.5723, 0.5723, 0.5723, 0.6293, 0.6293, 0.6293, 0.6293, 0.6293, 0.6293, 0.6293, 0.6293, 0.6293, 0.6293, 0.7976, 0.7976, 0.7976, 0.7976, 0.7976, 0.7976, 0.7976, 0.7976, 0.7976, 0.7976, 0.6865, 0.6865, 0.6865, 0.6865, 0.6865, 0.6865, 0.6865, 0.6865, 0.6865, 0.6865, 0.4308, 0.4308, 0.4308, 0.4308, 0.4308, 0.4308, 0.4308, 0.4308, 0.4308, 0.4308, 0.7079, 0.7079, 0.7079, 0.7079, 0.7079, 0.7079, 0.7079, 0.7079, 0.7079, 0.7079, 0.7212, 0.7212, 0.7212, 0.7212, 0.7212, 0.7212, 0.7212, 0.7212, 0.7212, 0.7212, 0.5848, 0.5848, 0.5848, 0.5848, 0.5848, 0.5848, 0.5848, 0.5848, 0.5848, 0.5848, 0.5297, 0.5297, 0.5297, 0.5297, 0.5297, 0.5297, 0.5297, 0.5297, 0.5297, 0.5297, 0.7005, 0.7005, 0.7005, 0.7005, 0.7005, 0.7005, 0.7005, 0.7005, 0.7005, 0.7005, 0.7746, 0.7746, 0.7746, 0.7746, 0.7746, 0.7746, 0.7746, 0.7746, 0.7746, 0.7746, 0.6395, 0.6395, 0.6395, 0.6395, 0.6395, 0.6395, 0.6395, 0.6395, 0.6395, 0.6395, 0.3425, 0.3425, 0.3425, 0.3425, 0.3425, 0.3425, 0.3425, 0.3425, 0.3425, 0.3425, 0.4355, 0.4355, 0.4355, 0.4355, 0.4355, 0.4355, 0.4355, 0.4355, 0.4355, 0.4355, 0.5013, 0.5013, 0.5013, 0.5013, 0.5013, 0.5013, 0.5013, 0.5013, 0.5013, 0.5013, 0.5995, 0.5995, 0.5995, 0.5995, 0.5995, 0.5995, 0.5995, 0.5995, 0.5995, 0.5995, 0.4781, 0.4781, 0.4781, 0.4781, 0.4781, 0.4781, 0.4781, 0.4781, 0.4781, 0.4781, 0.3548, 0.3548, 0.3548, 0.3548, 0.3548, 0.3548, 0.3548, 0.3548, 0.3548, 0.3548, 0.3671, 0.3671, 0.3671, 0.3671, 0.3671, 0.3671, 0.3671, 0.3671, 0.3671, 0.3671, 0.3759, 0.3759, 0.3759, 0.3759, 0.3759, 0.3759, 0.3759, 0.3759, 0.3759, 0.3759, 0.6905, 0.6905, 0.6905, 0.6905, 0.6905, 0.6905, 0.6905, 0.6905, 0.6905, 0.6905, 0.4931, 0.4931, 0.4931, 0.4931, 0.4931, 0.4931, 0.4931, 0.4931, 0.4931, 0.4931, 0.4932, 0.4932, 0.4932, 0.4932, 0.4932, 0.4932, 0.4932, 0.4932, 0.4932, 0.4932, 0.2948, 0.2948, 0.2948, 0.2948, 0.2948, 0.2948, 0.2948, 0.2948, 0.2948, 0.2948, 0.7252, 0.7252, 0.7252, 0.7252, 0.7252, 0.7252, 0.7252, 0.7252, 0.7252, 0.7252, 0.6334, 0.6334, 0.6334, 0.6334, 0.6334, 0.6334, 0.6334, 0.6334, 0.6334, 0.6334, 0.7232, 0.7232, 0.7232, 0.7232, 0.7232, 0.7232, 0.7232, 0.7232, 0.7232, 0.7232, 0.6726, 0.6726, 0.6726, 0.6726, 0.6726, 0.6726, 0.6726, 0.6726, 0.6726, 0.6726, 0.4636, 0.4636, 0.4636, 0.4636, 0.4636, 0.4636, 0.4636, 0.4636, 0.4636, 0.4636, 0.6168, 0.6168, 0.6168, 0.6168, 0.6168, 0.6168, 0.6168, 0.6168, 0.6168, 0.6168, 0.4538, 0.4538, 0.4538, 0.4538, 0.4538, 0.4538, 0.4538, 0.4538, 0.4538, 0.4538, 0.5521, 0.5521, 0.5521, 0.5521, 0.5521, 0.5521, 0.5521, 0.5521, 0.5521, 0.5521, 0.5993, 0.5993, 0.5993, 0.5993, 0.5993, 0.5993, 0.5993, 0.5993, 0.5993, 0.5993, 0.2887, 0.2887, 0.2887, 0.2887, 0.2887, 0.2887, 0.2887, 0.2887, 0.2887, 0.2887, 0.627, 0.627, 0.627, 0.627, 0.627, 0.627, 0.627, 0.627, 0.627, 0.627, 0.4582, 0.4582, 0.4582, 0.4582, 0.4582, 0.4582, 0.4582, 0.4582, 0.4582, 0.4582, 0.6192, 0.6192, 0.6192, 0.6192, 0.6192, 0.6192, 0.6192, 0.6192, 0.6192, 0.6192, 0.7104, 0.7104, 0.7104, 0.7104, 0.7104, 0.7104, 0.7104, 0.7104, 0.7104, 0.7104, 0.5269, 0.5269, 0.5269, 0.5269, 0.5269, 0.5269, 0.5269, 0.5269, 0.5269, 0.5269, 0.6075, 0.6075, 0.6075, 0.6075, 0.6075, 0.6075, 0.6075, 0.6075, 0.6075, 0.6075, 0.5187, 0.5187, 0.5187, 0.5187, 0.5187, 0.5187, 0.5187, 0.5187, 0.5187, 0.5187, 0.5773, 0.5773, 0.5773, 0.5773, 0.5773, 0.5773, 0.5773, 0.5773, 0.5773, 0.5773, 0.3298, 0.3298, 0.3298, 0.3298, 0.3298, 0.3298, 0.3298, 0.3298, 0.3298, 0.3298, 0.4569, 0.4569, 0.4569, 0.4569, 0.4569, 0.4569, 0.4569, 0.4569, 0.4569, 0.4569, 0.3591, 0.3591, 0.3591, 0.3591, 0.3591, 0.3591, 0.3591, 0.3591, 0.3591, 0.3591, 0.5093, 0.5093, 0.5093, 0.5093, 0.5093, 0.5093, 0.5093, 0.5093, 0.5093, 0.5093, 0.379, 0.379, 0.379, 0.379, 0.379, 0.379, 0.379, 0.379, 0.379, 0.379, 0.5245, 0.5245, 0.5245, 0.5245, 0.5245, 0.5245, 0.5245, 0.5245, 0.5245, 0.5245, 0.374, 0.374, 0.374, 0.374, 0.374, 0.374, 0.374, 0.374, 0.374, 0.374, 0.6894, 0.6894, 0.6894, 0.6894, 0.6894, 0.6894, 0.6894, 0.6894, 0.388, 0.388, 0.388, 0.388, 0.388, 0.388, 0.388, 0.388, 0.388, 0.388, 0.318, 0.318, 0.318, 0.318, 0.318, 0.318, 0.318, 0.318, 0.318, 0.318, 0.2864, 0.2864, 0.2864, 0.2864, 0.2864, 0.2864, 0.2864, 0.2864, 0.2864, 0.2864, 0.2795, 0.2795, 0.2795, 0.2795, 0.2795, 0.2795, 0.2795, 0.2795, 0.2795, 0.2795, 0.445, 0.445, 0.445, 0.445, 0.445, 0.445, 0.445, 0.445, 0.445, 0.445, 0.6032, 0.6032, 0.6032, 0.6032, 0.6032, 0.6032, 0.6032, 0.6032, 0.6032, 0.6032, 0.3304, 0.3304, 0.3304, 0.3304, 0.3304, 0.3304, 0.3304, 0.3304, 0.3304, 0.3304, 0.3712, 0.3712, 0.3712, 0.3712, 0.3712, 0.3712, 0.3712, 0.3712, 0.3712, 0.3712, 0.1074, 0.1074, 0.1074, 0.1074, 0.1074, 0.1074, 0.1074, 0.1074, 0.1074, 0.1074, 0.4996, 0.4996, 0.4996, 0.4996, 0.4996, 0.4996, 0.4996, 0.4996, 0.4996, 0.4996, 0.2859, 0.2859, 0.2859, 0.2859, 0.2859, 0.2859, 0.2859, 0.2859, 0.2859, 0.2859, 0.1759, 0.1759, 0.1759, 0.1759, 0.1759, 0.1759, 0.1759, 0.1759, 0.1759, 0.1759, 0.4414, 0.4414, 0.4414, 0.4414, 0.4414, 0.4414, 0.4414, 0.4414, 0.4414, 0.4414, 0.1638, 0.1638, 0.1638, 0.1638, 0.1638, 0.1638, 0.1638, 0.1638, 0.1638, 0.1638, 0.524, 0.524, 0.524, 0.524, 0.524, 0.524, 0.524, 0.524, 0.524, 0.524, 0.2456, 0.2456, 0.2456, 0.2456, 0.2456, 0.2456, 0.2456, 0.2456, 0.2456, 0.2456, 0.7241, 0.7241, 0.7241, 0.7241, 0.7241, 0.7241, 0.7241, 0.7241, 0.7241, 0.7241, 0.6558, 0.6558, 0.6558, 0.6558, 0.6558, 0.6558, 0.6558, 0.6558, 0.6558, 0.6558, 0.3191, 0.3191, 0.3191, 0.3191, 0.3191, 0.3191, 0.3191, 0.3191, 0.3191, 0.3191, 0.1753, 0.1753, 0.1753, 0.1753, 0.1753, 0.1753, 0.1753, 0.1753, 0.1753, 0.1753, 0.2444, 0.2444, 0.2444, 0.2444, 0.2444, 0.2444, 0.2444, 0.2444, 0.2444, 0.2444, 0.0874, 0.0874, 0.0874, 0.0874, 0.0874, 0.0874, 0.0874, 0.0874, 0.0874, 0.0874, 0.4736, 0.4736, 0.4736, 0.4736, 0.4736, 0.4736, 0.4736, 0.4736, 0.4736, 0.4736, 0.343, 0.343, 0.343, 0.343, 0.343, 0.343, 0.343, 0.343, 0.343, 0.343, 0.4043, 0.4043, 0.4043, 0.4043, 0.4043, 0.4043, 0.4043, 0.4043, 0.4043, 0.4043, 0.3261, 0.3261, 0.3261, 0.3261, 0.3261, 0.3261, 0.3261, 0.3261, 0.3261, 0.3261, 0.3561, 0.3561, 0.3561, 0.3561, 0.3561, 0.3561, 0.3561, 0.3561, 0.3561, 0.3561, 0.5265, 0.5265, 0.5265, 0.5265, 0.5265, 0.5265, 0.5265, 0.5265, 0.5265, 0.5265, 0.4016, 0.4016, 0.4016, 0.4016, 0.4016, 0.4016, 0.4016, 0.4016, 0.4016, 0.4016, 0.331, 0.331, 0.331, 0.331, 0.331, 0.331, 0.331, 0.331, 0.331, 0.331, 0.4263, 0.4263, 0.4263, 0.4263, 0.4263, 0.4263, 0.4263, 0.4263, 0.4263, 0.4263, 0.8014, 0.8014, 0.8014, 0.8014, 0.8014, 0.8014, 0.8014, 0.8014, 0.8014, 0.8014, 0.3959, 0.3959, 0.3959, 0.3959, 0.3959, 0.3959, 0.3959, 0.3959, 0.3959, 0.3959, 0.2526, 0.2526, 0.2526, 0.2526, 0.2526, 0.2526, 0.2526, 0.2526, 0.2526, 0.2526, 0.5413, 0.5413, 0.5413, 0.5413, 0.5413, 0.5413, 0.5413, 0.5413, 0.5413, 0.5413, 0.2741, 0.2741, 0.2741, 0.2741, 0.2741, 0.2741, 0.2741, 0.2741, 0.2741, 0.2741, 0.3943, 0.3943, 0.3943, 0.3943, 0.3943, 0.3943, 0.3943, 0.3943, 0.3943, 0.3943, 0.3523, 0.3523, 0.3523, 0.3523, 0.3523, 0.3523, 0.3523, 0.3523, 0.3523, 0.3523, 0.5192, 0.5192, 0.5192, 0.5192, 0.5192, 0.5192, 0.5192, 0.5192, 0.5192, 0.5192, 0.5741, 0.5741, 0.5741, 0.5741, 0.5741, 0.5741, 0.5741, 0.5741, 0.5741, 0.5741, 0.385, 0.385, 0.385, 0.385, 0.385, 0.385, 0.385, 0.385, 0.385, 0.385, 0.2728, 0.2728, 0.2728, 0.2728, 0.2728, 0.2728, 0.2728, 0.2728, 0.2728, 0.2728, 0.7903, 0.7903, 0.7903, 0.7903, 0.7903, 0.7903, 0.7903, 0.7903, 0.7903, 0.7903, 0.2568, 0.2568, 0.2568, 0.2568, 0.2568, 0.2568, 0.2568, 0.2568, 0.2568, 0.2568, 0.3736, 0.3736, 0.3736, 0.3736, 0.3736, 0.3736, 0.3736, 0.3736, 0.3736, 0.3736, 0.2936, 0.2936, 0.2936, 0.2936, 0.2936, 0.2936, 0.2936, 0.2936, 0.2936, 0.2936, 0.1749, 0.1749, 0.1749, 0.1749, 0.1749, 0.1749, 0.1749, 0.1749, 0.1749, 0.1749, 0.3341, 0.3341, 0.3341, 0.3341, 0.3341, 0.3341, 0.3341, 0.3341, 0.3341, 0.3341, 0.4533, 0.4533, 0.4533, 0.4533, 0.4533, 0.4533, 0.4533, 0.4533, 0.4533, 0.4533, 0.4086, 0.4086, 0.4086, 0.4086, 0.4086, 0.4086, 0.4086, 0.4086, 0.4086, 0.4086, 0.4318, 0.4318, 0.4318, 0.4318, 0.4318, 0.4318, 0.4318, 0.4318, 0.4318, 0.4318, 0.2257, 0.2257, 0.2257, 0.2257, 0.2257, 0.2257, 0.2257, 0.2257, 0.2257, 0.2257, 0.5444, 0.5444, 0.5444, 0.5444, 0.5444, 0.5444, 0.5444, 0.5444, 0.5444, 0.5444, 0.4662, 0.4662, 0.4662, 0.4662, 0.4662, 0.4662, 0.4662, 0.4662, 0.4662, 0.4662, 0.2688, 0.2688, 0.2688, 0.2688, 0.2688, 0.2688, 0.2688, 0.2688, 0.2688, 0.2688, 0.4909, 0.4909, 0.4909, 0.4909, 0.4909, 0.4909, 0.4909, 0.4909, 0.4909, 0.4909, 0.3083, 0.3083, 0.3083, 0.3083, 0.3083, 0.3083, 0.3083, 0.3083, 0.3083, 0.3083, 0.37, 0.37, 0.37, 0.37, 0.37, 0.37, 0.37, 0.37, 0.37, 0.37, 0.1828, 0.1828, 0.1828, 0.1828, 0.1828, 0.1828, 0.1828, 0.1828, 0.1828, 0.1828, 0.3337, 0.3337, 0.3337, 0.3337, 0.3337, 0.3337, 0.3337, 0.3337, 0.3337, 0.3337, 0.3214, 0.3214, 0.3214, 0.3214, 0.3214, 0.3214, 0.3214, 0.3214, 0.3214, 0.3214, 0.229, 0.229, 0.229, 0.229, 0.229, 0.229, 0.229, 0.229, 0.229, 0.229, 0.3381, 0.3381, 0.3381, 0.3381, 0.3381, 0.3381, 0.3381, 0.3381, 0.3381, 0.3381, 0.1655, 0.1655, 0.1655, 0.1655, 0.1655, 0.1655, 0.1655, 0.1655, 0.1655, 0.1655, 0.3373, 0.3373, 0.3373, 0.3373, 0.3373, 0.3373, 0.3373, 0.3373, 0.3373, 0.3373, 0.2506, 0.2506, 0.2506, 0.2506, 0.2506, 0.2506, 0.2506, 0.2506, 0.2506, 0.2506, 0.4984, 0.4984, 0.4984, 0.4984, 0.4984, 0.4984, 0.4984, 0.4984, 0.4984, 0.4984, 0.1293, 0.1293, 0.1293, 0.1293, 0.1293, 0.1293, 0.1293, 0.1293, 0.1293, 0.1293, 0.1877, 0.1877, 0.1877, 0.1877, 0.1877, 0.1877, 0.1877, 0.1877, 0.1877, 0.1877, 0.4209, 0.4209, 0.4209, 0.4209, 0.4209, 0.4209, 0.4209, 0.4209, 0.4209, 0.4209, 0.6005, 0.6005, 0.6005, 0.6005, 0.6005, 0.6005, 0.6005, 0.6005, 0.6005, 0.6005, 0.3474, 0.3474, 0.3474, 0.3474, 0.3474, 0.3474, 0.3474, 0.3474, 0.3474, 0.3474, 0.3749, 0.3749, 0.3749, 0.3749, 0.3749, 0.3749, 0.3749, 0.3749, 0.3749, 0.3749, 0.358, 0.358, 0.358, 0.358, 0.358, 0.358, 0.358, 0.358, 0.358, 0.358, 0.4467, 0.4467, 0.4467, 0.4467, 0.4467, 0.4467, 0.4467, 0.4467, 0.4467, 0.4467, 0.2869, 0.2869, 0.2869, 0.2869, 0.2869, 0.2869, 0.2869, 0.2869, 0.2869, 0.2869, 0.3493, 0.3493, 0.3493, 0.3493, 0.3493, 0.3493, 0.3493, 0.3493, 0.3493, 0.3493, 0.2947, 0.2947, 0.2947, 0.2947, 0.2947, 0.2947, 0.1013, 0.1013, 0.1013, 0.1013, 0.1013, 0.1013, 0.1013, 0.1013, 0.1013, 0.1013, 0.2982, 0.2982, 0.2982, 0.2982, 0.2982, 0.2982, 0.2982, 0.2982, 0.2982, 0.2982, 0.324, 0.324, 0.324, 0.324, 0.324, 0.324, 0.324, 0.324, 0.324, 0.324, 0.3928, 0.3928, 0.3928, 0.3928, 0.3928, 0.3928, 0.3928, 0.3928, 0.3928, 0.3928, 0.059, 0.059, 0.059, 0.059, 0.059, 0.059, 0.059, 0.059, 0.059, 0.059, 0.3317, 0.3317, 0.3317, 0.3317, 0.3317, 0.3317, 0.3317, 0.3317, 0.3317, 0.3317, 0.3777, 0.3777, 0.3777, 0.3777, 0.3777, 0.3777, 0.3777, 0.3777, 0.3777, 0.3777, 0.2437, 0.2437, 0.2437, 0.2437, 0.2437, 0.2437, 0.2437, 0.2437, 0.2437, 0.2437, 0.296, 0.296, 0.296, 0.296, 0.296, 0.296, 0.296, 0.296, 0.296, 0.296, 0.4337, 0.4337, 0.4337, 0.4337, 0.4337, 0.4337, 0.4337, 0.4337, 0.4337, 0.4337, 0.7579, 0.7579, 0.7579, 0.7579, 0.7579, 0.7579, 0.7579, 0.7579, 0.7579, 0.7579, 0.3207, 0.3207, 0.3207, 0.3207, 0.3207, 0.3207, 0.3207, 0.3207, 0.3207, 0.3207, 0.4756, 0.4756, 0.4756, 0.4756, 0.4756, 0.4756, 0.4756, 0.4756, 0.4756, 0.4756, 0.1096, 0.1096, 0.1096, 0.1096, 0.1096, 0.1096, 0.1096, 0.1096, 0.1096, 0.1096, 0.2758, 0.2758, 0.2758, 0.2758, 0.2758, 0.2758, 0.2758, 0.2758, 0.2758, 0.2758, 0.329, 0.329, 0.329, 0.329, 0.329, 0.329, 0.329, 0.329, 0.329, 0.329, 0.1882, 0.1882, 0.1882, 0.1882, 0.1882, 0.1882, 0.1882, 0.1882, 0.1882, 0.1882, 0.4041, 0.4041, 0.4041, 0.4041, 0.4041, 0.4041, 0.4041, 0.4041, 0.4041, 0.4041, 0.3698, 0.3698, 0.3698, 0.3698, 0.3698, 0.3698, 0.3698, 0.3698, 0.3698, 0.3698, 0.4127, 0.4127, 0.4127, 0.4127, 0.4127, 0.4127, 0.4127, 0.4127, 0.4127, 0.4127, 0.3325, 0.3325, 0.3325, 0.3325, 0.3325, 0.3325, 0.3325, 0.3325, 0.3325, 0.3325, 0.2312, 0.2312, 0.2312, 0.2312, 0.2312, 0.2312, 0.2312, 0.2312, 0.2312, 0.2312, 0.0975, 0.0975, 0.0975, 0.0975, 0.0975, 0.0975, 0.0975, 0.0975, 0.0975, 0.0975, 0.2326, 0.2326, 0.2326, 0.2326, 0.2326, 0.2326, 0.2326, 0.2326, 0.2326, 0.2326, 0.4938, 0.4938, 0.4938, 0.4938, 0.4938, 0.4938, 0.4938, 0.4938, 0.4938, 0.4938, 0.3049, 0.3049, 0.3049, 0.3049, 0.3049, 0.3049, 0.3049, 0.3049, 0.3049, 0.3049, 0.1546, 0.1546, 0.1546, 0.1546, 0.1546, 0.1546, 0.1546, 0.1546, 0.1546, 0.1546, 0.1963, 0.1963, 0.1963, 0.1963, 0.1963, 0.1963, 0.1963, 0.1963, 0.1963, 0.1963, 0.5157, 0.5157, 0.5157, 0.5157, 0.5157, 0.5157, 0.5157, 0.5157, 0.5157, 0.5157, 0.347, 0.347, 0.347, 0.347, 0.347, 0.347, 0.347, 0.347, 0.347, 0.347, 0.0869, 0.0869, 0.0869, 0.0869, 0.0869, 0.0869, 0.0869, 0.0869, 0.0869, 0.0869, 0.1022, 0.1022, 0.1022, 0.1022, 0.1022, 0.1022, 0.1022, 0.1022, 0.1022, 0.1022, 0.3883, 0.3883, 0.3883, 0.3883, 0.3883, 0.3883, 0.3883, 0.3883, 0.3883, 0.3883, 0.1203, 0.1203, 0.1203, 0.1203, 0.1203, 0.1203, 0.1203, 0.1203, 0.1203, 0.1203, 0.2435, 0.2435, 0.2435, 0.2435, 0.2435, 0.2435, 0.2435, 0.2435, 0.2435, 0.2435, 0.3274, 0.3274, 0.3274, 0.3274, 0.3274, 0.3274, 0.3274, 0.3274, 0.3274, 0.3274, 0.4116, 0.4116, 0.4116, 0.4116, 0.4116, 0.4116, 0.4116, 0.4116, 0.4116, 0.4116, 0.2, 0.2, 0.2, 0.2, 0.2, 0.2, 0.2, 0.2, 0.2, 0.2, 0.2683, 0.2683, 0.2683, 0.2683, 0.2683, 0.2683, 0.2683, 0.2683, 0.2683, 0.2683, 0.2888, 0.2888, 0.2888, 0.2888, 0.2888, 0.2888, 0.2888, 0.2888, 0.2888, 0.2888, 0.4235, 0.4235, 0.4235, 0.4235, 0.4235, 0.4235, 0.4235, 0.4235, 0.4235, 0.4235, 0.2265, 0.2265, 0.2265, 0.2265, 0.2265, 0.2265, 0.2265, 0.2265, 0.2265, 0.2265, 0.235, 0.235, 0.235, 0.235, 0.235, 0.235, 0.235, 0.235, 0.235, 0.235, 0.2789, 0.2789, 0.2789, 0.2789, 0.2789, 0.2789, 0.2789, 0.2789, 0.2789, 0.2789, 0.1095, 0.1095, 0.1095, 0.1095, 0.1095, 0.1095, 0.1095, 0.1095, 0.1095, 0.1095, 0.465, 0.465, 0.465, 0.465, 0.465, 0.465, 0.465, 0.465, 0.465, 0.465, 0.2697, 0.2697, 0.2697, 0.2697, 0.2697, 0.2697, 0.2697, 0.2697, 0.2697, 0.2697, 0.2354, 0.2354, 0.2354, 0.2354, 0.2354, 0.2354, 0.2354, 0.2354, 0.2354, 0.2354, 0.2246, 0.2246, 0.2246, 0.2246, 0.2246, 0.2246, 0.2246, 0.2246, 0.2246, 0.2246, 0.3552, 0.3552, 0.3552, 0.3552, 0.3552, 0.3552, 0.3552, 0.3552, 0.3552, 0.3552, 0.317, 0.317, 0.317, 0.317, 0.317, 0.317, 0.317, 0.317, 0.317, 0.317, 0.1069, 0.1069, 0.1069, 0.1069, 0.1069, 0.1069, 0.1069, 0.1069, 0.1069, 0.1069, 0.181, 0.181, 0.181, 0.181, 0.181, 0.181, 0.181, 0.181, 0.181, 0.181, 0.0718, 0.0718, 0.0718, 0.0718, 0.0718, 0.0718, 0.0718, 0.0718, 0.0718, 0.0718, 0.4717, 0.4717, 0.4717, 0.4717, 0.4717, 0.4717, 0.4717, 0.4717, 0.4717, 0.4717, 0.2378, 0.2378, 0.2378, 0.2378, 0.2378, 0.2378, 0.2378, 0.2378, 0.2378, 0.2378, 0.4867, 0.4867, 0.4867, 0.4867, 0.4867, 0.4867, 0.4867, 0.4867, 0.4867, 0.4867, 0.226, 0.226, 0.226, 0.226, 0.226, 0.226, 0.226, 0.226, 0.226, 0.226, 0.1638, 0.1638, 0.1638, 0.1638, 0.1638, 0.1638, 0.1638, 0.1638, 0.1638, 0.1638, 0.2645, 0.2645, 0.2645, 0.2645, 0.2645, 0.2645, 0.2645, 0.2645, 0.2645, 0.2645, 0.2151, 0.2151, 0.2151, 0.2151, 0.2151, 0.2151, 0.2151, 0.2151, 0.2151, 0.2151, 0.2502, 0.2502, 0.2502, 0.2502, 0.2502, 0.2502, 0.2502, 0.2502, 0.2502, 0.2502, 0.3208, 0.3208, 0.3208, 0.3208, 0.3208, 0.3208, 0.3208, 0.3208, 0.3208, 0.3208, 0.1852, 0.1852, 0.1852, 0.1852, 0.1852, 0.1852, 0.1852, 0.1852, 0.1852, 0.1852, 0.2825, 0.2825, 0.2825, 0.2825, 0.2825, 0.2825, 0.2825, 0.2825, 0.2825, 0.2825, 0.0655, 0.0655, 0.0655, 0.0655, 0.0655, 0.0655, 0.0655, 0.0655, 0.0655, 0.0655, 0.3467, 0.3467, 0.3467, 0.3467, 0.3467, 0.3467, 0.3467, 0.3467, 0.3467, 0.3467, 0.1136, 0.1136, 0.1136, 0.1136, 0.1136, 0.1136, 0.1136, 0.1136, 0.1136, 0.1136, 0.1163, 0.1163, 0.1163, 0.1163, 0.1163, 0.1163, 0.1163, 0.1163, 0.1163, 0.1163, 0.3741, 0.3741, 0.3741, 0.3741, 0.3741, 0.3741, 0.3741, 0.3741, 0.3741, 0.3741, 0.3737, 0.3737, 0.3737, 0.3737, 0.3737, 0.3737, 0.3737, 0.3737, 0.3737, 0.3737, 0.5307, 0.5307, 0.5307, 0.5307, 0.5307, 0.5307, 0.5307, 0.5307, 0.5307, 0.5307, 0.4007, 0.4007, 0.4007, 0.4007, 0.4007, 0.4007, 0.4007, 0.4007, 0.4007, 0.4007, 0.2825, 0.2825, 0.2825, 0.2825, 0.2825, 0.2825, 0.2825, 0.2825, 0.2825, 0.2825, 0.4663, 0.4663, 0.4663, 0.4663, 0.4663, 0.4663, 0.4663, 0.4663, 0.4663, 0.4663, 0.2063, 0.2063, 0.2063, 0.2063, 0.2063, 0.2063, 0.2063, 0.2063, 0.2063, 0.2063, 0.2741, 0.2741, 0.2741, 0.2741, 0.2741, 0.2741, 0.2741, 0.2741, 0.2741, 0.2741, 0.3569, 0.3569, 0.3569, 0.3569, 0.0155, 0.0155, 0.0155, 0.0155, 0.0155, 0.0155, 0.0155, 0.0155, 0.0155, 0.0155, 0.1487, 0.1487, 0.1487, 0.1487, 0.1487, 0.1487, 0.1487, 0.1487, 0.1487, 0.1487, 0.2658, 0.2658, 0.2658, 0.2658, 0.2658, 0.2658, 0.2658, 0.2658, 0.2658, 0.2658, 0.4634, 0.4634, 0.4634, 0.4634, 0.4634, 0.4634, 0.4634, 0.4634, 0.4634, 0.4634, 0.2326, 0.2326, 0.2326, 0.2326, 0.2326, 0.2326, 0.2326, 0.2326, 0.2326, 0.2326, 0.4801, 0.4801, 0.4801, 0.4801, 0.4801, 0.4801, 0.4801, 0.4801, 0.4801, 0.4801, 0.3787, 0.3787, 0.3787, 0.3787, 0.3787, 0.3787, 0.3787, 0.3787, 0.3787, 0.3787, 0.2481, 0.2481, 0.2481, 0.2481, 0.2481, 0.2481, 0.2481, 0.2481, 0.2481, 0.2481, 0.2026, 0.2026, 0.2026, 0.2026, 0.2026, 0.2026, 0.2026, 0.2026, 0.2026, 0.2026, 0.1676, 0.1676, 0.1676, 0.1676, 0.1676, 0.1676, 0.1676, 0.1676, 0.1676, 0.1676, 0.0782, 0.0782, 0.0782, 0.0782, 0.0782, 0.0782, 0.0782, 0.0782, 0.0782, 0.0782, 0.1834, 0.1834, 0.1834, 0.1834, 0.1834, 0.1834, 0.1834, 0.1834, 0.1834, 0.1834, 0.1607, 0.1607, 0.1607, 0.1607, 0.1607, 0.1607, 0.1607, 0.1607, 0.1607, 0.1607, 0.5673, 0.5673, 0.5673, 0.5673, 0.5673, 0.5673, 0.5673, 0.5673, 0.5673, 0.5673, 0.1975, 0.1975, 0.1975, 0.1975, 0.1975, 0.1975, 0.1975, 0.1975, 0.1975, 0.1975, 0.0823, 0.0823, 0.0823, 0.0823, 0.0823, 0.0823, 0.0823, 0.0823, 0.0823, 0.0823, 0.3219, 0.3219, 0.3219, 0.3219, 0.3219, 0.3219, 0.3219, 0.3219, 0.3219, 0.3219, 0.2009, 0.2009, 0.2009, 0.2009, 0.2009, 0.2009, 0.2009, 0.2009, 0.2009, 0.2009, 0.2146, 0.2146, 0.2146, 0.2146, 0.2146, 0.2146, 0.2146, 0.2146, 0.2146, 0.2146, 0.0286, 0.0286, 0.0286, 0.0286, 0.0286, 0.0286, 0.0286, 0.0286, 0.0286, 0.0286, 0.2295, 0.2295, 0.2295, 0.2295, 0.2295, 0.2295, 0.2295, 0.2295, 0.2295, 0.2295, 0.4791, 0.4791, 0.4791, 0.4791, 0.4791, 0.4791, 0.4791, 0.4791, 0.4791, 0.4791, 0.3227, 0.3227, 0.3227, 0.3227, 0.3227, 0.3227, 0.3227, 0.3227, 0.3227, 0.3227, 0.2226, 0.2226, 0.2226, 0.2226, 0.2226, 0.2226, 0.2226, 0.2226, 0.2226, 0.2226, 0.346, 0.346, 0.346, 0.346, 0.346, 0.346, 0.346, 0.346, 0.346, 0.346, 0.2801, 0.2801, 0.2801, 0.2801, 0.2801, 0.2801, 0.2801, 0.2801, 0.2801, 0.2801, 0.1451, 0.1451, 0.1451, 0.1451, 0.1451, 0.1451, 0.1451, 0.1451, 0.1451, 0.1451, 0.1191, 0.1191, 0.1191, 0.1191, 0.1191, 0.1191, 0.1191, 0.1191, 0.1191, 0.1191, 0.2462, 0.2462, 0.2462, 0.2462, 0.2462, 0.2462, 0.2462, 0.2462, 0.2462, 0.2462, 0.3018, 0.3018, 0.3018, 0.3018, 0.3018, 0.3018, 0.3018, 0.3018, 0.3018, 0.3018, 0.3053, 0.3053, 0.3053, 0.3053, 0.3053, 0.3053, 0.3053, 0.3053, 0.3053, 0.3053, 0.095, 0.095, 0.095, 0.095, 0.095, 0.095, 0.095, 0.095, 0.095, 0.095, 0.2048, 0.2048, 0.2048, 0.2048, 0.2048, 0.2048, 0.2048, 0.2048, 0.2048, 0.2048, 0.2423, 0.2423, 0.2423, 0.2423, 0.2423, 0.2423, 0.2423, 0.2423, 0.2423, 0.2423, 0.1529, 0.1529, 0.1529, 0.1529, 0.1529, 0.1529, 0.1529, 0.1529, 0.1529, 0.1529, 0.2199, 0.2199, 0.2199, 0.2199, 0.2199, 0.2199, 0.2199, 0.2199, 0.2199, 0.2199, 0.0543, 0.0543, 0.0543, 0.0543, 0.0543, 0.0543, 0.0543, 0.0543, 0.0543, 0.0543, 0.2563, 0.2563, 0.2563, 0.2563, 0.2563, 0.2563, 0.2563, 0.2563, 0.2563, 0.2563, 0.2082, 0.2082, 0.2082, 0.2082, 0.2082, 0.2082, 0.2082, 0.2082, 0.2082, 0.2082, 0.3385, 0.3385, 0.3385, 0.3385, 0.3385, 0.3385, 0.3385, 0.3385, 0.3385, 0.3385, 0.1521, 0.1521, 0.1521, 0.1521, 0.1521, 0.1521, 0.1521, 0.1521, 0.1521, 0.1521, 0.2839, 0.2839, 0.2839, 0.2839, 0.2839, 0.2839, 0.2839, 0.2839, 0.2839, 0.2839, 0.0685, 0.0685, 0.0685, 0.0685, 0.0685, 0.0685, 0.0685, 0.0685, 0.0685, 0.0685, 0.1157, 0.1157, 0.1157, 0.1157, 0.1157, 0.1157, 0.1157, 0.1157, 0.1157, 0.1157, 0.059, 0.059, 0.059, 0.059, 0.059, 0.059, 0.059, 0.059, 0.059, 0.059, 0.0636, 0.0636, 0.0636, 0.0636, 0.0636, 0.0636, 0.0636, 0.0636, 0.0636, 0.0636, 0.0742, 0.0742, 0.0742, 0.0742, 0.0742, 0.0742, 0.0742, 0.0742, 0.0742, 0.0742, 0.3239, 0.3239, 0.3239, 0.3239, 0.3239, 0.3239, 0.3239, 0.3239, 0.3239, 0.3239, 0.3129, 0.3129, 0.3129, 0.3129, 0.3129, 0.3129, 0.3129, 0.3129, 0.3129, 0.3129, 0.1869, 0.1869, 0.1869, 0.1869, 0.1869, 0.1869, 0.1869, 0.1869, 0.1869, 0.1869, 0.2685, 0.2685, 0.2685, 0.2685, 0.2685, 0.2685, 0.2685, 0.2685, 0.2685, 0.2685, 0.3179, 0.3179, 0.3179, 0.3179, 0.3179, 0.3179, 0.3179, 0.3179, 0.3179, 0.3179, 0.2175, 0.2175, 0.2175, 0.2175, 0.2175, 0.2175, 0.2175, 0.2175, 0.2175, 0.2175, 0.0858, 0.0858, 0.0858, 0.0858, 0.0858, 0.0858, 0.0858, 0.0858, 0.0858, 0.0858, 0.0398, 0.0398, 0.0398, 0.0398, 0.0398, 0.0398, 0.0398, 0.0398, 0.0398, 0.0398, 0.1322, 0.1322, 0.1322, 0.1322, 0.1322, 0.1322, 0.1322, 0.1322, 0.1322, 0.1322, 0.3712, 0.3712, 0.3712, 0.3712, 0.3712, 0.3712, 0.3712, 0.3712, 0.3712, 0.3712, 0.1471, 0.1471, 0.1471, 0.1471, 0.1471, 0.1471, 0.1471, 0.1471, 0.1471, 0.1471, 0.1696, 0.1696, 0.1696, 0.1696, 0.1696, 0.1696, 0.1696, 0.1696, 0.1696, 0.1696, 0.3869, 0.3869, 0.3869, 0.3869, 0.3869, 0.3869, 0.3869, 0.3869, 0.3869, 0.3869, 0.1506, 0.1506, 0.1506, 0.1506, 0.1506, 0.1506, 0.1506, 0.1506, 0.1506, 0.1506, 0.2214, 0.2214, 0.2214, 0.2214, 0.2214, 0.2214, 0.2214, 0.2214, 0.2214, 0.2214, 0.0637, 0.0637, 0.0637, 0.0637, 0.0637, 0.0637, 0.0637, 0.0637, 0.0637, 0.0637, 0.2102, 0.2102, 0.2102, 0.2102, 0.2102, 0.2102, 0.2102, 0.2102, 0.2102, 0.2102, 0.264, 0.264, 0.264, 0.264, 0.264, 0.264, 0.264, 0.264, 0.264, 0.264, 0.0925, 0.0925, 0.0925, 0.0925, 0.0925, 0.0925, 0.0925, 0.0925, 0.0925, 0.0925, 0.573, 0.573, 0.573, 0.573, 0.573, 0.573, 0.573, 0.573, 0.573, 0.573, 0.3689, 0.3689, 0.3689, 0.3689, 0.3689, 0.3689, 0.3689, 0.3689, 0.3689, 0.3689, 0.1584, 0.1584, 0.1584, 0.1584, 0.1584, 0.1584, 0.1584, 0.1584, 0.1584, 0.1584, 0.0298, 0.0298, 0.0298, 0.0298, 0.0298, 0.0298, 0.0298, 0.0298, 0.0298, 0.0298, 0.2722, 0.2722, 0.2722, 0.2722, 0.2722, 0.2722, 0.2722, 0.2722, 0.2722, 0.2722, 0.0948, 0.0948, 0.0948, 0.0948, 0.0948, 0.0948, 0.0948, 0.0948, 0.0948, 0.0948, 0.1975, 0.1975, 0.1975, 0.1975, 0.1975, 0.1975, 0.1975, 0.1975, 0.1975, 0.1975, 0.226, 0.226, 0.226, 0.226, 0.226, 0.226, 0.226, 0.226, 0.226, 0.226, 0.4356, 0.4356, 0.4356, 0.4356, 0.4356, 0.4356, 0.4356, 0.4356, 0.4356, 0.4356, 0.2242, 0.2242, 0.2242, 0.2242, 0.2242, 0.2242, 0.2242, 0.2242, 0.2242, 0.2242, 0.3004, 0.3004, 0.3004, 0.3004, 0.3004, 0.3004, 0.3004, 0.3004, 0.3004, 0.3004, 0.0948, 0.0948, 0.1126, 0.1126, 0.1126, 0.1126, 0.1126, 0.1126, 0.1126, 0.1126, 0.1126, 0.1126, 0.2857, 0.2857, 0.2857, 0.2857, 0.2857, 0.2857, 0.2857, 0.2857, 0.2857, 0.2857, 0.1826, 0.1826, 0.1826, 0.1826, 0.1826, 0.1826, 0.1826, 0.1826, 0.1826, 0.1826, 0.2998, 0.2998, 0.2998, 0.2998, 0.2998, 0.2998, 0.2998, 0.2998, 0.2998, 0.2998, 0.1444, 0.1444, 0.1444, 0.1444, 0.1444, 0.1444, 0.1444, 0.1444, 0.1444, 0.1444, 0.0119, 0.0119, 0.0119, 0.0119, 0.0119, 0.0119, 0.0119, 0.0119, 0.0119, 0.0119, 0.1309, 0.1309, 0.1309, 0.1309, 0.1309, 0.1309, 0.1309, 0.1309, 0.1309, 0.1309, 0.1989, 0.1989, 0.1989, 0.1989, 0.1989, 0.1989, 0.1989, 0.1989, 0.1989, 0.1989, 0.423, 0.423, 0.423, 0.423, 0.423, 0.423, 0.423, 0.423, 0.423, 0.423, 0.167, 0.167, 0.167, 0.167, 0.167, 0.167, 0.167, 0.167, 0.167, 0.167, 0.1453, 0.1453, 0.1453, 0.1453, 0.1453, 0.1453, 0.1453, 0.1453, 0.1453, 0.1453, 0.0832, 0.0832, 0.0832, 0.0832, 0.0832, 0.0832, 0.0832, 0.0832, 0.0832, 0.0832, 0.0647, 0.0647, 0.0647, 0.0647, 0.0647, 0.0647, 0.0647, 0.0647, 0.0647, 0.0647, 0.0545, 0.0545, 0.0545, 0.0545, 0.0545, 0.0545, 0.0545, 0.0545, 0.0545, 0.0545, 0.1377, 0.1377, 0.1377, 0.1377, 0.1377, 0.1377, 0.1377, 0.1377, 0.1377, 0.1377, 0.1515, 0.1515, 0.1515, 0.1515, 0.1515, 0.1515, 0.1515, 0.1515, 0.1515, 0.1515, 0.468, 0.468, 0.468, 0.468, 0.468, 0.468, 0.468, 0.468, 0.468, 0.468, 0.1538, 0.1538, 0.1538, 0.1538, 0.1538, 0.1538, 0.1538, 0.1538, 0.1538, 0.1538, 0.1594, 0.1594, 0.1594, 0.1594, 0.1594, 0.1594, 0.1594, 0.1594, 0.1594, 0.1594, 0.5353, 0.5353, 0.5353, 0.5353, 0.5353, 0.5353, 0.5353, 0.5353, 0.5353, 0.5353, 0.4545, 0.4545, 0.4545, 0.4545, 0.4545, 0.4545, 0.4545, 0.4545, 0.4545, 0.4545, 0.2588, 0.2588, 0.2588, 0.2588, 0.2588, 0.2588, 0.2588, 0.2588, 0.2588, 0.2588, 0.0146, 0.0146, 0.0146, 0.0146, 0.0146, 0.0146, 0.0146, 0.0146, 0.0146, 0.0146, 0.149, 0.149, 0.149, 0.149, 0.149, 0.149, 0.149, 0.149, 0.149, 0.149, 0.0889, 0.0889, 0.0889, 0.0889, 0.0889, 0.0889, 0.0889, 0.0889, 0.0889, 0.0889, 0.0948, 0.0948, 0.0948, 0.0948, 0.0948, 0.0948, 0.0948, 0.0948, 0.0948, 0.0948, 0.0728, 0.0728, 0.0728, 0.0728, 0.0728, 0.0728, 0.0728, 0.0728, 0.0728, 0.0728, 0.3244, 0.3244, 0.3244, 0.3244, 0.3244, 0.3244, 0.3244, 0.3244, 0.3244, 0.3244, 0.1785, 0.1785, 0.1785, 0.1785, 0.1785, 0.1785, 0.1785, 0.1785, 0.1785, 0.1785, 0.1756, 0.1756, 0.1756, 0.1756, 0.1756, 0.1756, 0.1756, 0.1756, 0.1756, 0.1756, 0.1692, 0.1692, 0.1692, 0.1692, 0.1692, 0.1692, 0.1692, 0.1692, 0.1692, 0.1692, 0.184, 0.184, 0.184, 0.184, 0.184, 0.184, 0.184, 0.184, 0.184, 0.184, 0.2795, 0.2795, 0.2795, 0.2795, 0.2795, 0.2795, 0.2795, 0.2795, 0.2795, 0.2795, 0.0788, 0.0788, 0.0788, 0.0788, 0.0788, 0.0788, 0.0788, 0.0788, 0.0788, 0.0788, 0.2548, 0.2548, 0.2548, 0.2548, 0.2548, 0.2548, 0.2548, 0.2548, 0.2548, 0.2548, 0.2703, 0.2703, 0.2703, 0.2703, 0.2703, 0.2703, 0.2703, 0.2703, 0.2703, 0.2703, 0.5434, 0.5434, 0.5434, 0.5434, 0.5434, 0.5434, 0.5434, 0.5434, 0.5434, 0.5434, 0.0077, 0.0077, 0.0077, 0.0077, 0.0077, 0.0077, 0.0077, 0.0077, 0.0077, 0.0077, 0.0248, 0.0248, 0.0248, 0.0248, 0.0248, 0.0248, 0.0248, 0.0248, 0.0248, 0.0248, 0.1095, 0.1095, 0.1095, 0.1095, 0.1095, 0.1095, 0.1095, 0.1095, 0.1095, 0.1095, 0.2839, 0.2839, 0.2839, 0.2839, 0.2839, 0.2839, 0.2839, 0.2839, 0.2839, 0.2839, 0.2608, 0.2608, 0.2608, 0.2608, 0.2608, 0.2608, 0.2608, 0.2608, 0.2608, 0.2608, 0.1072, 0.1072, 0.1072, 0.1072, 0.1072, 0.1072, 0.1072, 0.1072, 0.1072, 0.1072, 0.1593, 0.1593, 0.1593, 0.1593, 0.1593, 0.1593, 0.1593, 0.1593, 0.1593, 0.1593, 0.168, 0.168, 0.168, 0.168, 0.168, 0.168, 0.168, 0.168, 0.168, 0.168, 0.0292, 0.0292, 0.0292, 0.0292, 0.0292, 0.0292, 0.0292, 0.0292, 0.0292, 0.0292, 0.0992, 0.0992, 0.0992, 0.0992, 0.0992, 0.0992, 0.0992, 0.0992, 0.0992, 0.0992, 0.2468, 0.2468, 0.2468, 0.2468, 0.2468, 0.2468, 0.2468, 0.2468, 0.2468, 0.2468, 0.1748, 0.1748, 0.1748, 0.1748, 0.1748, 0.1748, 0.1748, 0.1748, 0.1748, 0.1748, 0.1801, 0.1801, 0.1801, 0.1801, 0.1801, 0.1801, 0.1801, 0.1801, 0.1801, 0.1801, 0.2692, 0.2692, 0.2692, 0.2692, 0.2692, 0.2692, 0.2692, 0.2692, 0.2692, 0.2692, 0.1865, 0.1865, 0.1865, 0.1865, 0.1865, 0.1865, 0.1865, 0.1865, 0.1865, 0.1865, 0.1044, 0.1044, 0.1044, 0.1044, 0.1044, 0.1044, 0.1044, 0.1044, 0.1044, 0.1044, 0.2865, 0.2865, 0.2865, 0.2865, 0.2865, 0.2865, 0.2865, 0.2865, 0.2865, 0.2865, 0.2299, 0.2299, 0.2299, 0.2299, 0.2299, 0.2299, 0.2299, 0.2299, 0.2299, 0.2299, 0.2259, 0.2259, 0.2259, 0.2259, 0.2259, 0.2259, 0.2259, 0.2259, 0.2259, 0.2259, 0.3851, 0.3851, 0.3851, 0.3851, 0.3851, 0.3851, 0.3851, 0.3851, 0.3851, 0.3851, 0.104, 0.104, 0.104, 0.104, 0.104, 0.104, 0.104, 0.104, 0.104, 0.104, 0.1044, 0.1044, 0.1044, 0.1044, 0.1044, 0.1044, 0.1044, 0.1044, 0.1044, 0.1044, 0.138, 0.138, 0.138, 0.138, 0.138, 0.138, 0.138, 0.138, 0.138, 0.138, 0.1161, 0.1161, 0.1161, 0.1161, 0.1161, 0.1161, 0.1161, 0.1161, 0.1161, 0.1161, 0.2407, 0.2407, 0.2407, 0.2407, 0.2407, 0.2407, 0.2407, 0.2407, 0.2407, 0.2407, 0.134, 0.134, 0.134, 0.134, 0.134, 0.134, 0.134, 0.134, 0.134, 0.134, 0.0086, 0.0086, 0.0086, 0.0086, 0.0086, 0.0086, 0.0086, 0.0086, 0.0086, 0.0086, 0.1863, 0.1863, 0.1863, 0.1863, 0.1863, 0.1863, 0.1863, 0.1863, 0.1863, 0.1863, 0.0147, 0.0147, 0.0147, 0.0147, 0.0147, 0.0147, 0.0147, 0.0147, 0.0147, 0.0147, 0.1844, 0.1844, 0.1844, 0.1844, 0.1844, 0.1844, 0.1844, 0.1844, 0.1844, 0.1844, 0.2693, 0.2693, 0.2693, 0.2693, 0.2693, 0.2693, 0.2693, 0.2693, 0.2693, 0.2693, 0.2161, 0.2161, 0.2161, 0.2161, 0.2161, 0.2161, 0.2161, 0.2161, 0.2161, 0.2161, 0.2413, 0.2413, 0.2413, 0.2413, 0.2413, 0.2413, 0.2413, 0.2413, 0.2413, 0.2413, 0.2022, 0.2022, 0.2022, 0.2022, 0.2022, 0.2022, 0.2022, 0.2022, 0.2022, 0.2022, 0.0944, 0.0944, 0.0944, 0.0944, 0.0944, 0.0944, 0.0944, 0.0944, 0.0944, 0.0944, 0.1508, 0.1508, 0.1508, 0.1508, 0.1508, 0.1508, 0.1508, 0.1508, 0.1508, 0.1508, 0.1809, 0.1809, 0.1809, 0.1809, 0.1809, 0.1809, 0.1809, 0.1809, 0.1809, 0.1809, 0.1093, 0.1093, 0.1093, 0.1093, 0.1093, 0.1093, 0.1093, 0.1093, 0.1093, 0.1093, 0.1865, 0.1865, 0.1865, 0.1865, 0.1865, 0.1865, 0.1865, 0.1865, 0.1865, 0.1865, 0.2684, 0.2684, 0.2684, 0.2684, 0.2684, 0.2684, 0.2684, 0.2684, 0.2684, 0.2684, 0.2303, 0.2303, 0.2303, 0.2303, 0.2303, 0.2303, 0.2303, 0.2303, 0.2303, 0.2303, 0.1526, 0.1526, 0.1526, 0.1526, 0.1526, 0.1526, 0.1526, 0.1526, 0.1526, 0.1526, 0.0063, 0.0063, 0.0063, 0.0063, 0.0063, 0.0063, 0.0063, 0.0063, 0.0063, 0.0063, 0.0765, 0.0765, 0.0765, 0.0765, 0.0765, 0.0765, 0.0765, 0.0765, 0.0765, 0.0765, 0.1676, 0.1676, 0.1676, 0.1676, 0.1676, 0.1676, 0.1676, 0.1676, 0.1676, 0.1676, 0.0914, 0.0914, 0.0914, 0.0914, 0.0914, 0.0914, 0.0914, 0.0914, 0.0914, 0.0914, 0.246, 0.246, 0.246, 0.246, 0.246, 0.246, 0.246, 0.246, 0.246, 0.246, 0.1731, 0.1731, 0.1731, 0.1731, 0.1731, 0.1731, 0.1731, 0.1731, 0.1731, 0.1731, 0.1346, 0.1346, 0.1346, 0.1346, 0.1346, 0.1346, 0.1346, 0.1346, 0.1346, 0.1346, 0.0674, 0.0674, 0.0674, 0.0674, 0.0674, 0.0674, 0.0674, 0.0674, 0.0674, 0.0674, 0.0041, 0.0041, 0.0041, 0.0041, 0.0041, 0.0041, 0.0041, 0.0041, 0.0041, 0.0041, 0.0975, 0.0975, 0.0975, 0.0975, 0.0975, 0.0975, 0.0975, 0.0975, 0.0975, 0.0975, 0.1436, 0.1436, 0.1436, 0.1436, 0.1436, 0.1436, 0.1436, 0.1436, 0.1436, 0.1436, 0.1648, 0.1648, 0.1648, 0.1648, 0.1648, 0.1648, 0.1648, 0.1648, 0.1648, 0.1648, 0.1359, 0.1359, 0.1359, 0.1359, 0.1359, 0.1359, 0.1359, 0.1359, 0.1359, 0.1359, 0.3415, 0.3415, 0.3415, 0.3415, 0.3415, 0.3415, 0.3415, 0.3415, 0.3415, 0.3415, 0.2039, 0.2039, 0.2039, 0.2039, 0.2039, 0.2039, 0.2039, 0.2039, 0.2039, 0.2039, 0.0916, 0.0916, 0.0916, 0.0916, 0.0916, 0.0916, 0.0916, 0.0916, 0.0916, 0.0916, 0.2901, 0.2901, 0.2901, 0.2901, 0.2901, 0.2901, 0.2901, 0.2901, 0.2901, 0.2901, 0.0053, 0.0053, 0.0053, 0.0053, 0.0053, 0.0053, 0.0053, 0.0053, 0.0053, 0.0053, 0.1513, 0.1513, 0.1513, 0.1513, 0.1513, 0.1513, 0.1513, 0.1513, 0.1513, 0.1513, 0.087, 0.087, 0.087, 0.087, 0.087, 0.087, 0.087, 0.087, 0.087, 0.087, 0.0045, 0.0045, 0.0045, 0.0045, 0.0045, 0.0045, 0.0045, 0.0045, 0.0045, 0.0045, 0.3429, 0.3429, 0.3429, 0.3429, 0.3429, 0.3429, 0.3429, 0.3429, 0.3429, 0.3429, 0.0912, 0.0912, 0.0912, 0.0912, 0.0912, 0.0912, 0.0912, 0.0912, 0.0912, 0.0912, 0.2287, 0.2287, 0.2287, 0.2287, 0.2287, 0.2287, 0.2287, 0.2287, 0.2287, 0.2287, 0.0917, 0.0917, 0.0917, 0.0917, 0.0917, 0.0917, 0.0917, 0.0917, 0.0917, 0.0917, 0.1764, 0.1764, 0.1764, 0.1764, 0.1764, 0.1764, 0.1764, 0.1764, 0.1764, 0.1764, 0.2484, 0.2484, 0.2484, 0.2484, 0.2484, 0.2484, 0.2484, 0.2484, 0.2484, 0.2484, 0.0707, 0.0707, 0.0707, 0.0707, 0.0707, 0.0707, 0.0707, 0.0707, 0.0707, 0.0707, 0.0844, 0.0844, 0.0844, 0.0844, 0.0844, 0.0844, 0.0844, 0.0844, 0.0844, 0.0844, 0.096, 0.096, 0.096, 0.096, 0.096, 0.096, 0.096, 0.096, 0.096, 0.096, 0.1968, 0.1968, 0.1968, 0.1968, 0.1968, 0.1968, 0.1968, 0.1968, 0.1968, 0.1968, 0.1992, 0.1992, 0.1992, 0.1992, 0.1992, 0.1992, 0.1992, 0.1992, 0.1992, 0.1992, 0.0088, 0.0088, 0.0088, 0.0088, 0.0088, 0.0088, 0.0088, 0.0088, 0.0088, 0.0088, 0.0768, 0.0768, 0.0768, 0.0768, 0.0768, 0.0768, 0.0768, 0.0768, 0.0768, 0.0768, 0.43, 0.43, 0.43, 0.43, 0.43, 0.43, 0.43, 0.43, 0.43, 0.43, 0.0047, 0.0047, 0.0047, 0.0047, 0.0047, 0.0047, 0.0047, 0.0047, 0.0047, 0.0047, 0.1664, 0.1664, 0.1664, 0.1664, 0.1664, 0.1664, 0.1664, 0.1664, 0.1664, 0.1664, 0.2243, 0.2243, 0.2243, 0.2243, 0.2243, 0.2243, 0.2243, 0.2243, 0.2243, 0.2243, 0.0681, 0.0681, 0.0681, 0.0681, 0.0681, 0.0681, 0.0681, 0.0681, 0.0681, 0.0681, 0.1215, 0.1215, 0.1215, 0.1215, 0.1215, 0.1215, 0.1215, 0.1215, 0.1215, 0.1215, 0.1885, 0.1885, 0.1885, 0.1885, 0.1885, 0.1885, 0.1885, 0.1885, 0.1885, 0.1885, 0.0831, 0.0831, 0.0831, 0.0831, 0.0831, 0.0831, 0.0831, 0.0831, 0.0831, 0.0831, 0.1419, 0.1419, 0.1419, 0.1419, 0.1419, 0.1419, 0.1419, 0.1419, 0.1419, 0.1419, 0.2528, 0.2528, 0.2528, 0.2528, 0.2528, 0.2528, 0.2528, 0.2528, 0.2528, 0.2528, 0.1245, 0.1245, 0.1245, 0.1245, 0.1245, 0.1245, 0.1245, 0.1245, 0.1245, 0.1245, 0.0944, 0.0944, 0.0944, 0.0944, 0.0944, 0.0944, 0.0944, 0.0944, 0.0944, 0.0944, 0.0971, 0.0971, 0.0971, 0.0971, 0.0971, 0.0971, 0.0971, 0.0971, 0.0971, 0.0971, 0.1375, 0.1375, 0.1375, 0.1375, 0.1375, 0.1375, 0.1375, 0.1375, 0.1375, 0.1375, 0.2983, 0.2983, 0.2983, 0.2983, 0.2983, 0.2983, 0.2983, 0.2983, 0.2983, 0.2983, 0.3346, 0.3346, 0.3346, 0.3346, 0.3346, 0.3346, 0.3346, 0.3346, 0.3346, 0.3346, 0.0887, 0.0887, 0.0887, 0.0887, 0.0887, 0.0887, 0.0887, 0.0887, 0.0887, 0.0887, 0.1354, 0.1354, 0.1354, 0.1354, 0.1354, 0.1354, 0.1354, 0.1354, 0.1354, 0.1354, 0.309, 0.309, 0.309, 0.309, 0.309, 0.309, 0.309, 0.309, 0.309, 0.309, 0.1452, 0.1452, 0.1452, 0.1452, 0.1452, 0.1452, 0.1452, 0.1452, 0.1452, 0.1452, 0.0829, 0.0829, 0.0829, 0.0829, 0.0829, 0.0829, 0.0829, 0.0829, 0.0829, 0.0829, 0.3222, 0.3222, 0.3222, 0.3222, 0.3222, 0.3222, 0.3222, 0.3222, 0.3222, 0.3222, 0.4734, 0.4734, 0.4734, 0.4734, 0.4734, 0.4734, 0.4734, 0.4734, 0.4734, 0.4734, 0.31, 0.31, 0.31, 0.31, 0.31, 0.31, 0.31, 0.31, 0.31, 0.31, 0.0084, 0.0084, 0.0084, 0.0084, 0.0084, 0.0084, 0.0084, 0.0084, 0.0084, 0.0084, 0.007, 0.007, 0.007, 0.007, 0.007, 0.007, 0.007, 0.007, 0.007, 0.007, 0.098, 0.098, 0.098, 0.098, 0.098, 0.098, 0.098, 0.098, 0.098, 0.098, 0.2175, 0.2175, 0.2175, 0.2175, 0.2175, 0.2175, 0.2175, 0.2175, 0.2175, 0.2175, 0.0619, 0.0619, 0.0619, 0.0619, 0.0619, 0.0619, 0.0619, 0.0619, 0.0619, 0.0619, 0.0326, 0.0326, 0.0326, 0.0326, 0.0326, 0.0326, 0.0326, 0.0326, 0.0326, 0.0326, 0.142, 0.142, 0.142, 0.142, 0.142, 0.142, 0.142, 0.142, 0.142, 0.142, 0.1265, 0.1265, 0.1265, 0.1265, 0.1265, 0.1265, 0.1265, 0.1265, 0.1265, 0.1265, 0.086, 0.086, 0.086, 0.086, 0.086, 0.086, 0.086, 0.086, 0.086, 0.086, 0.2458, 0.2458, 0.2458, 0.2458, 0.2458, 0.2458, 0.2458, 0.2458, 0.2458, 0.2458, 0.3259, 0.3259, 0.3259, 0.3259, 0.3259, 0.3259, 0.3259, 0.3259, 0.3259, 0.3259, 0.1258, 0.1258, 0.1258, 0.1258, 0.1258, 0.1258, 0.1258, 0.1258, 0.1258, 0.1258, 0.052, 0.052, 0.052, 0.052, 0.052, 0.052, 0.052, 0.052, 0.052, 0.052, 0.0544, 0.0544, 0.0544, 0.0544, 0.0544, 0.0544, 0.0544, 0.0544, 0.0544, 0.0544, 0.0785, 0.0785, 0.0785, 0.0785, 0.0785, 0.0785, 0.0785, 0.0785, 0.0785, 0.0785, 0.066, 0.066, 0.066, 0.066, 0.066, 0.066, 0.066, 0.066, 0.066, 0.066, 0.0419, 0.0419, 0.0419, 0.0419, 0.0419, 0.0419, 0.0419, 0.0419, 0.2853, 0.2853, 0.2853, 0.2853, 0.2853, 0.2853, 0.2853, 0.2853, 0.2853, 0.2853, 0.088, 0.088, 0.088, 0.088, 0.088, 0.088, 0.088, 0.088, 0.088, 0.088, 0.076, 0.076, 0.076, 0.076, 0.076, 0.076, 0.076, 0.076, 0.076, 0.076, 0.0048, 0.0048, 0.0048, 0.0048, 0.0048, 0.0048, 0.0048, 0.0048, 0.0048, 0.0048, 0.2352, 0.2352, 0.2352, 0.2352, 0.2352, 0.2352, 0.2352, 0.2352, 0.2352, 0.2352, 0.1754, 0.1754, 0.1754, 0.1754, 0.1754, 0.1754, 0.1754, 0.1754, 0.1754, 0.1754, 0.1454, 0.1454, 0.1454, 0.1454, 0.1454, 0.1454, 0.1454, 0.1454, 0.1454, 0.1454, 0.0753, 0.0753, 0.0753, 0.0753, 0.0753, 0.0753, 0.0753, 0.0753, 0.0753, 0.0753, 0.3867, 0.3867, 0.3867, 0.3867, 0.3867, 0.3867, 0.3867, 0.3867, 0.3867, 0.3867, 0.0736, 0.0736, 0.0736, 0.0736, 0.0736, 0.0736, 0.0736, 0.0736, 0.0736, 0.0736, 0.0227, 0.0227, 0.0227, 0.0227, 0.0227, 0.0227, 0.0227, 0.0227, 0.0227, 0.0227, 0.0962, 0.0962, 0.0962, 0.0962, 0.0962, 0.0962, 0.0962, 0.0962, 0.0962, 0.0962, 0.0759, 0.0759, 0.0759, 0.0759, 0.0759, 0.0759, 0.0759, 0.0759, 0.0759, 0.0759, 0.0783, 0.0783, 0.0783, 0.0783, 0.0783, 0.0783, 0.0783, 0.0783, 0.0783, 0.0783, 0.0866, 0.0866, 0.0866, 0.0866, 0.0866, 0.0866, 0.0866, 0.0866, 0.0866, 0.0866, 0.0051, 0.0051, 0.0051, 0.0051, 0.0051, 0.0051, 0.0051, 0.0051, 0.0051, 0.0051, 0.0041, 0.0041, 0.0041, 0.0041, 0.0041, 0.0041, 0.0041, 0.0041, 0.0041, 0.0041, 0.0779, 0.0779, 0.0779, 0.0779, 0.0779, 0.0779, 0.0779, 0.0779, 0.0779, 0.0779, 0.2006, 0.2006, 0.2006, 0.2006, 0.2006, 0.2006, 0.2006, 0.2006, 0.2006, 0.2006, 0.014, 0.014, 0.014, 0.014, 0.014, 0.014, 0.014, 0.014, 0.014, 0.014, 0.3837, 0.3837, 0.3837, 0.3837, 0.3837, 0.3837, 0.3837, 0.3837, 0.3837, 0.3837, 0.0885, 0.0885, 0.0885, 0.0885, 0.0885, 0.0885, 0.0885, 0.0885, 0.0885, 0.0885, 0.157, 0.157, 0.157, 0.157, 0.157, 0.157, 0.157, 0.157, 0.157, 0.157, 0.199, 0.199, 0.199, 0.199, 0.199, 0.199, 0.199, 0.199, 0.199, 0.199, 0.1328, 0.1328, 0.1328, 0.1328, 0.1328, 0.1328, 0.1328, 0.1328, 0.1328, 0.1328, 0.0038, 0.0038, 0.0038, 0.0038, 0.0038, 0.0038, 0.0038, 0.0038, 0.0038, 0.0038, 0.0044, 0.0044, 0.0044, 0.0044, 0.0044, 0.0044, 0.0044, 0.0044, 0.0044, 0.0044, 0.0915, 0.0915, 0.0915, 0.0915, 0.0915, 0.0915, 0.0915, 0.0915, 0.0915, 0.0915, 0.241, 0.241, 0.241, 0.241, 0.241, 0.241, 0.241, 0.241, 0.241, 0.241, 0.0058, 0.0058, 0.0058, 0.0058, 0.0058, 0.0058, 0.0058, 0.0058, 0.0058, 0.0058, 0.3558, 0.3558, 0.3558, 0.3558, 0.3558, 0.3558, 0.3558, 0.3558, 0.3558, 0.3558, 0.0659, 0.0659, 0.0659, 0.0659, 0.0659, 0.0659, 0.0659, 0.0659, 0.0659, 0.0659, 0.1713, 0.1713, 0.1713, 0.1713, 0.1713, 0.1713, 0.1713, 0.1713, 0.1713, 0.1713, 0.0882, 0.0882, 0.0882, 0.0882, 0.0882, 0.0882, 0.0882, 0.0882, 0.0882, 0.0882, 0.1964, 0.1964, 0.1964, 0.1964, 0.1964, 0.1964, 0.1964, 0.1964, 0.1964, 0.1964, 0.2283, 0.2283, 0.2283, 0.2283, 0.2283, 0.2283, 0.2283, 0.2283, 0.2283, 0.2283, 0.0988, 0.0988, 0.0988, 0.0988, 0.0988, 0.0988, 0.0988, 0.0988, 0.0988, 0.0988, 0.2459, 0.2459, 0.2459, 0.2459, 0.2459, 0.2459, 0.2459, 0.2459, 0.2459, 0.2459, 0.1624, 0.1624, 0.1624, 0.1624, 0.1624, 0.1624, 0.1624, 0.1624, 0.1624, 0.1624, 0.299, 0.299, 0.299, 0.299, 0.299, 0.299, 0.299, 0.299, 0.299, 0.299, 0.1987, 0.1987, 0.1987, 0.1987, 0.1987, 0.1987, 0.1987, 0.1987, 0.1987, 0.1987, 0.1848, 0.1848, 0.1848, 0.1848, 0.1848, 0.1848, 0.1848, 0.1848, 0.1848, 0.1848, 0.0345, 0.0345, 0.0345, 0.0345, 0.0345, 0.0345, 0.0345, 0.0345, 0.0345, 0.0345, 0.0828, 0.0828, 0.0828, 0.0828, 0.0828, 0.0828, 0.0828, 0.0828, 0.0828, 0.0828, 0.1375, 0.1375, 0.1375, 0.1375, 0.1375, 0.1375, 0.1375, 0.1375, 0.1375, 0.1375, 0.0943, 0.0943, 0.0943, 0.0943, 0.0943, 0.0943, 0.0943, 0.0943, 0.0943, 0.0943, 0.144, 0.144, 0.144, 0.144, 0.144, 0.144, 0.144, 0.144, 0.144, 0.144, 0.257, 0.257, 0.257, 0.257, 0.257, 0.257, 0.257, 0.257, 0.257, 0.257, 0.1772, 0.1772, 0.1772, 0.1772, 0.1772, 0.1772, 0.1772, 0.1772, 0.1772, 0.1772, 0.1058, 0.1058, 0.1058, 0.1058, 0.1058, 0.1058, 0.1058, 0.1058, 0.1058, 0.1058, 0.0821, 0.0821, 0.0821, 0.0821, 0.0821, 0.0821, 0.0821, 0.0821, 0.0821, 0.0821, 0.1803, 0.1803, 0.1803, 0.1803, 0.1803, 0.1803, 0.1803, 0.1803, 0.1803, 0.1803, 0.0982, 0.0982, 0.0982, 0.0982, 0.0982, 0.0982, 0.0982, 0.0982, 0.0982, 0.0982, 0.0544, 0.0544, 0.0544, 0.0544, 0.0544, 0.0544, 0.0544, 0.0544, 0.0544, 0.0544, 0.0974, 0.0974, 0.0974, 0.0974, 0.0974, 0.0974, 0.0974, 0.0974, 0.0974, 0.0974, 0.2864, 0.2864, 0.2864, 0.2864, 0.2864, 0.2864, 0.2864, 0.2864, 0.2864, 0.2864, 0.0316, 0.0316, 0.0316, 0.0316, 0.0316, 0.0316, 0.0316, 0.0316, 0.0316, 0.0316, 0.1213, 0.1213, 0.1213, 0.1213, 0.1213, 0.1213, 0.1213, 0.1213, 0.1213, 0.1213, 0.0647, 0.0647, 0.0647, 0.0647, 0.0647, 0.0647, 0.0647, 0.0647, 0.0647, 0.0647, 0.268, 0.268, 0.268, 0.268, 0.268, 0.268, 0.268, 0.268, 0.268, 0.268, 0.0856, 0.0856, 0.0856, 0.0856, 0.0856, 0.0856, 0.0856, 0.0856, 0.0856, 0.0856, 0.1862, 0.1862, 0.1862, 0.1862, 0.1862, 0.1862, 0.1862, 0.1862, 0.1862, 0.1862, 0.0064, 0.0064, 0.0064, 0.0064, 0.0064, 0.0064, 0.0064, 0.0064, 0.0064, 0.0064, 0.1849, 0.1849, 0.1849, 0.1849, 0.1849, 0.1849, 0.1849, 0.1849, 0.1849, 0.1849, 0.115, 0.115, 0.115, 0.115, 0.115, 0.115, 0.115, 0.115, 0.115, 0.115, 0.0325, 0.0325, 0.0325, 0.0325, 0.0325, 0.0325, 0.0325, 0.0325, 0.0325, 0.0325, 0.1843, 0.1843, 0.1843, 0.1843, 0.1843, 0.1843, 0.1843, 0.1843, 0.1843, 0.1843, 0.0852, 0.0852, 0.0852, 0.0852, 0.0852, 0.0852, 0.0852, 0.0852, 0.0852, 0.0852, 0.0282, 0.0282, 0.0282, 0.0282, 0.0282, 0.0282, 0.0282, 0.0282, 0.0282, 0.0282, 0.0429, 0.0429, 0.0429, 0.0429, 0.0429, 0.0429, 0.0429, 0.0429, 0.0429, 0.0429, 0.0969, 0.0969, 0.0969, 0.0969, 0.0969, 0.0969, 0.0969, 0.0969, 0.0969, 0.0969, 0.0672, 0.0672, 0.0672, 0.0672, 0.0672, 0.0672, 0.0672, 0.0672, 0.0672, 0.0672, 0.0471, 0.0471, 0.0471, 0.0471, 0.0471, 0.0471, 0.0471, 0.0471, 0.0471, 0.0471, 0.0905, 0.0905, 0.0905, 0.0905, 0.0905, 0.0905, 0.0905, 0.0905, 0.0905, 0.0905, 0.0946, 0.0946, 0.0946, 0.0946, 0.0946, 0.0946, 0.0946, 0.0946, 0.0946, 0.0946, 0.1039, 0.1039, 0.1039, 0.1039, 0.1039, 0.1039, 0.1039, 0.1039, 0.1039, 0.1039, 0.0932, 0.0932, 0.0932, 0.0932, 0.0932, 0.0932, 0.0932, 0.0932, 0.0932, 0.0932, 0.0886, 0.0886, 0.0886, 0.0886, 0.0886, 0.0886, 0.2046, 0.2046, 0.2046, 0.2046, 0.2046, 0.2046, 0.2046, 0.2046, 0.2046, 0.2046, 0.1383, 0.1383, 0.1383, 0.1383, 0.1383, 0.1383, 0.1383, 0.1383, 0.1383, 0.1383, 0.0536, 0.0536, 0.0536, 0.0536, 0.0536, 0.0536, 0.0536, 0.0536, 0.0536, 0.0536, 0.1417, 0.1417, 0.1417, 0.1417, 0.1417, 0.1417, 0.1417, 0.1417, 0.1417, 0.1417, 0.0855, 0.0855, 0.0855, 0.0855, 0.0855, 0.0855, 0.0855, 0.0855, 0.0855, 0.0855, 0.1767, 0.1767, 0.1767, 0.1767, 0.1767, 0.1767, 0.1767, 0.1767, 0.1767, 0.1767, 0.088, 0.088, 0.088, 0.088, 0.088, 0.088, 0.088, 0.088, 0.088, 0.088, 0.1835, 0.1835, 0.1835, 0.1835, 0.1835, 0.1835, 0.1835, 0.1835, 0.1835, 0.1835, 0.0948, 0.0948, 0.0948, 0.0948, 0.0948, 0.0948, 0.0948, 0.0948, 0.0948, 0.0948, 0.1111, 0.1111, 0.1111, 0.1111, 0.1111, 0.1111, 0.1111, 0.1111, 0.1111, 0.1111, 0.0055, 0.0055, 0.0055, 0.0055, 0.0055, 0.0055, 0.0055, 0.0055, 0.0055, 0.0055, 0.0959, 0.0959, 0.0959, 0.0959, 0.0959, 0.0959, 0.0959, 0.0959, 0.0959, 0.0959, 0.0053, 0.0053, 0.0053, 0.0053, 0.0053, 0.0053, 0.0053, 0.0053, 0.0053, 0.0053, 0.0969, 0.0969, 0.0969, 0.0969, 0.0969, 0.0969, 0.0969, 0.0969, 0.0969, 0.0969, 0.0997, 0.0997, 0.0997, 0.0997, 0.0997, 0.0997, 0.0997, 0.0997, 0.0997, 0.0997, 0.0588, 0.0588, 0.0588, 0.0588, 0.0588, 0.0588, 0.0588, 0.0588, 0.0588, 0.0588, 0.1411, 0.1411, 0.1411, 0.1411, 0.1411, 0.1411, 0.1411, 0.1411, 0.1411, 0.1411, 0.1067, 0.1067, 0.1067, 0.1067, 0.1067, 0.1067, 0.1067, 0.1067, 0.1067, 0.1067, 0.0892, 0.0892, 0.0892, 0.0892, 0.0892, 0.0892, 0.0892, 0.0892, 0.0892, 0.0892, 0.0383, 0.0383, 0.0383, 0.0383, 0.0383, 0.0383, 0.0383, 0.0383, 0.0383, 0.0383, 0.0891, 0.0891, 0.0891, 0.0891, 0.0891, 0.0891, 0.0891, 0.0891, 0.0891, 0.0891, 0.2791, 0.2791, 0.2791, 0.2791, 0.2791, 0.2791, 0.2791, 0.2791, 0.2791, 0.2791, 0.1455, 0.1455, 0.1455, 0.1455, 0.1455, 0.1455, 0.1455, 0.1455, 0.1455, 0.1455, 0.176, 0.176, 0.176, 0.176, 0.176, 0.176, 0.176, 0.176, 0.176, 0.176, 0.1539, 0.1539, 0.1539, 0.1539, 0.1539, 0.1539, 0.1539, 0.1539, 0.1539, 0.1539, 0.1747, 0.1747, 0.1747, 0.1747, 0.1747, 0.1747, 0.1747, 0.1747, 0.1747, 0.1747, 0.0045, 0.0045, 0.0045, 0.0045, 0.0045, 0.0045, 0.0045, 0.0045, 0.0045, 0.0045, 0.1788, 0.1788, 0.1788, 0.1788, 0.1788, 0.1788, 0.1788, 0.1788, 0.1788, 0.1788, 0.168, 0.168, 0.168, 0.168, 0.168, 0.168, 0.168, 0.168, 0.168, 0.168, 0.0043, 0.0043, 0.0043, 0.0043, 0.0043, 0.0043, 0.0043, 0.0043, 0.0043, 0.0043, 0.145, 0.145, 0.145, 0.145, 0.145, 0.145, 0.145, 0.145, 0.145, 0.145, 0.1901, 0.1901, 0.1901, 0.1901, 0.1901, 0.1901, 0.1901, 0.1901, 0.1901, 0.1901, 0.0051, 0.0051, 0.0051, 0.0051, 0.0051, 0.0051, 0.0051, 0.0051, 0.0051, 0.0051, 0.1033, 0.1033, 0.1033, 0.1033, 0.1033, 0.1033, 0.1033, 0.1033, 0.1033, 0.1033, 0.1859, 0.1859, 0.1859, 0.1859, 0.1859, 0.1859, 0.1859, 0.1859, 0.1859, 0.1859, 0.0866, 0.0866, 0.0866, 0.0866, 0.0866, 0.0866, 0.0866, 0.0866, 0.0866, 0.0866, 0.0042, 0.0042, 0.0042, 0.0042, 0.0042, 0.0042, 0.0042, 0.0042, 0.0042, 0.0042, 0.0574, 0.0574, 0.0574, 0.0574, 0.0574, 0.0574, 0.0574, 0.0574, 0.0574, 0.0574, 0.1496, 0.1496, 0.1496, 0.1496, 0.1496, 0.1496, 0.1496, 0.1496, 0.1496, 0.1496, 0.1665, 0.1665, 0.1665, 0.1665, 0.1665, 0.1665, 0.1665, 0.1665, 0.1665, 0.1665, 0.1232, 0.1232, 0.1232, 0.1232, 0.1232, 0.1232, 0.1232, 0.1232, 0.1232, 0.1232, 0.1603, 0.1603, 0.1603, 0.1603, 0.1603, 0.1603, 0.1603, 0.1603, 0.1603, 0.1603, 0.2547, 0.2547, 0.2547, 0.2547, 0.2547, 0.2547, 0.2547, 0.2547, 0.2547, 0.2547, 0.0044, 0.0044, 0.0044, 0.0044, 0.0044, 0.0044, 0.0044, 0.0044, 0.0044, 0.0044, 0.0783, 0.0783, 0.0783, 0.0783, 0.0783, 0.0783, 0.0783, 0.0783, 0.0783, 0.0783, 0.1611, 0.1611, 0.1611, 0.1611, 0.1611, 0.1611, 0.1611, 0.1611, 0.1611, 0.1611, 0.1739, 0.1739, 0.1739, 0.1739, 0.1739, 0.1739, 0.1739, 0.1739, 0.1739, 0.1739, 0.1329, 0.1329, 0.1329, 0.1329, 0.1329, 0.1329, 0.1329, 0.1329, 0.1329, 0.1329, 0.2317, 0.2317, 0.2317, 0.2317, 0.2317, 0.2317, 0.2317, 0.2317, 0.2317, 0.2317, 0.093, 0.093, 0.093, 0.093, 0.093, 0.093, 0.093, 0.093, 0.093, 0.093, 0.0719, 0.0719, 0.0719, 0.0719, 0.0719, 0.0719, 0.0719, 0.0719, 0.0719, 0.0719, 0.0048, 0.0048, 0.0048, 0.0048, 0.0048, 0.0048, 0.0048, 0.0048, 0.0048, 0.0048, 0.0293, 0.0293, 0.0293, 0.0293, 0.0293, 0.0293, 0.0293, 0.0293, 0.0293, 0.0293, 0.0037, 0.0037, 0.0037, 0.0037, 0.0037, 0.0037, 0.0037, 0.0037, 0.0037, 0.0037, 0.003, 0.003, 0.003, 0.003, 0.003, 0.003, 0.003, 0.003, 0.003, 0.003, 0.0032, 0.0032, 0.0032, 0.0032, 0.0032, 0.0032, 0.0032, 0.0032, 0.0032, 0.0032, 0.126, 0.126, 0.126, 0.126, 0.126, 0.126, 0.126, 0.126, 0.126, 0.126, 0.054, 0.054, 0.054, 0.054, 0.054, 0.054, 0.054, 0.054, 0.054, 0.054, 0.0883, 0.0883, 0.0883, 0.0883, 0.0883, 0.0883, 0.0883, 0.0883, 0.0883, 0.0883, 0.0026, 0.0026, 0.0026, 0.0026, 0.0026, 0.0026, 0.0026, 0.0026, 0.0026, 0.0026, 0.2307, 0.2307, 0.2307, 0.2307, 0.2307, 0.2307, 0.2307, 0.2307, 0.2307, 0.2307, 0.0035, 0.0035, 0.0035, 0.0035, 0.0035, 0.0035, 0.0035, 0.0035, 0.0035, 0.0035, 0.1313, 0.1313, 0.1313, 0.1313, 0.1313, 0.1313, 0.1313, 0.1313, 0.1313, 0.1313, 0.1422, 0.1422, 0.1422, 0.1422, 0.1422, 0.1422, 0.1422, 0.1422, 0.1422, 0.1422, 0.3029, 0.3029, 0.3029, 0.3029, 0.3029, 0.3029, 0.3029, 0.3029, 0.3029, 0.3029, 0.0385, 0.0385, 0.0385, 0.0385, 0.0385, 0.0385, 0.0385, 0.0385, 0.0385, 0.0385, 0.105, 0.105, 0.105, 0.105, 0.105, 0.105, 0.105, 0.105, 0.105, 0.105, 0.1783, 0.1783, 0.1783, 0.1783, 0.1783, 0.1783, 0.1783, 0.1783, 0.1783, 0.1783, 0.003, 0.003, 0.003, 0.003, 0.003, 0.003, 0.003, 0.003, 0.003, 0.003, 0.1369, 0.1369, 0.1369, 0.1369, 0.1369, 0.1369, 0.1369, 0.1369, 0.1369, 0.1369, 0.0884, 0.0884, 0.0884, 0.0884, 0.0884, 0.0884, 0.0884, 0.0884, 0.0884, 0.0884, 0.0759, 0.0759, 0.0759, 0.0759, 0.0759, 0.0759, 0.0759, 0.0759, 0.0759, 0.0759, 0.0033, 0.0033, 0.0033, 0.0033, 0.0033, 0.0033, 0.0033, 0.0033, 0.0033, 0.0033, 0.0106, 0.0106, 0.0106, 0.0106, 0.0106, 0.0106, 0.0106, 0.0106, 0.0106, 0.0106, 0.031, 0.031, 0.031, 0.031, 0.031, 0.031, 0.031, 0.031, 0.031, 0.031, 0.0864, 0.0864, 0.0864, 0.0864, 0.0864, 0.0864, 0.0864, 0.0864, 0.0864, 0.0864, 0.1841, 0.1841, 0.1841, 0.1841, 0.1841, 0.1841, 0.1841, 0.1841, 0.1841, 0.1841, 0.0954, 0.0954, 0.0954, 0.0954, 0.209, 0.209, 0.209, 0.209, 0.209, 0.209, 0.209, 0.209, 0.209, 0.209, 0.1811, 0.1811, 0.1811, 0.1811, 0.1811, 0.1811, 0.1811, 0.1811, 0.1811, 0.1811, 0.003, 0.003, 0.003, 0.003, 0.003, 0.003, 0.003, 0.003, 0.003, 0.003, 0.1328, 0.1328, 0.1328, 0.1328, 0.1328, 0.1328, 0.1328, 0.1328, 0.1328, 0.1328, 0.0874, 0.0874, 0.0874, 0.0874, 0.0874, 0.0874, 0.0874, 0.0874, 0.0874, 0.0874, 0.1689, 0.1689, 0.1689, 0.1689, 0.1689, 0.1689, 0.1689, 0.1689, 0.1689, 0.1689, 0.092, 0.092, 0.092, 0.092, 0.092, 0.092, 0.092, 0.092, 0.092, 0.092, 0.003, 0.003, 0.003, 0.003, 0.003, 0.003, 0.003, 0.003, 0.003, 0.003, 0.0534, 0.0534, 0.0534, 0.0534, 0.0534, 0.0534, 0.0534, 0.0534, 0.0534, 0.0534, 0.003, 0.003, 0.003, 0.003, 0.003, 0.003, 0.003, 0.003, 0.003, 0.003, 0.1582, 0.1582, 0.1582, 0.1582, 0.1582, 0.1582, 0.1582, 0.1582, 0.1582, 0.1582, 0.0696, 0.0696, 0.0696, 0.0696, 0.0696, 0.0696, 0.0696, 0.0696, 0.0696, 0.0696, 0.1047, 0.1047, 0.1047, 0.1047, 0.1047, 0.1047, 0.1047, 0.1047, 0.1047, 0.1047, 0.0962, 0.0962, 0.0962, 0.0962, 0.0962, 0.0962, 0.0962, 0.0962, 0.0962, 0.0962, 0.1026, 0.1026, 0.1026, 0.1026, 0.1026, 0.1026, 0.1026, 0.1026, 0.1026, 0.1026, 0.1795, 0.1795, 0.1795, 0.1795, 0.1795, 0.1795, 0.1795, 0.1795, 0.1795, 0.1795, 0.0821, 0.0821, 0.0821, 0.0821, 0.0821, 0.0821, 0.0821, 0.0821, 0.0821, 0.0821, 0.218, 0.218, 0.218, 0.218, 0.218, 0.218, 0.218, 0.218, 0.218, 0.218, 0.1738, 0.1738, 0.1738, 0.1738, 0.1738, 0.1738, 0.1738, 0.1738, 0.1738, 0.1738, 0.128, 0.128, 0.128, 0.128, 0.128, 0.128, 0.128, 0.128, 0.128, 0.128, 0.1072, 0.1072, 0.1072, 0.1072, 0.1072, 0.1072, 0.1072, 0.1072, 0.1072, 0.1072, 0.0066, 0.0066, 0.0066, 0.0066, 0.0066, 0.0066, 0.0066, 0.0066, 0.0066, 0.0066, 0.1874, 0.1874, 0.1874, 0.1874, 0.1874, 0.1874, 0.1874, 0.1874, 0.1874, 0.1874, 0.0029, 0.0029, 0.0029, 0.0029, 0.0029, 0.0029, 0.0029, 0.0029, 0.0029, 0.0029, 0.0025, 0.0025, 0.0025, 0.0025, 0.0025, 0.0025, 0.0025, 0.0025, 0.0025, 0.0025, 0.0708, 0.0708, 0.0708, 0.0708, 0.0708, 0.0708, 0.0708, 0.0708, 0.0708, 0.0708, 0.0026, 0.0026, 0.0026, 0.0026, 0.0026, 0.0026, 0.0026, 0.0026, 0.0026, 0.0026, 0.149, 0.149, 0.149, 0.149, 0.149, 0.149, 0.149, 0.149, 0.149, 0.149, 0.0851, 0.0851, 0.0851, 0.0851, 0.0851, 0.0851, 0.0851, 0.0851, 0.0851, 0.0851, 0.0023, 0.0023, 0.0023, 0.0023, 0.0023, 0.0023, 0.0023, 0.0023, 0.0023, 0.0023, 0.1414, 0.1414, 0.1414, 0.1414, 0.1414, 0.1414, 0.1414, 0.1414, 0.1414, 0.1414, 0.1638, 0.1638, 0.1638, 0.1638, 0.1638, 0.1638, 0.1638, 0.1638, 0.1638, 0.1638, 0.1814, 0.1814, 0.1814, 0.1814, 0.1814, 0.1814, 0.1814, 0.1814, 0.1814, 0.1814, 0.2, 0.2, 0.2, 0.2, 0.2, 0.2, 0.2, 0.2, 0.2, 0.2, 0.0377, 0.0377, 0.0377, 0.0377, 0.0377, 0.0377, 0.0377, 0.0377, 0.0377, 0.0377, 0.1383, 0.1383, 0.1383, 0.1383, 0.1383, 0.1383, 0.1383, 0.1383, 0.1383, 0.1383, 0.0959, 0.0959, 0.0959, 0.0959, 0.0959, 0.0959, 0.0959, 0.0959, 0.0959, 0.0959, 0.003, 0.003, 0.003, 0.003, 0.003, 0.003, 0.003, 0.003, 0.003, 0.003, 0.0031, 0.0031, 0.0031, 0.0031, 0.0031, 0.0031, 0.0031, 0.0031, 0.0031, 0.0031, 0.1076, 0.1076, 0.1076, 0.1076, 0.1076, 0.1076, 0.1076, 0.1076, 0.1076, 0.1076, 0.0909, 0.0909, 0.0909, 0.0909, 0.0909, 0.0909, 0.0909, 0.0909, 0.0909, 0.0909, 0.2258, 0.2258, 0.2258, 0.2258, 0.2258, 0.2258, 0.2258, 0.2258, 0.2258, 0.2258, 0.1478, 0.1478, 0.1478, 0.1478, 0.1478, 0.1478, 0.1478, 0.1478, 0.1478, 0.1478, 0.0027, 0.0027, 0.0027, 0.0027, 0.0027, 0.0027, 0.0027, 0.0027, 0.0027, 0.0027, 0.0728, 0.0728, 0.0728, 0.0728, 0.0728, 0.0728, 0.0728, 0.0728, 0.0728, 0.0728, 0.004, 0.004, 0.004, 0.004, 0.004, 0.004, 0.004, 0.004, 0.004, 0.004, 0.0029, 0.0029, 0.0029, 0.0029, 0.0029, 0.0029, 0.0029, 0.0029, 0.0029, 0.0029, 0.0028, 0.0028, 0.0028, 0.0028, 0.0028, 0.0028, 0.0028, 0.0028, 0.0028, 0.0028, 0.0022, 0.0022, 0.0022, 0.0022, 0.0022, 0.0022, 0.0022, 0.0022, 0.0022, 0.0022, 0.0041, 0.0041, 0.0041, 0.0041, 0.0041, 0.0041, 0.0041, 0.0041, 0.0041, 0.0041, 0.002, 0.002, 0.002, 0.002, 0.002, 0.002, 0.002, 0.002, 0.002, 0.002, 0.3099, 0.3099, 0.3099, 0.3099, 0.3099, 0.3099, 0.3099, 0.3099, 0.3099, 0.3099, 0.1772, 0.1772, 0.1772, 0.1772, 0.1772, 0.1772, 0.1772, 0.1772, 0.1772, 0.1772, 0.0024, 0.0024, 0.0024, 0.0024, 0.0024, 0.0024, 0.0024, 0.0024, 0.0024, 0.0024, 0.1798, 0.1798, 0.1798, 0.1798, 0.1798, 0.1798, 0.1798, 0.1798, 0.1798, 0.1798, 0.271, 0.271, 0.271, 0.271, 0.271, 0.271, 0.271, 0.271, 0.271, 0.271, 0.1529, 0.1529, 0.1529, 0.1529, 0.1529, 0.1529, 0.1529, 0.1529, 0.1529, 0.1529, 0.0865, 0.0865, 0.0865, 0.0865, 0.0865, 0.0865, 0.0865, 0.0865, 0.0865, 0.0865, 0.0246, 0.0246, 0.0246, 0.0246, 0.0246, 0.0246, 0.0246, 0.0246, 0.0246, 0.0246, 0.0028, 0.0028, 0.0028, 0.0028, 0.0028, 0.0028, 0.0028, 0.0028, 0.0028, 0.0028, 0.1411, 0.1411, 0.1411, 0.1411, 0.1411, 0.1411, 0.1411, 0.1411, 0.1411, 0.1411, 0.1199, 0.1199, 0.1199, 0.1199, 0.1199, 0.1199, 0.1199, 0.1199, 0.1199, 0.1199, 0.0916, 0.0916, 0.0916, 0.0916, 0.0916, 0.0916, 0.0916, 0.0916, 0.0916, 0.0916, 0.0027, 0.0027, 0.0027, 0.0027, 0.0027, 0.0027, 0.0027, 0.0027, 0.0027, 0.0027, 0.0027, 0.0027, 0.0027, 0.0027, 0.0027, 0.0027, 0.0027, 0.0027, 0.0027, 0.0027, 0.1222, 0.1222, 0.1222, 0.1222, 0.1222, 0.1222, 0.1222, 0.1222, 0.1222, 0.1222, 0.003, 0.003, 0.003, 0.003, 0.003, 0.003, 0.003, 0.003, 0.003, 0.003, 0.0917, 0.0917, 0.0917, 0.0917, 0.0917, 0.0917, 0.0917, 0.0917, 0.0917, 0.0917, 0.0036, 0.0036, 0.0036, 0.0036, 0.0036, 0.0036, 0.0036, 0.0036, 0.0036, 0.0036, 0.1193, 0.1193, 0.1193, 0.1193, 0.1193, 0.1193, 0.1193, 0.1193, 0.1193, 0.1193, 0.2769, 0.2769, 0.2769, 0.2769, 0.2769, 0.2769, 0.2769, 0.2769, 0.2769, 0.2769, 0.3565, 0.3565, 0.3565, 0.3565, 0.3565, 0.3565, 0.3565, 0.3565, 0.3565, 0.3565, 0.0943, 0.0943, 0.0943, 0.0943, 0.0943, 0.0943, 0.0943, 0.0943, 0.0943, 0.0943, 0.0032, 0.0032, 0.0032, 0.0032, 0.0032, 0.0032, 0.0032, 0.0032, 0.0032, 0.0032, 0.0032, 0.0032, 0.0032, 0.0032, 0.0032, 0.0032, 0.0032, 0.0032, 0.0032, 0.0032, 0.0824, 0.0824, 0.0824, 0.0824, 0.0824, 0.0824, 0.0824, 0.0824, 0.0824, 0.0824, 0.0734, 0.0734, 0.0734, 0.0734, 0.0734, 0.0734, 0.0734, 0.0734, 0.0734, 0.0734, 0.253, 0.253, 0.0032, 0.0032, 0.0032, 0.0032, 0.0032, 0.0032, 0.0032, 0.0032, 0.0032, 0.0032, 0.0034, 0.0034, 0.0034, 0.0034, 0.0034, 0.0034, 0.0034, 0.0034, 0.0034, 0.0034, 0.0035, 0.0035, 0.0035, 0.0035, 0.0035, 0.0035, 0.0035, 0.0035, 0.0035, 0.0035, 0.0676, 0.0676, 0.0676, 0.0676, 0.0676, 0.0676, 0.0676, 0.0676, 0.0676, 0.0676, 0.0824, 0.0824, 0.0824, 0.0824, 0.0824, 0.0824, 0.0824, 0.0824, 0.0824, 0.0824, 0.1488, 0.1488, 0.1488, 0.1488, 0.1488, 0.1488, 0.1488, 0.1488, 0.1488, 0.1488, 0.1654, 0.1654, 0.1654, 0.1654, 0.1654, 0.1654, 0.1654, 0.1654, 0.1654, 0.1654, 0.003, 0.003, 0.003, 0.003, 0.003, 0.003, 0.003, 0.003, 0.003, 0.003, 0.0036, 0.0036, 0.0036, 0.0036, 0.0036, 0.0036, 0.0036, 0.0036, 0.0036, 0.0036, 0.0068, 0.0068, 0.0068, 0.0068, 0.0068, 0.0068, 0.0068, 0.0068, 0.0068, 0.0068, 0.0998, 0.0998, 0.0998, 0.0998, 0.0998, 0.0998, 0.0998, 0.0998, 0.0998, 0.0998, 0.0443, 0.0443, 0.0443, 0.0443, 0.0443, 0.0443, 0.0443, 0.0443, 0.0443, 0.0443, 0.1633, 0.1633, 0.1633, 0.1633, 0.1633, 0.1633, 0.1633, 0.1633, 0.1633, 0.1633, 0.0036, 0.0036, 0.0036, 0.0036, 0.0036, 0.0036, 0.0036, 0.0036, 0.0036, 0.0036, 0.2564, 0.2564, 0.2564, 0.2564, 0.2564, 0.2564, 0.2564, 0.2564, 0.2564, 0.2564, 0.0034, 0.0034, 0.0034, 0.0034, 0.0034, 0.0034, 0.0034, 0.0034, 0.0034, 0.0034, 0.0928, 0.0928, 0.0928, 0.0928, 0.0928, 0.0928, 0.0928, 0.0928, 0.0928, 0.0928, 0.0033, 0.0033, 0.0033, 0.0033, 0.0033, 0.0033, 0.0033, 0.0033, 0.0033, 0.0033, 0.1649, 0.1649, 0.1649, 0.1649, 0.1649, 0.1649, 0.1649, 0.1649, 0.1649, 0.1649, 0.0685, 0.0685, 0.0685, 0.0685, 0.0685, 0.0685, 0.0685, 0.0685, 0.0685, 0.0685, 0.272, 0.272, 0.272, 0.272, 0.272, 0.272, 0.272, 0.272, 0.272, 0.272, 0.291, 0.291, 0.291, 0.291, 0.291, 0.291, 0.291, 0.291, 0.291, 0.291, 0.1883, 0.1883, 0.1883, 0.1883, 0.1883, 0.1883, 0.1883, 0.1883, 0.1883, 0.1883, 0.0035, 0.0035, 0.0035, 0.0035, 0.0035, 0.0035, 0.0035, 0.0035, 0.0035, 0.0035, 0.0965, 0.0965, 0.0965, 0.0965, 0.0965, 0.0965, 0.0965, 0.0965, 0.0965, 0.0965, 0.0827, 0.0827, 0.0827, 0.0827, 0.0827, 0.0827, 0.0827, 0.0827, 0.0827, 0.0827, 0.0565, 0.0565, 0.0565, 0.0565, 0.0565, 0.0565, 0.0565, 0.0565, 0.0565, 0.0565, 0.0034, 0.0034, 0.0034, 0.0034, 0.0034, 0.0034, 0.0034, 0.0034, 0.0034, 0.0034, 0.0831, 0.0831, 0.0831, 0.0831, 0.0831, 0.0831, 0.0831, 0.0831, 0.0831, 0.0831, 0.0034, 0.0034, 0.0034, 0.0034, 0.0034, 0.0034, 0.0034, 0.0034, 0.0034, 0.0034, 0.0946, 0.0946, 0.0946, 0.0946, 0.0946, 0.0946, 0.0946, 0.0946, 0.0946, 0.0946, 0.095, 0.095, 0.095, 0.095, 0.095, 0.095, 0.095, 0.095, 0.095, 0.095, 0.0031, 0.0031, 0.0031, 0.0031, 0.0031, 0.0031, 0.0031, 0.0031, 0.0031, 0.0031, 0.0031, 0.0031, 0.0031, 0.0031, 0.0031, 0.0031, 0.0031, 0.0031, 0.0031, 0.0031, 0.0828, 0.0828, 0.0828, 0.0828, 0.0828, 0.0828, 0.0828, 0.0828, 0.0828, 0.0828, 0.0029, 0.0029, 0.0029, 0.0029, 0.0029, 0.0029, 0.0029, 0.0029, 0.0029, 0.0029, 0.0056, 0.0056, 0.0056, 0.0056, 0.0056, 0.0056, 0.0056, 0.0056, 0.0056, 0.0056, 0.198, 0.198, 0.198, 0.198, 0.198, 0.198, 0.198, 0.198, 0.198, 0.198, 0.0029, 0.0029, 0.0029, 0.0029, 0.0029, 0.0029, 0.0029, 0.0029, 0.0029, 0.0029, 0.1617, 0.1617, 0.1617, 0.1617, 0.1617, 0.1617, 0.1617, 0.1617, 0.1617, 0.1617, 0.091, 0.091, 0.091, 0.091, 0.091, 0.091, 0.091, 0.091, 0.091, 0.091, 0.003, 0.003, 0.003, 0.003, 0.003, 0.003, 0.003, 0.003, 0.003, 0.003, 0.0579, 0.0579, 0.0579, 0.0579, 0.0579, 0.0579, 0.0579, 0.0579, 0.0579, 0.0579, 0.004, 0.004, 0.004, 0.004, 0.004, 0.004, 0.004, 0.004, 0.004, 0.004, 0.0916, 0.0916, 0.0916, 0.0916, 0.0916, 0.0916, 0.0916, 0.0916, 0.0916, 0.0916, 0.0854, 0.0854, 0.0854, 0.0854, 0.0854, 0.0854, 0.0854, 0.0854, 0.0854, 0.0854, 0.0957, 0.0957, 0.0957, 0.0957, 0.0957, 0.0957, 0.0957, 0.0957, 0.0957, 0.0957, 0.1883, 0.1883, 0.1883, 0.1883, 0.1883, 0.1883, 0.1883, 0.1883, 0.1883, 0.1883, 0.0042, 0.0042, 0.0042, 0.0042, 0.0042, 0.0042, 0.0042, 0.0042, 0.0042, 0.0042, 0.0028, 0.0028, 0.0028, 0.0028, 0.0028, 0.0028, 0.0028, 0.0028, 0.0028, 0.0028, 0.1326, 0.1326, 0.1326, 0.1326, 0.1326, 0.1326, 0.1326, 0.1326, 0.1326, 0.1326, 0.0934, 0.0934, 0.0934, 0.0934, 0.0934, 0.0934, 0.0934, 0.0934, 0.0934, 0.0934, 0.1613, 0.1613, 0.1613, 0.1613, 0.1613, 0.1613, 0.1613, 0.1613, 0.1613, 0.1613, 0.1405, 0.1405, 0.1405, 0.1405, 0.1405, 0.1405, 0.1405, 0.1405, 0.1405, 0.1405, 0.0533, 0.0533, 0.0533, 0.0533, 0.0533, 0.0533, 0.0533, 0.0533, 0.0533, 0.0533, 0.0848, 0.0848, 0.0848, 0.0848, 0.0848, 0.0848, 0.0848, 0.0848, 0.0848, 0.0848, 0.003, 0.003, 0.003, 0.003, 0.003, 0.003, 0.003, 0.003, 0.003, 0.003, 0.1207, 0.1207, 0.1207, 0.1207, 0.1207, 0.1207, 0.1207, 0.1207, 0.1207, 0.1207, 0.1658, 0.1658, 0.1658, 0.1658, 0.1658, 0.1658, 0.1658, 0.1658, 0.1658, 0.1658, 0.0767, 0.0767, 0.0767, 0.0767, 0.0767, 0.0767, 0.0767, 0.0767, 0.0767, 0.0767, 0.0037, 0.0037, 0.0037, 0.0037, 0.0037, 0.0037, 0.0037, 0.0037, 0.0037, 0.0037, 0.0043, 0.0043, 0.0043, 0.0043, 0.0043, 0.0043, 0.0043, 0.0043, 0.0043, 0.0043, 0.0783, 0.0783, 0.0783, 0.0783, 0.0783, 0.0783, 0.0783, 0.0783, 0.0783, 0.0783, 0.003, 0.003, 0.003, 0.003, 0.003, 0.003, 0.003, 0.003, 0.003, 0.003, 0.0826, 0.0826, 0.0826, 0.0826, 0.0826, 0.0826, 0.0826, 0.0826, 0.0826, 0.0826, 0.0488, 0.0488, 0.0488, 0.0488, 0.0488, 0.0488, 0.0488, 0.0488, 0.0488, 0.0488, 0.1678, 0.1678, 0.1678, 0.1678, 0.1678, 0.1678, 0.1678, 0.1678, 0.1678, 0.1678, 0.0031, 0.0031, 0.0031, 0.0031, 0.0031, 0.0031, 0.0031, 0.0031, 0.0031, 0.0031, 0.2995, 0.2995, 0.2995, 0.2995, 0.2995, 0.2995, 0.2995, 0.2995, 0.2995, 0.2995, 0.117, 0.117, 0.117, 0.117, 0.117, 0.117, 0.117, 0.117, 0.117, 0.117, 0.0881, 0.0881, 0.0881, 0.0881, 0.0881, 0.0881, 0.0881, 0.0881, 0.0881, 0.0881, 0.1786, 0.1786, 0.1786, 0.1786, 0.1786, 0.1786, 0.1786, 0.1786, 0.1786, 0.1786, 0.1231, 0.1231, 0.1231, 0.1231, 0.1231, 0.1231, 0.1231, 0.1231, 0.1231, 0.1231, 0.078, 0.078, 0.078, 0.078, 0.078, 0.078, 0.078, 0.078, 0.078, 0.078, 0.003, 0.003, 0.003, 0.003, 0.003, 0.003, 0.003, 0.003, 0.003, 0.003, 0.0029, 0.0029, 0.0029, 0.0029, 0.0029, 0.0029, 0.0029, 0.0029, 0.0029, 0.0029, 0.0111, 0.0111, 0.0111, 0.0111, 0.0111, 0.0111, 0.0111, 0.0111, 0.0111, 0.0111]
Validation Loss:
[0.46952012181282043, 0.3806133568286896, 0.2963831424713135, 0.26479974389076233, 0.3257032334804535, 0.37812575697898865, 0.3806275427341461, 0.39915552735328674, 0.3421303927898407, 0.36006227135658264]
Train, Validation, Test split:
Train: 6222
Validation: 1755
Test: 887
