Accuracy: 0.948220064724919
Classification Report:
                  precision    recall  f1-score   support

        Archival       0.98      0.96      0.97       411
          Letter       0.95      0.97      0.96       208
        Literary       0.33      0.60      0.43        10
Royal/Monumental       0.92      0.90      0.91       102
      Scientific       0.96      0.94      0.95       196

        accuracy                           0.95       927
       macro avg       0.83      0.87      0.84       927
    weighted avg       0.95      0.95      0.95       927

Training Loss:
[1.5352, 1.5352, 1.5352, 1.5352, 1.5352, 1.5352, 1.5352, 1.5352, 1.5352, 1.5352, 1.4049, 1.4049, 1.4049, 1.4049, 1.4049, 1.4049, 1.4049, 1.4049, 1.4049, 1.4049, 1.4073, 1.4073, 1.4073, 1.4073, 1.4073, 1.4073, 1.4073, 1.4073, 1.4073, 1.4073, 1.2466, 1.2466, 1.2466, 1.2466, 1.2466, 1.2466, 1.2466, 1.2466, 1.2466, 1.2466, 1.3742, 1.3742, 1.3742, 1.3742, 1.3742, 1.3742, 1.3742, 1.3742, 1.3742, 1.3742, 1.1724, 1.1724, 1.1724, 1.1724, 1.1724, 1.1724, 1.1724, 1.1724, 1.1724, 1.1724, 1.1443, 1.1443, 1.1443, 1.1443, 1.1443, 1.1443, 1.1443, 1.1443, 1.1443, 1.1443, 1.1908, 1.1908, 1.1908, 1.1908, 1.1908, 1.1908, 1.1908, 1.1908, 1.1908, 1.1908, 1.0044, 1.0044, 1.0044, 1.0044, 1.0044, 1.0044, 1.0044, 1.0044, 1.0044, 1.0044, 0.9597, 0.9597, 0.9597, 0.9597, 0.9597, 0.9597, 0.9597, 0.9597, 0.9597, 0.9597, 0.9514, 0.9514, 0.9514, 0.9514, 0.9514, 0.9514, 0.9514, 0.9514, 0.9514, 0.9514, 0.8623, 0.8623, 0.8623, 0.8623, 0.8623, 0.8623, 0.8623, 0.8623, 0.8623, 0.8623, 0.6305, 0.6305, 0.6305, 0.6305, 0.6305, 0.6305, 0.6305, 0.6305, 0.6305, 0.6305, 0.6048, 0.6048, 0.6048, 0.6048, 0.6048, 0.6048, 0.6048, 0.6048, 0.6048, 0.6048, 0.7752, 0.7752, 0.7752, 0.7752, 0.7752, 0.7752, 0.7752, 0.7752, 0.7752, 0.7752, 0.5365, 0.5365, 0.5365, 0.5365, 0.5365, 0.5365, 0.5365, 0.5365, 0.5365, 0.5365, 0.5833, 0.5833, 0.5833, 0.5833, 0.5833, 0.5833, 0.5833, 0.5833, 0.5833, 0.5833, 0.5449, 0.5449, 0.5449, 0.5449, 0.5449, 0.5449, 0.5449, 0.5449, 0.5449, 0.5449, 0.7132, 0.7132, 0.7132, 0.7132, 0.7132, 0.7132, 0.7132, 0.7132, 0.7132, 0.7132, 0.6554, 0.6554, 0.6554, 0.6554, 0.6554, 0.6554, 0.6554, 0.6554, 0.6554, 0.6554, 0.5311, 0.5311, 0.5311, 0.5311, 0.5311, 0.5311, 0.5311, 0.5311, 0.5311, 0.5311, 0.4771, 0.4771, 0.4771, 0.4771, 0.4771, 0.4771, 0.4771, 0.4771, 0.4771, 0.4771, 0.4743, 0.4743, 0.4743, 0.4743, 0.4743, 0.4743, 0.4743, 0.4743, 0.4743, 0.4743, 0.4478, 0.4478, 0.4478, 0.4478, 0.4478, 0.4478, 0.4478, 0.4478, 0.4478, 0.4478, 0.9916, 0.9916, 0.9916, 0.9916, 0.9916, 0.9916, 0.9916, 0.9916, 0.9916, 0.9916, 0.7166, 0.7166, 0.7166, 0.7166, 0.7166, 0.7166, 0.7166, 0.7166, 0.7166, 0.7166, 0.9133, 0.9133, 0.9133, 0.9133, 0.9133, 0.9133, 0.9133, 0.9133, 0.9133, 0.9133, 0.5848, 0.5848, 0.5848, 0.5848, 0.5848, 0.5848, 0.5848, 0.5848, 0.5848, 0.5848, 0.8382, 0.8382, 0.8382, 0.8382, 0.8382, 0.8382, 0.8382, 0.8382, 0.8382, 0.8382, 0.5211, 0.5211, 0.5211, 0.5211, 0.5211, 0.5211, 0.5211, 0.5211, 0.5211, 0.5211, 0.4378, 0.4378, 0.4378, 0.4378, 0.4378, 0.4378, 0.4378, 0.4378, 0.4378, 0.4378, 0.5461, 0.5461, 0.5461, 0.5461, 0.5461, 0.5461, 0.5461, 0.5461, 0.5461, 0.5461, 0.4598, 0.4598, 0.4598, 0.4598, 0.4598, 0.4598, 0.4598, 0.4598, 0.4598, 0.4598, 0.5255, 0.5255, 0.5255, 0.5255, 0.5255, 0.5255, 0.5255, 0.5255, 0.5255, 0.5255, 0.6736, 0.6736, 0.6736, 0.6736, 0.6736, 0.6736, 0.6736, 0.6736, 0.6736, 0.6736, 0.4793, 0.4793, 0.4793, 0.4793, 0.4793, 0.4793, 0.4793, 0.4793, 0.4793, 0.4793, 0.6208, 0.6208, 0.6208, 0.6208, 0.6208, 0.6208, 0.6208, 0.6208, 0.6208, 0.6208, 0.808, 0.808, 0.808, 0.808, 0.808, 0.808, 0.808, 0.808, 0.808, 0.808, 0.3847, 0.3847, 0.3847, 0.3847, 0.3847, 0.3847, 0.3847, 0.3847, 0.3847, 0.3847, 0.4466, 0.4466, 0.4466, 0.4466, 0.4466, 0.4466, 0.4466, 0.4466, 0.4466, 0.4466, 0.439, 0.439, 0.439, 0.439, 0.439, 0.439, 0.439, 0.439, 0.439, 0.439, 0.6756, 0.6756, 0.6756, 0.6756, 0.6756, 0.6756, 0.6756, 0.6756, 0.6756, 0.6756, 0.5817, 0.5817, 0.5817, 0.5817, 0.5817, 0.5817, 0.5817, 0.5817, 0.5817, 0.5817, 0.5683, 0.5683, 0.5683, 0.5683, 0.5683, 0.5683, 0.5683, 0.5683, 0.5683, 0.5683, 0.6171, 0.6171, 0.6171, 0.6171, 0.6171, 0.6171, 0.6171, 0.6171, 0.6171, 0.6171, 0.6937, 0.6937, 0.6937, 0.6937, 0.6937, 0.6937, 0.6937, 0.6937, 0.6937, 0.6937, 0.5188, 0.5188, 0.5188, 0.5188, 0.5188, 0.5188, 0.5188, 0.5188, 0.5188, 0.5188, 0.4606, 0.4606, 0.4606, 0.4606, 0.4606, 0.4606, 0.4606, 0.4606, 0.4606, 0.4606, 0.6553, 0.6553, 0.6553, 0.6553, 0.6553, 0.6553, 0.6553, 0.6553, 0.6553, 0.6553, 0.7351, 0.7351, 0.7351, 0.7351, 0.7351, 0.7351, 0.7351, 0.7351, 0.7351, 0.7351, 0.4906, 0.4906, 0.4906, 0.4906, 0.4906, 0.4906, 0.4906, 0.4906, 0.4906, 0.4906, 0.3525, 0.3525, 0.3525, 0.3525, 0.3525, 0.3525, 0.3525, 0.3525, 0.3525, 0.3525, 0.7937, 0.7937, 0.7937, 0.7937, 0.7937, 0.7937, 0.7937, 0.7937, 0.7937, 0.7937, 0.3795, 0.3795, 0.3795, 0.3795, 0.3795, 0.3795, 0.3795, 0.3795, 0.3795, 0.3795, 0.5839, 0.5839, 0.5839, 0.5839, 0.5839, 0.5839, 0.5839, 0.5839, 0.5839, 0.5839, 0.7152, 0.7152, 0.7152, 0.7152, 0.7152, 0.7152, 0.7152, 0.7152, 0.7152, 0.7152, 0.4433, 0.4433, 0.4433, 0.4433, 0.4433, 0.4433, 0.4433, 0.4433, 0.4433, 0.4433, 0.4979, 0.4979, 0.4979, 0.4979, 0.4979, 0.4979, 0.4979, 0.4979, 0.4979, 0.4979, 0.554, 0.554, 0.554, 0.554, 0.554, 0.554, 0.554, 0.554, 0.554, 0.554, 0.292, 0.292, 0.292, 0.292, 0.292, 0.292, 0.292, 0.292, 0.292, 0.292, 0.612, 0.612, 0.612, 0.612, 0.612, 0.612, 0.612, 0.612, 0.612, 0.612, 0.7625, 0.7625, 0.7625, 0.7625, 0.7625, 0.7625, 0.7625, 0.7625, 0.7625, 0.7625, 0.5488, 0.5488, 0.5488, 0.5488, 0.5488, 0.5488, 0.5488, 0.5488, 0.5488, 0.5488, 0.5995, 0.5995, 0.5995, 0.5995, 0.5995, 0.5995, 0.5995, 0.5995, 0.5995, 0.5995, 0.5934, 0.5934, 0.5934, 0.5934, 0.5934, 0.5934, 0.5934, 0.5934, 0.5934, 0.5934, 0.5097, 0.5097, 0.5097, 0.5097, 0.5097, 0.5097, 0.5097, 0.5097, 0.5097, 0.5097, 0.6471, 0.6471, 0.6471, 0.6471, 0.6471, 0.6471, 0.6471, 0.6471, 0.6471, 0.6471, 0.6675, 0.6675, 0.6675, 0.6675, 0.6675, 0.6675, 0.6675, 0.6675, 0.6675, 0.6675, 0.2817, 0.2817, 0.2817, 0.2817, 0.2817, 0.2817, 0.2817, 0.2817, 0.2817, 0.2817, 0.5995, 0.5995, 0.5995, 0.5995, 0.5995, 0.5995, 0.5995, 0.5995, 0.5995, 0.5995, 0.6452, 0.6452, 0.6452, 0.6452, 0.6452, 0.6452, 0.6452, 0.6452, 0.6452, 0.6452, 0.3701, 0.3701, 0.3701, 0.3701, 0.3701, 0.3701, 0.3701, 0.3701, 0.3701, 0.3701, 0.4576, 0.4576, 0.4576, 0.4576, 0.4576, 0.4576, 0.4576, 0.4576, 0.4576, 0.4576, 0.3335, 0.3335, 0.3335, 0.3335, 0.3335, 0.3335, 0.3335, 0.3335, 0.3335, 0.3335, 0.403, 0.403, 0.403, 0.403, 0.403, 0.403, 0.403, 0.403, 0.403, 0.403, 0.3864, 0.3864, 0.3864, 0.3864, 0.3864, 0.3864, 0.3864, 0.3864, 0.3864, 0.3864, 1.0813, 1.0813, 1.0813, 1.0813, 1.0813, 1.0813, 1.0813, 1.0813, 1.0813, 1.0813, 0.4819, 0.4819, 0.4819, 0.4819, 0.4819, 0.4819, 0.4819, 0.4819, 0.4819, 0.4819, 0.3498, 0.3498, 0.3498, 0.3498, 0.3498, 0.3498, 0.3498, 0.3498, 0.3498, 0.3498, 0.2778, 0.2778, 0.2778, 0.2778, 0.2778, 0.2778, 0.2778, 0.2778, 0.2778, 0.2778, 0.6165, 0.6165, 0.6165, 0.6165, 0.6696, 0.6696, 0.6696, 0.6696, 0.6696, 0.6696, 0.6696, 0.6696, 0.6696, 0.6696, 0.6225, 0.6225, 0.6225, 0.6225, 0.6225, 0.6225, 0.6225, 0.6225, 0.6225, 0.6225, 0.3801, 0.3801, 0.3801, 0.3801, 0.3801, 0.3801, 0.3801, 0.3801, 0.3801, 0.3801, 0.5177, 0.5177, 0.5177, 0.5177, 0.5177, 0.5177, 0.5177, 0.5177, 0.5177, 0.5177, 0.3558, 0.3558, 0.3558, 0.3558, 0.3558, 0.3558, 0.3558, 0.3558, 0.3558, 0.3558, 0.5088, 0.5088, 0.5088, 0.5088, 0.5088, 0.5088, 0.5088, 0.5088, 0.5088, 0.5088, 0.3446, 0.3446, 0.3446, 0.3446, 0.3446, 0.3446, 0.3446, 0.3446, 0.3446, 0.3446, 0.2395, 0.2395, 0.2395, 0.2395, 0.2395, 0.2395, 0.2395, 0.2395, 0.2395, 0.2395, 0.352, 0.352, 0.352, 0.352, 0.352, 0.352, 0.352, 0.352, 0.352, 0.352, 0.23, 0.23, 0.23, 0.23, 0.23, 0.23, 0.23, 0.23, 0.23, 0.23, 0.6315, 0.6315, 0.6315, 0.6315, 0.6315, 0.6315, 0.6315, 0.6315, 0.6315, 0.6315, 0.5405, 0.5405, 0.5405, 0.5405, 0.5405, 0.5405, 0.5405, 0.5405, 0.5405, 0.5405, 0.576, 0.576, 0.576, 0.576, 0.576, 0.576, 0.576, 0.576, 0.576, 0.576, 0.6899, 0.6899, 0.6899, 0.6899, 0.6899, 0.6899, 0.6899, 0.6899, 0.6899, 0.6899, 0.402, 0.402, 0.402, 0.402, 0.402, 0.402, 0.402, 0.402, 0.402, 0.402, 0.5705, 0.5705, 0.5705, 0.5705, 0.5705, 0.5705, 0.5705, 0.5705, 0.5705, 0.5705, 0.389, 0.389, 0.389, 0.389, 0.389, 0.389, 0.389, 0.389, 0.389, 0.389, 0.5709, 0.5709, 0.5709, 0.5709, 0.5709, 0.5709, 0.5709, 0.5709, 0.5709, 0.5709, 0.4655, 0.4655, 0.4655, 0.4655, 0.4655, 0.4655, 0.4655, 0.4655, 0.4655, 0.4655, 0.3694, 0.3694, 0.3694, 0.3694, 0.3694, 0.3694, 0.3694, 0.3694, 0.3694, 0.3694, 0.2872, 0.2872, 0.2872, 0.2872, 0.2872, 0.2872, 0.2872, 0.2872, 0.2872, 0.2872, 0.2463, 0.2463, 0.2463, 0.2463, 0.2463, 0.2463, 0.2463, 0.2463, 0.2463, 0.2463, 0.3663, 0.3663, 0.3663, 0.3663, 0.3663, 0.3663, 0.3663, 0.3663, 0.3663, 0.3663, 0.1771, 0.1771, 0.1771, 0.1771, 0.1771, 0.1771, 0.1771, 0.1771, 0.1771, 0.1771, 0.3468, 0.3468, 0.3468, 0.3468, 0.3468, 0.3468, 0.3468, 0.3468, 0.3468, 0.3468, 0.1453, 0.1453, 0.1453, 0.1453, 0.1453, 0.1453, 0.1453, 0.1453, 0.1453, 0.1453, 0.5841, 0.5841, 0.5841, 0.5841, 0.5841, 0.5841, 0.5841, 0.5841, 0.5841, 0.5841, 0.6181, 0.6181, 0.6181, 0.6181, 0.6181, 0.6181, 0.6181, 0.6181, 0.6181, 0.6181, 0.4948, 0.4948, 0.4948, 0.4948, 0.4948, 0.4948, 0.4948, 0.4948, 0.4948, 0.4948, 0.3059, 0.3059, 0.3059, 0.3059, 0.3059, 0.3059, 0.3059, 0.3059, 0.3059, 0.3059, 0.3711, 0.3711, 0.3711, 0.3711, 0.3711, 0.3711, 0.3711, 0.3711, 0.3711, 0.3711, 0.3769, 0.3769, 0.3769, 0.3769, 0.3769, 0.3769, 0.3769, 0.3769, 0.3769, 0.3769, 0.3696, 0.3696, 0.3696, 0.3696, 0.3696, 0.3696, 0.3696, 0.3696, 0.3696, 0.3696, 0.1485, 0.1485, 0.1485, 0.1485, 0.1485, 0.1485, 0.1485, 0.1485, 0.1485, 0.1485, 0.4186, 0.4186, 0.4186, 0.4186, 0.4186, 0.4186, 0.4186, 0.4186, 0.4186, 0.4186, 0.5468, 0.5468, 0.5468, 0.5468, 0.5468, 0.5468, 0.5468, 0.5468, 0.5468, 0.5468, 0.6552, 0.6552, 0.6552, 0.6552, 0.6552, 0.6552, 0.6552, 0.6552, 0.6552, 0.6552, 0.2609, 0.2609, 0.2609, 0.2609, 0.2609, 0.2609, 0.2609, 0.2609, 0.2609, 0.2609, 0.5651, 0.5651, 0.5651, 0.5651, 0.5651, 0.5651, 0.5651, 0.5651, 0.5651, 0.5651, 0.4508, 0.4508, 0.4508, 0.4508, 0.4508, 0.4508, 0.4508, 0.4508, 0.4508, 0.4508, 0.6922, 0.6922, 0.6922, 0.6922, 0.6922, 0.6922, 0.6922, 0.6922, 0.6922, 0.6922, 0.6706, 0.6706, 0.6706, 0.6706, 0.6706, 0.6706, 0.6706, 0.6706, 0.6706, 0.6706, 0.4928, 0.4928, 0.4928, 0.4928, 0.4928, 0.4928, 0.4928, 0.4928, 0.4928, 0.4928, 0.4135, 0.4135, 0.4135, 0.4135, 0.4135, 0.4135, 0.4135, 0.4135, 0.4135, 0.4135, 0.6865, 0.6865, 0.6865, 0.6865, 0.6865, 0.6865, 0.6865, 0.6865, 0.6865, 0.6865, 0.023, 0.023, 0.023, 0.023, 0.023, 0.023, 0.023, 0.023, 0.023, 0.023, 0.2386, 0.2386, 0.2386, 0.2386, 0.2386, 0.2386, 0.2386, 0.2386, 0.2386, 0.2386, 0.4877, 0.4877, 0.4877, 0.4877, 0.4877, 0.4877, 0.4877, 0.4877, 0.4877, 0.4877, 0.684, 0.684, 0.684, 0.684, 0.684, 0.684, 0.684, 0.684, 0.684, 0.684, 0.4306, 0.4306, 0.4306, 0.4306, 0.4306, 0.4306, 0.4306, 0.4306, 0.4306, 0.4306, 0.4379, 0.4379, 0.4379, 0.4379, 0.4379, 0.4379, 0.4379, 0.4379, 0.4379, 0.4379, 0.356, 0.356, 0.356, 0.356, 0.356, 0.356, 0.356, 0.356, 0.356, 0.356, 0.1768, 0.1768, 0.1768, 0.1768, 0.1768, 0.1768, 0.1768, 0.1768, 0.1768, 0.1768, 0.2497, 0.2497, 0.2497, 0.2497, 0.2497, 0.2497, 0.2497, 0.2497, 0.2497, 0.2497, 0.3343, 0.3343, 0.3343, 0.3343, 0.3343, 0.3343, 0.3343, 0.3343, 0.3343, 0.3343, 0.456, 0.456, 0.456, 0.456, 0.456, 0.456, 0.456, 0.456, 0.456, 0.456, 0.4623, 0.4623, 0.4623, 0.4623, 0.4623, 0.4623, 0.4623, 0.4623, 0.4623, 0.4623, 0.4872, 0.4872, 0.4872, 0.4872, 0.4872, 0.4872, 0.4872, 0.4872, 0.4872, 0.4872, 0.2492, 0.2492, 0.2492, 0.2492, 0.2492, 0.2492, 0.2492, 0.2492, 0.2492, 0.2492, 0.2369, 0.2369, 0.2369, 0.2369, 0.2369, 0.2369, 0.2369, 0.2369, 0.2369, 0.2369, 0.305, 0.305, 0.305, 0.305, 0.305, 0.305, 0.305, 0.305, 0.305, 0.305, 0.6854, 0.6854, 0.6854, 0.6854, 0.6854, 0.6854, 0.6854, 0.6854, 0.6854, 0.6854, 0.2059, 0.2059, 0.2059, 0.2059, 0.2059, 0.2059, 0.2059, 0.2059, 0.2059, 0.2059, 0.5346, 0.5346, 0.5346, 0.5346, 0.5346, 0.5346, 0.5346, 0.5346, 0.5346, 0.5346, 0.4161, 0.4161, 0.4161, 0.4161, 0.4161, 0.4161, 0.4161, 0.4161, 0.4161, 0.4161, 0.442, 0.442, 0.442, 0.442, 0.442, 0.442, 0.442, 0.442, 0.442, 0.442, 0.5172, 0.5172, 0.5172, 0.5172, 0.5172, 0.5172, 0.5172, 0.5172, 0.5172, 0.5172, 0.372, 0.372, 0.372, 0.372, 0.372, 0.372, 0.372, 0.372, 0.372, 0.372, 0.252, 0.252, 0.252, 0.252, 0.252, 0.252, 0.252, 0.252, 0.252, 0.252, 0.4661, 0.4661, 0.4661, 0.4661, 0.4661, 0.4661, 0.4661, 0.4661, 0.4661, 0.4661, 0.6995, 0.6995, 0.6995, 0.6995, 0.6995, 0.6995, 0.6995, 0.6995, 0.6995, 0.6995, 0.4165, 0.4165, 0.4165, 0.4165, 0.4165, 0.4165, 0.4165, 0.4165, 0.4165, 0.4165, 0.3776, 0.3776, 0.3776, 0.3776, 0.3776, 0.3776, 0.3776, 0.3776, 0.3776, 0.3776, 0.3074, 0.3074, 0.3074, 0.3074, 0.3074, 0.3074, 0.3074, 0.3074, 0.3074, 0.3074, 0.6187, 0.6187, 0.6187, 0.6187, 0.6187, 0.6187, 0.6187, 0.6187, 0.6187, 0.6187, 0.7764, 0.7764, 0.7764, 0.7764, 0.7764, 0.7764, 0.7764, 0.7764, 0.7764, 0.7764, 0.4629, 0.4629, 0.4629, 0.4629, 0.4629, 0.4629, 0.4629, 0.4629, 0.4629, 0.4629, 0.5652, 0.5652, 0.5652, 0.5652, 0.5652, 0.5652, 0.5652, 0.5652, 0.5652, 0.5652, 0.4571, 0.4571, 0.4571, 0.4571, 0.4571, 0.4571, 0.4571, 0.4571, 0.4571, 0.4571, 0.4172, 0.4172, 0.4172, 0.4172, 0.4172, 0.4172, 0.4172, 0.4172, 0.4172, 0.4172, 0.334, 0.334, 0.334, 0.334, 0.334, 0.334, 0.334, 0.334, 0.4009, 0.4009, 0.4009, 0.4009, 0.4009, 0.4009, 0.4009, 0.4009, 0.4009, 0.4009, 0.3739, 0.3739, 0.3739, 0.3739, 0.3739, 0.3739, 0.3739, 0.3739, 0.3739, 0.3739, 0.3481, 0.3481, 0.3481, 0.3481, 0.3481, 0.3481, 0.3481, 0.3481, 0.3481, 0.3481, 0.1017, 0.1017, 0.1017, 0.1017, 0.1017, 0.1017, 0.1017, 0.1017, 0.1017, 0.1017, 0.3004, 0.3004, 0.3004, 0.3004, 0.3004, 0.3004, 0.3004, 0.3004, 0.3004, 0.3004, 0.6309, 0.6309, 0.6309, 0.6309, 0.6309, 0.6309, 0.6309, 0.6309, 0.6309, 0.6309, 0.3458, 0.3458, 0.3458, 0.3458, 0.3458, 0.3458, 0.3458, 0.3458, 0.3458, 0.3458, 0.3007, 0.3007, 0.3007, 0.3007, 0.3007, 0.3007, 0.3007, 0.3007, 0.3007, 0.3007, 0.5354, 0.5354, 0.5354, 0.5354, 0.5354, 0.5354, 0.5354, 0.5354, 0.5354, 0.5354, 0.2755, 0.2755, 0.2755, 0.2755, 0.2755, 0.2755, 0.2755, 0.2755, 0.2755, 0.2755, 0.4625, 0.4625, 0.4625, 0.4625, 0.4625, 0.4625, 0.4625, 0.4625, 0.4625, 0.4625, 0.073, 0.073, 0.073, 0.073, 0.073, 0.073, 0.073, 0.073, 0.073, 0.073, 0.3365, 0.3365, 0.3365, 0.3365, 0.3365, 0.3365, 0.3365, 0.3365, 0.3365, 0.3365, 0.2304, 0.2304, 0.2304, 0.2304, 0.2304, 0.2304, 0.2304, 0.2304, 0.2304, 0.2304, 0.2943, 0.2943, 0.2943, 0.2943, 0.2943, 0.2943, 0.2943, 0.2943, 0.2943, 0.2943, 0.4161, 0.4161, 0.4161, 0.4161, 0.4161, 0.4161, 0.4161, 0.4161, 0.4161, 0.4161, 0.2773, 0.2773, 0.2773, 0.2773, 0.2773, 0.2773, 0.2773, 0.2773, 0.2773, 0.2773, 0.4884, 0.4884, 0.4884, 0.4884, 0.4884, 0.4884, 0.4884, 0.4884, 0.4884, 0.4884, 0.4345, 0.4345, 0.4345, 0.4345, 0.4345, 0.4345, 0.4345, 0.4345, 0.4345, 0.4345, 0.692, 0.692, 0.692, 0.692, 0.692, 0.692, 0.692, 0.692, 0.692, 0.692, 0.2186, 0.2186, 0.2186, 0.2186, 0.2186, 0.2186, 0.2186, 0.2186, 0.2186, 0.2186, 0.2426, 0.2426, 0.2426, 0.2426, 0.2426, 0.2426, 0.2426, 0.2426, 0.2426, 0.2426, 0.1659, 0.1659, 0.1659, 0.1659, 0.1659, 0.1659, 0.1659, 0.1659, 0.1659, 0.1659, 0.3806, 0.3806, 0.3806, 0.3806, 0.3806, 0.3806, 0.3806, 0.3806, 0.3806, 0.3806, 0.1181, 0.1181, 0.1181, 0.1181, 0.1181, 0.1181, 0.1181, 0.1181, 0.1181, 0.1181, 0.1663, 0.1663, 0.1663, 0.1663, 0.1663, 0.1663, 0.1663, 0.1663, 0.1663, 0.1663, 0.6709, 0.6709, 0.6709, 0.6709, 0.6709, 0.6709, 0.6709, 0.6709, 0.6709, 0.6709, 0.1942, 0.1942, 0.1942, 0.1942, 0.1942, 0.1942, 0.1942, 0.1942, 0.1942, 0.1942, 0.2279, 0.2279, 0.2279, 0.2279, 0.2279, 0.2279, 0.2279, 0.2279, 0.2279, 0.2279, 0.26, 0.26, 0.26, 0.26, 0.26, 0.26, 0.26, 0.26, 0.26, 0.26, 0.6042, 0.6042, 0.6042, 0.6042, 0.6042, 0.6042, 0.6042, 0.6042, 0.6042, 0.6042, 0.2173, 0.2173, 0.2173, 0.2173, 0.2173, 0.2173, 0.2173, 0.2173, 0.2173, 0.2173, 0.5447, 0.5447, 0.5447, 0.5447, 0.5447, 0.5447, 0.5447, 0.5447, 0.5447, 0.5447, 0.3653, 0.3653, 0.3653, 0.3653, 0.3653, 0.3653, 0.3653, 0.3653, 0.3653, 0.3653, 0.2246, 0.2246, 0.2246, 0.2246, 0.2246, 0.2246, 0.2246, 0.2246, 0.2246, 0.2246, 0.4423, 0.4423, 0.4423, 0.4423, 0.4423, 0.4423, 0.4423, 0.4423, 0.4423, 0.4423, 0.2564, 0.2564, 0.2564, 0.2564, 0.2564, 0.2564, 0.2564, 0.2564, 0.2564, 0.2564, 0.0457, 0.0457, 0.0457, 0.0457, 0.0457, 0.0457, 0.0457, 0.0457, 0.0457, 0.0457, 0.3192, 0.3192, 0.3192, 0.3192, 0.3192, 0.3192, 0.3192, 0.3192, 0.3192, 0.3192, 0.4007, 0.4007, 0.4007, 0.4007, 0.4007, 0.4007, 0.4007, 0.4007, 0.4007, 0.4007, 0.2328, 0.2328, 0.2328, 0.2328, 0.2328, 0.2328, 0.2328, 0.2328, 0.2328, 0.2328, 0.5156, 0.5156, 0.5156, 0.5156, 0.5156, 0.5156, 0.5156, 0.5156, 0.5156, 0.5156, 0.3464, 0.3464, 0.3464, 0.3464, 0.3464, 0.3464, 0.3464, 0.3464, 0.3464, 0.3464, 0.079, 0.079, 0.079, 0.079, 0.079, 0.079, 0.079, 0.079, 0.079, 0.079, 0.265, 0.265, 0.265, 0.265, 0.265, 0.265, 0.265, 0.265, 0.265, 0.265, 0.1846, 0.1846, 0.1846, 0.1846, 0.1846, 0.1846, 0.1846, 0.1846, 0.1846, 0.1846, 0.2928, 0.2928, 0.2928, 0.2928, 0.2928, 0.2928, 0.2928, 0.2928, 0.2928, 0.2928, 0.3682, 0.3682, 0.3682, 0.3682, 0.3682, 0.3682, 0.3682, 0.3682, 0.3682, 0.3682, 0.367, 0.367, 0.367, 0.367, 0.367, 0.367, 0.367, 0.367, 0.367, 0.367, 0.2453, 0.2453, 0.2453, 0.2453, 0.2453, 0.2453, 0.2453, 0.2453, 0.2453, 0.2453, 0.2777, 0.2777, 0.2777, 0.2777, 0.2777, 0.2777, 0.2777, 0.2777, 0.2777, 0.2777, 0.5306, 0.5306, 0.5306, 0.5306, 0.5306, 0.5306, 0.5306, 0.5306, 0.5306, 0.5306, 0.5226, 0.5226, 0.5226, 0.5226, 0.5226, 0.5226, 0.5226, 0.5226, 0.5226, 0.5226, 0.238, 0.238, 0.238, 0.238, 0.238, 0.238, 0.238, 0.238, 0.238, 0.238, 0.4804, 0.4804, 0.4804, 0.4804, 0.4804, 0.4804, 0.4804, 0.4804, 0.4804, 0.4804, 0.3258, 0.3258, 0.3258, 0.3258, 0.3258, 0.3258, 0.3258, 0.3258, 0.3258, 0.3258, 0.2009, 0.2009, 0.2009, 0.2009, 0.2009, 0.2009, 0.2009, 0.2009, 0.2009, 0.2009, 0.4032, 0.4032, 0.4032, 0.4032, 0.4032, 0.4032, 0.4032, 0.4032, 0.4032, 0.4032, 0.2812, 0.2812, 0.2812, 0.2812, 0.2812, 0.2812, 0.2812, 0.2812, 0.2812, 0.2812, 0.3543, 0.3543, 0.3543, 0.3543, 0.3543, 0.3543, 0.3543, 0.3543, 0.3543, 0.3543, 0.2295, 0.2295, 0.2295, 0.2295, 0.2295, 0.2295, 0.2295, 0.2295, 0.2295, 0.2295, 0.1258, 0.1258, 0.1258, 0.1258, 0.1258, 0.1258, 0.1258, 0.1258, 0.1258, 0.1258, 0.1045, 0.1045, 0.1045, 0.1045, 0.1045, 0.1045, 0.1045, 0.1045, 0.1045, 0.1045, 0.3996, 0.3996, 0.3996, 0.3996, 0.3996, 0.3996, 0.3996, 0.3996, 0.3996, 0.3996, 0.3823, 0.3823, 0.3823, 0.3823, 0.3823, 0.3823, 0.3823, 0.3823, 0.3823, 0.3823, 0.3427, 0.3427, 0.3427, 0.3427, 0.3427, 0.3427, 0.3427, 0.3427, 0.3427, 0.3427, 0.2981, 0.2981, 0.2981, 0.2981, 0.2981, 0.2981, 0.2981, 0.2981, 0.2981, 0.2981, 0.4192, 0.4192, 0.4192, 0.4192, 0.4192, 0.4192, 0.4192, 0.4192, 0.4192, 0.4192, 0.3187, 0.3187, 0.3187, 0.3187, 0.3187, 0.3187, 0.3187, 0.3187, 0.3187, 0.3187, 0.2206, 0.2206, 0.2206, 0.2206, 0.2206, 0.2206, 0.2206, 0.2206, 0.2206, 0.2206, 0.2864, 0.2864, 0.2864, 0.2864, 0.2864, 0.2864, 0.2864, 0.2864, 0.2864, 0.2864, 0.1035, 0.1035, 0.1035, 0.1035, 0.1035, 0.1035, 0.1035, 0.1035, 0.1035, 0.1035, 0.2212, 0.2212, 0.2212, 0.2212, 0.2212, 0.2212, 0.2212, 0.2212, 0.2212, 0.2212, 0.148, 0.148, 0.148, 0.148, 0.148, 0.148, 0.148, 0.148, 0.148, 0.148, 0.2331, 0.2331, 0.2331, 0.2331, 0.2331, 0.2331, 0.2331, 0.2331, 0.2331, 0.2331, 0.3191, 0.3191, 0.3191, 0.3191, 0.3191, 0.3191, 0.3191, 0.3191, 0.3191, 0.3191, 0.3678, 0.3678, 0.3678, 0.3678, 0.3678, 0.3678, 0.3678, 0.3678, 0.3678, 0.3678, 0.5131, 0.5131, 0.5131, 0.5131, 0.5131, 0.5131, 0.5131, 0.5131, 0.5131, 0.5131, 0.258, 0.258, 0.258, 0.258, 0.258, 0.258, 0.258, 0.258, 0.258, 0.258, 0.2282, 0.2282, 0.2282, 0.2282, 0.2282, 0.2282, 0.2282, 0.2282, 0.2282, 0.2282, 0.1688, 0.1688, 0.1688, 0.1688, 0.1688, 0.1688, 0.1688, 0.1688, 0.1688, 0.1688, 0.2241, 0.2241, 0.5347, 0.5347, 0.5347, 0.5347, 0.5347, 0.5347, 0.5347, 0.5347, 0.5347, 0.5347, 0.3495, 0.3495, 0.3495, 0.3495, 0.3495, 0.3495, 0.3495, 0.3495, 0.3495, 0.3495, 0.2108, 0.2108, 0.2108, 0.2108, 0.2108, 0.2108, 0.2108, 0.2108, 0.2108, 0.2108, 0.0868, 0.0868, 0.0868, 0.0868, 0.0868, 0.0868, 0.0868, 0.0868, 0.0868, 0.0868, 0.3169, 0.3169, 0.3169, 0.3169, 0.3169, 0.3169, 0.3169, 0.3169, 0.3169, 0.3169, 0.252, 0.252, 0.252, 0.252, 0.252, 0.252, 0.252, 0.252, 0.252, 0.252, 0.4641, 0.4641, 0.4641, 0.4641, 0.4641, 0.4641, 0.4641, 0.4641, 0.4641, 0.4641, 0.3847, 0.3847, 0.3847, 0.3847, 0.3847, 0.3847, 0.3847, 0.3847, 0.3847, 0.3847, 0.1276, 0.1276, 0.1276, 0.1276, 0.1276, 0.1276, 0.1276, 0.1276, 0.1276, 0.1276, 0.1714, 0.1714, 0.1714, 0.1714, 0.1714, 0.1714, 0.1714, 0.1714, 0.1714, 0.1714, 0.3341, 0.3341, 0.3341, 0.3341, 0.3341, 0.3341, 0.3341, 0.3341, 0.3341, 0.3341, 0.1347, 0.1347, 0.1347, 0.1347, 0.1347, 0.1347, 0.1347, 0.1347, 0.1347, 0.1347, 0.2348, 0.2348, 0.2348, 0.2348, 0.2348, 0.2348, 0.2348, 0.2348, 0.2348, 0.2348, 0.3693, 0.3693, 0.3693, 0.3693, 0.3693, 0.3693, 0.3693, 0.3693, 0.3693, 0.3693, 0.4301, 0.4301, 0.4301, 0.4301, 0.4301, 0.4301, 0.4301, 0.4301, 0.4301, 0.4301, 0.4114, 0.4114, 0.4114, 0.4114, 0.4114, 0.4114, 0.4114, 0.4114, 0.4114, 0.4114, 0.3984, 0.3984, 0.3984, 0.3984, 0.3984, 0.3984, 0.3984, 0.3984, 0.3984, 0.3984, 0.4153, 0.4153, 0.4153, 0.4153, 0.4153, 0.4153, 0.4153, 0.4153, 0.4153, 0.4153, 0.3581, 0.3581, 0.3581, 0.3581, 0.3581, 0.3581, 0.3581, 0.3581, 0.3581, 0.3581, 0.2772, 0.2772, 0.2772, 0.2772, 0.2772, 0.2772, 0.2772, 0.2772, 0.2772, 0.2772, 0.2309, 0.2309, 0.2309, 0.2309, 0.2309, 0.2309, 0.2309, 0.2309, 0.2309, 0.2309, 0.2415, 0.2415, 0.2415, 0.2415, 0.2415, 0.2415, 0.2415, 0.2415, 0.2415, 0.2415, 0.2894, 0.2894, 0.2894, 0.2894, 0.2894, 0.2894, 0.2894, 0.2894, 0.2894, 0.2894, 0.2382, 0.2382, 0.2382, 0.2382, 0.2382, 0.2382, 0.2382, 0.2382, 0.2382, 0.2382, 0.2545, 0.2545, 0.2545, 0.2545, 0.2545, 0.2545, 0.2545, 0.2545, 0.2545, 0.2545, 0.1766, 0.1766, 0.1766, 0.1766, 0.1766, 0.1766, 0.1766, 0.1766, 0.1766, 0.1766, 0.1828, 0.1828, 0.1828, 0.1828, 0.1828, 0.1828, 0.1828, 0.1828, 0.1828, 0.1828, 0.1195, 0.1195, 0.1195, 0.1195, 0.1195, 0.1195, 0.1195, 0.1195, 0.1195, 0.1195, 0.063, 0.063, 0.063, 0.063, 0.063, 0.063, 0.063, 0.063, 0.063, 0.063, 0.2246, 0.2246, 0.2246, 0.2246, 0.2246, 0.2246, 0.2246, 0.2246, 0.2246, 0.2246, 0.0602, 0.0602, 0.0602, 0.0602, 0.0602, 0.0602, 0.0602, 0.0602, 0.0602, 0.0602, 0.3558, 0.3558, 0.3558, 0.3558, 0.3558, 0.3558, 0.3558, 0.3558, 0.3558, 0.3558, 0.5816, 0.5816, 0.5816, 0.5816, 0.5816, 0.5816, 0.5816, 0.5816, 0.5816, 0.5816, 0.2761, 0.2761, 0.2761, 0.2761, 0.2761, 0.2761, 0.2761, 0.2761, 0.2761, 0.2761, 0.229, 0.229, 0.229, 0.229, 0.229, 0.229, 0.229, 0.229, 0.229, 0.229, 0.3083, 0.3083, 0.3083, 0.3083, 0.3083, 0.3083, 0.3083, 0.3083, 0.3083, 0.3083, 0.2705, 0.2705, 0.2705, 0.2705, 0.2705, 0.2705, 0.2705, 0.2705, 0.2705, 0.2705, 0.2942, 0.2942, 0.2942, 0.2942, 0.2942, 0.2942, 0.2942, 0.2942, 0.2942, 0.2942, 0.1868, 0.1868, 0.1868, 0.1868, 0.1868, 0.1868, 0.1868, 0.1868, 0.1868, 0.1868, 0.0848, 0.0848, 0.0848, 0.0848, 0.0848, 0.0848, 0.0848, 0.0848, 0.0848, 0.0848, 0.0391, 0.0391, 0.0391, 0.0391, 0.0391, 0.0391, 0.0391, 0.0391, 0.0391, 0.0391, 0.2827, 0.2827, 0.2827, 0.2827, 0.2827, 0.2827, 0.2827, 0.2827, 0.2827, 0.2827, 0.1225, 0.1225, 0.1225, 0.1225, 0.1225, 0.1225, 0.1225, 0.1225, 0.1225, 0.1225, 0.2339, 0.2339, 0.2339, 0.2339, 0.2339, 0.2339, 0.2339, 0.2339, 0.2339, 0.2339, 0.2133, 0.2133, 0.2133, 0.2133, 0.2133, 0.2133, 0.2133, 0.2133, 0.2133, 0.2133, 0.4143, 0.4143, 0.4143, 0.4143, 0.4143, 0.4143, 0.4143, 0.4143, 0.4143, 0.4143, 0.2236, 0.2236, 0.2236, 0.2236, 0.2236, 0.2236, 0.2236, 0.2236, 0.2236, 0.2236, 0.5234, 0.5234, 0.5234, 0.5234, 0.5234, 0.5234, 0.5234, 0.5234, 0.5234, 0.5234, 0.5349, 0.5349, 0.5349, 0.5349, 0.5349, 0.5349, 0.5349, 0.5349, 0.5349, 0.5349, 0.5127, 0.5127, 0.5127, 0.5127, 0.5127, 0.5127, 0.5127, 0.5127, 0.5127, 0.5127, 0.4979, 0.4979, 0.4979, 0.4979, 0.4979, 0.4979, 0.4979, 0.4979, 0.4979, 0.4979, 0.1838, 0.1838, 0.1838, 0.1838, 0.1838, 0.1838, 0.1838, 0.1838, 0.1838, 0.1838, 0.0875, 0.0875, 0.0875, 0.0875, 0.0875, 0.0875, 0.0875, 0.0875, 0.0875, 0.0875, 0.2406, 0.2406, 0.2406, 0.2406, 0.2406, 0.2406, 0.2406, 0.2406, 0.2406, 0.2406, 0.2345, 0.2345, 0.2345, 0.2345, 0.2345, 0.2345, 0.2345, 0.2345, 0.2345, 0.2345, 0.2105, 0.2105, 0.2105, 0.2105, 0.2105, 0.2105, 0.2105, 0.2105, 0.2105, 0.2105, 0.3087, 0.3087, 0.3087, 0.3087, 0.3087, 0.3087, 0.3087, 0.3087, 0.3087, 0.3087, 0.093, 0.093, 0.093, 0.093, 0.093, 0.093, 0.093, 0.093, 0.093, 0.093, 0.4064, 0.4064, 0.4064, 0.4064, 0.4064, 0.4064, 0.4064, 0.4064, 0.4064, 0.4064, 0.2142, 0.2142, 0.2142, 0.2142, 0.2142, 0.2142, 0.2142, 0.2142, 0.2142, 0.2142, 0.1319, 0.1319, 0.1319, 0.1319, 0.1319, 0.1319, 0.1319, 0.1319, 0.1319, 0.1319, 0.5932, 0.5932, 0.5932, 0.5932, 0.5932, 0.5932, 0.5932, 0.5932, 0.5932, 0.5932, 0.3402, 0.3402, 0.3402, 0.3402, 0.3402, 0.3402, 0.3402, 0.3402, 0.3402, 0.3402, 0.3425, 0.3425, 0.3425, 0.3425, 0.3425, 0.3425, 0.3425, 0.3425, 0.3425, 0.3425, 0.1955, 0.1955, 0.1955, 0.1955, 0.1955, 0.1955, 0.1955, 0.1955, 0.1955, 0.1955, 0.2226, 0.2226, 0.2226, 0.2226, 0.2226, 0.2226, 0.2226, 0.2226, 0.2226, 0.2226, 0.296, 0.296, 0.296, 0.296, 0.296, 0.296, 0.296, 0.296, 0.296, 0.296, 0.0584, 0.0584, 0.0584, 0.0584, 0.0584, 0.0584, 0.0584, 0.0584, 0.0584, 0.0584, 0.3688, 0.3688, 0.3688, 0.3688, 0.3688, 0.3688, 0.3688, 0.3688, 0.3688, 0.3688, 0.3148, 0.3148, 0.3148, 0.3148, 0.3148, 0.3148, 0.3148, 0.3148, 0.3148, 0.3148, 0.1497, 0.1497, 0.1497, 0.1497, 0.1497, 0.1497, 0.1497, 0.1497, 0.1497, 0.1497, 0.2524, 0.2524, 0.2524, 0.2524, 0.2524, 0.2524, 0.2524, 0.2524, 0.2524, 0.2524, 0.7055, 0.7055, 0.7055, 0.7055, 0.7055, 0.7055, 0.7055, 0.7055, 0.7055, 0.7055, 0.1088, 0.1088, 0.1088, 0.1088, 0.1088, 0.1088, 0.1088, 0.1088, 0.1088, 0.1088, 0.2404, 0.2404, 0.2404, 0.2404, 0.2404, 0.2404, 0.2404, 0.2404, 0.2404, 0.2404, 0.3329, 0.3329, 0.3329, 0.3329, 0.3329, 0.3329, 0.3329, 0.3329, 0.3329, 0.3329, 0.2753, 0.2753, 0.2753, 0.2753, 0.2753, 0.2753, 0.2753, 0.2753, 0.2753, 0.2753, 0.5429, 0.5429, 0.5429, 0.5429, 0.5429, 0.5429, 0.5429, 0.5429, 0.5429, 0.5429, 0.2635, 0.2635, 0.2635, 0.2635, 0.2635, 0.2635, 0.2635, 0.2635, 0.2635, 0.2635, 0.2932, 0.2932, 0.2932, 0.2932, 0.2932, 0.2932, 0.2932, 0.2932, 0.2932, 0.2932, 0.1018, 0.1018, 0.1018, 0.1018, 0.1018, 0.1018, 0.0695, 0.0695, 0.0695, 0.0695, 0.0695, 0.0695, 0.0695, 0.0695, 0.0695, 0.0695, 0.0055, 0.0055, 0.0055, 0.0055, 0.0055, 0.0055, 0.0055, 0.0055, 0.0055, 0.0055, 0.0737, 0.0737, 0.0737, 0.0737, 0.0737, 0.0737, 0.0737, 0.0737, 0.0737, 0.0737, 0.2364, 0.2364, 0.2364, 0.2364, 0.2364, 0.2364, 0.2364, 0.2364, 0.2364, 0.2364, 0.4595, 0.4595, 0.4595, 0.4595, 0.4595, 0.4595, 0.4595, 0.4595, 0.4595, 0.4595, 0.0596, 0.0596, 0.0596, 0.0596, 0.0596, 0.0596, 0.0596, 0.0596, 0.0596, 0.0596, 0.0898, 0.0898, 0.0898, 0.0898, 0.0898, 0.0898, 0.0898, 0.0898, 0.0898, 0.0898, 0.4949, 0.4949, 0.4949, 0.4949, 0.4949, 0.4949, 0.4949, 0.4949, 0.4949, 0.4949, 0.1714, 0.1714, 0.1714, 0.1714, 0.1714, 0.1714, 0.1714, 0.1714, 0.1714, 0.1714, 0.1362, 0.1362, 0.1362, 0.1362, 0.1362, 0.1362, 0.1362, 0.1362, 0.1362, 0.1362, 0.689, 0.689, 0.689, 0.689, 0.689, 0.689, 0.689, 0.689, 0.689, 0.689, 0.4124, 0.4124, 0.4124, 0.4124, 0.4124, 0.4124, 0.4124, 0.4124, 0.4124, 0.4124, 0.106, 0.106, 0.106, 0.106, 0.106, 0.106, 0.106, 0.106, 0.106, 0.106, 0.2621, 0.2621, 0.2621, 0.2621, 0.2621, 0.2621, 0.2621, 0.2621, 0.2621, 0.2621, 0.2628, 0.2628, 0.2628, 0.2628, 0.2628, 0.2628, 0.2628, 0.2628, 0.2628, 0.2628, 0.326, 0.326, 0.326, 0.326, 0.326, 0.326, 0.326, 0.326, 0.326, 0.326, 0.0128, 0.0128, 0.0128, 0.0128, 0.0128, 0.0128, 0.0128, 0.0128, 0.0128, 0.0128, 0.2775, 0.2775, 0.2775, 0.2775, 0.2775, 0.2775, 0.2775, 0.2775, 0.2775, 0.2775, 0.1435, 0.1435, 0.1435, 0.1435, 0.1435, 0.1435, 0.1435, 0.1435, 0.1435, 0.1435, 0.1364, 0.1364, 0.1364, 0.1364, 0.1364, 0.1364, 0.1364, 0.1364, 0.1364, 0.1364, 0.0551, 0.0551, 0.0551, 0.0551, 0.0551, 0.0551, 0.0551, 0.0551, 0.0551, 0.0551, 0.0054, 0.0054, 0.0054, 0.0054, 0.0054, 0.0054, 0.0054, 0.0054, 0.0054, 0.0054, 0.0812, 0.0812, 0.0812, 0.0812, 0.0812, 0.0812, 0.0812, 0.0812, 0.0812, 0.0812, 0.3642, 0.3642, 0.3642, 0.3642, 0.3642, 0.3642, 0.3642, 0.3642, 0.3642, 0.3642, 0.4471, 0.4471, 0.4471, 0.4471, 0.4471, 0.4471, 0.4471, 0.4471, 0.4471, 0.4471, 0.097, 0.097, 0.097, 0.097, 0.097, 0.097, 0.097, 0.097, 0.097, 0.097, 0.0578, 0.0578, 0.0578, 0.0578, 0.0578, 0.0578, 0.0578, 0.0578, 0.0578, 0.0578, 0.4023, 0.4023, 0.4023, 0.4023, 0.4023, 0.4023, 0.4023, 0.4023, 0.4023, 0.4023, 0.3078, 0.3078, 0.3078, 0.3078, 0.3078, 0.3078, 0.3078, 0.3078, 0.3078, 0.3078, 0.2565, 0.2565, 0.2565, 0.2565, 0.2565, 0.2565, 0.2565, 0.2565, 0.2565, 0.2565, 0.1439, 0.1439, 0.1439, 0.1439, 0.1439, 0.1439, 0.1439, 0.1439, 0.1439, 0.1439, 0.2209, 0.2209, 0.2209, 0.2209, 0.2209, 0.2209, 0.2209, 0.2209, 0.2209, 0.2209, 0.332, 0.332, 0.332, 0.332, 0.332, 0.332, 0.332, 0.332, 0.332, 0.332, 0.2077, 0.2077, 0.2077, 0.2077, 0.2077, 0.2077, 0.2077, 0.2077, 0.2077, 0.2077, 0.1215, 0.1215, 0.1215, 0.1215, 0.1215, 0.1215, 0.1215, 0.1215, 0.1215, 0.1215, 0.2715, 0.2715, 0.2715, 0.2715, 0.2715, 0.2715, 0.2715, 0.2715, 0.2715, 0.2715, 0.235, 0.235, 0.235, 0.235, 0.235, 0.235, 0.235, 0.235, 0.235, 0.235, 0.1206, 0.1206, 0.1206, 0.1206, 0.1206, 0.1206, 0.1206, 0.1206, 0.1206, 0.1206, 0.2524, 0.2524, 0.2524, 0.2524, 0.2524, 0.2524, 0.2524, 0.2524, 0.2524, 0.2524, 0.232, 0.232, 0.232, 0.232, 0.232, 0.232, 0.232, 0.232, 0.232, 0.232, 0.3534, 0.3534, 0.3534, 0.3534, 0.3534, 0.3534, 0.3534, 0.3534, 0.3534, 0.3534, 0.3203, 0.3203, 0.3203, 0.3203, 0.3203, 0.3203, 0.3203, 0.3203, 0.3203, 0.3203, 0.3566, 0.3566, 0.3566, 0.3566, 0.3566, 0.3566, 0.3566, 0.3566, 0.3566, 0.3566, 0.3993, 0.3993, 0.3993, 0.3993, 0.3993, 0.3993, 0.3993, 0.3993, 0.3993, 0.3993, 0.2851, 0.2851, 0.2851, 0.2851, 0.2851, 0.2851, 0.2851, 0.2851, 0.2851, 0.2851, 0.2762, 0.2762, 0.2762, 0.2762, 0.2762, 0.2762, 0.2762, 0.2762, 0.2762, 0.2762, 0.0564, 0.0564, 0.0564, 0.0564, 0.0564, 0.0564, 0.0564, 0.0564, 0.0564, 0.0564, 0.2956, 0.2956, 0.2956, 0.2956, 0.2956, 0.2956, 0.2956, 0.2956, 0.2956, 0.2956, 0.2114, 0.2114, 0.2114, 0.2114, 0.2114, 0.2114, 0.2114, 0.2114, 0.2114, 0.2114, 0.0603, 0.0603, 0.0603, 0.0603, 0.0603, 0.0603, 0.0603, 0.0603, 0.0603, 0.0603, 0.0815, 0.0815, 0.0815, 0.0815, 0.0815, 0.0815, 0.0815, 0.0815, 0.0815, 0.0815, 0.307, 0.307, 0.307, 0.307, 0.307, 0.307, 0.307, 0.307, 0.307, 0.307, 0.3113, 0.3113, 0.3113, 0.3113, 0.3113, 0.3113, 0.3113, 0.3113, 0.3113, 0.3113, 0.0578, 0.0578, 0.0578, 0.0578, 0.0578, 0.0578, 0.0578, 0.0578, 0.0578, 0.0578, 0.246, 0.246, 0.246, 0.246, 0.246, 0.246, 0.246, 0.246, 0.246, 0.246, 0.1535, 0.1535, 0.1535, 0.1535, 0.1535, 0.1535, 0.1535, 0.1535, 0.1535, 0.1535, 0.4254, 0.4254, 0.4254, 0.4254, 0.4254, 0.4254, 0.4254, 0.4254, 0.4254, 0.4254, 0.1641, 0.1641, 0.1641, 0.1641, 0.1641, 0.1641, 0.1641, 0.1641, 0.1641, 0.1641, 0.3777, 0.3777, 0.3777, 0.3777, 0.3777, 0.3777, 0.3777, 0.3777, 0.3777, 0.3777, 0.3093, 0.3093, 0.3093, 0.3093, 0.3093, 0.3093, 0.3093, 0.3093, 0.3093, 0.3093, 0.2645, 0.2645, 0.2645, 0.2645, 0.2645, 0.2645, 0.2645, 0.2645, 0.2645, 0.2645, 0.1784, 0.1784, 0.1784, 0.1784, 0.1784, 0.1784, 0.1784, 0.1784, 0.1784, 0.1784, 0.131, 0.131, 0.131, 0.131, 0.131, 0.131, 0.131, 0.131, 0.131, 0.131, 0.2673, 0.2673, 0.2673, 0.2673, 0.2673, 0.2673, 0.2673, 0.2673, 0.2673, 0.2673, 0.1329, 0.1329, 0.1329, 0.1329, 0.1329, 0.1329, 0.1329, 0.1329, 0.1329, 0.1329, 0.1562, 0.1562, 0.1562, 0.1562, 0.1562, 0.1562, 0.1562, 0.1562, 0.1562, 0.1562, 0.1278, 0.1278, 0.1278, 0.1278, 0.1278, 0.1278, 0.1278, 0.1278, 0.1278, 0.1278, 0.2808, 0.2808, 0.2808, 0.2808, 0.2808, 0.2808, 0.2808, 0.2808, 0.2808, 0.2808, 0.2596, 0.2596, 0.2596, 0.2596, 0.2596, 0.2596, 0.2596, 0.2596, 0.2596, 0.2596, 0.1711, 0.1711, 0.1711, 0.1711, 0.1711, 0.1711, 0.1711, 0.1711, 0.1711, 0.1711, 0.1957, 0.1957, 0.1957, 0.1957, 0.1957, 0.1957, 0.1957, 0.1957, 0.1957, 0.1957, 0.2097, 0.2097, 0.2097, 0.2097, 0.2097, 0.2097, 0.2097, 0.2097, 0.2097, 0.2097, 0.3124, 0.3124, 0.3124, 0.3124, 0.3124, 0.3124, 0.3124, 0.3124, 0.3124, 0.3124, 0.0697, 0.0697, 0.0697, 0.0697, 0.0697, 0.0697, 0.0697, 0.0697, 0.0697, 0.0697, 0.1704, 0.1704, 0.1704, 0.1704, 0.1704, 0.1704, 0.1704, 0.1704, 0.1704, 0.1704, 0.2513, 0.2513, 0.2513, 0.2513, 0.2513, 0.2513, 0.2513, 0.2513, 0.2513, 0.2513, 0.049, 0.049, 0.049, 0.049, 0.049, 0.049, 0.049, 0.049, 0.049, 0.049, 0.3197, 0.3197, 0.3197, 0.3197, 0.3197, 0.3197, 0.3197, 0.3197, 0.3197, 0.3197, 0.3724, 0.3724, 0.3724, 0.3724, 0.3724, 0.3724, 0.3724, 0.3724, 0.3724, 0.3724, 0.3105, 0.3105, 0.3105, 0.3105, 0.3105, 0.3105, 0.3105, 0.3105, 0.3105, 0.3105, 0.5152, 0.5152, 0.5152, 0.5152, 0.5152, 0.5152, 0.5152, 0.5152, 0.5152, 0.5152, 0.1878, 0.1878, 0.1878, 0.1878, 0.1878, 0.1878, 0.1878, 0.1878, 0.1878, 0.1878, 0.1443, 0.1443, 0.1443, 0.1443, 0.1443, 0.1443, 0.1443, 0.1443, 0.1443, 0.1443, 0.2363, 0.2363, 0.2363, 0.2363, 0.2363, 0.2363, 0.2363, 0.2363, 0.2363, 0.2363, 0.2091, 0.2091, 0.2091, 0.2091, 0.2091, 0.2091, 0.2091, 0.2091, 0.2091, 0.2091, 0.0789, 0.0789, 0.0789, 0.0789, 0.0789, 0.0789, 0.0789, 0.0789, 0.0789, 0.0789, 0.0093, 0.0093, 0.0093, 0.0093, 0.0093, 0.0093, 0.0093, 0.0093, 0.0093, 0.0093, 0.2124, 0.2124, 0.2124, 0.2124, 0.2124, 0.2124, 0.2124, 0.2124, 0.2124, 0.2124, 0.0053, 0.0053, 0.0053, 0.0053, 0.0053, 0.0053, 0.0053, 0.0053, 0.0053, 0.0053, 0.1148, 0.1148, 0.1148, 0.1148, 0.1148, 0.1148, 0.1148, 0.1148, 0.1148, 0.1148, 0.1444, 0.1444, 0.1444, 0.1444, 0.1444, 0.1444, 0.1444, 0.1444, 0.1444, 0.1444, 0.0888, 0.0888, 0.0888, 0.0888, 0.0888, 0.0888, 0.0888, 0.0888, 0.0888, 0.0888, 0.2516, 0.2516, 0.2516, 0.2516, 0.2516, 0.2516, 0.2516, 0.2516, 0.2516, 0.2516, 0.2307, 0.2307, 0.2307, 0.2307, 0.2307, 0.2307, 0.2307, 0.2307, 0.2307, 0.2307, 0.0645, 0.0645, 0.0645, 0.0645, 0.0645, 0.0645, 0.0645, 0.0645, 0.0645, 0.0645, 0.2432, 0.2432, 0.2432, 0.2432, 0.2432, 0.2432, 0.2432, 0.2432, 0.2432, 0.2432, 0.0788, 0.0788, 0.0788, 0.0788, 0.0788, 0.0788, 0.0788, 0.0788, 0.0788, 0.0788, 0.2255, 0.2255, 0.2255, 0.2255, 0.2255, 0.2255, 0.2255, 0.2255, 0.2255, 0.2255, 0.3313, 0.3313, 0.3313, 0.3313, 0.3313, 0.3313, 0.3313, 0.3313, 0.3313, 0.3313, 0.2422, 0.2422, 0.2422, 0.2422, 0.2422, 0.2422, 0.2422, 0.2422, 0.2422, 0.2422, 0.1768, 0.1768, 0.1768, 0.1768, 0.1768, 0.1768, 0.1768, 0.1768, 0.1768, 0.1768, 0.0932, 0.0932, 0.0932, 0.0932, 0.0932, 0.0932, 0.0932, 0.0932, 0.0932, 0.0932, 0.2584, 0.2584, 0.2584, 0.2584, 0.2584, 0.2584, 0.2584, 0.2584, 0.2584, 0.2584, 0.5604, 0.5604, 0.5604, 0.5604, 0.5604, 0.5604, 0.5604, 0.5604, 0.5604, 0.5604, 0.1945, 0.1945, 0.1945, 0.1945, 0.1945, 0.1945, 0.1945, 0.1945, 0.1945, 0.1945, 0.1841, 0.1841, 0.1841, 0.1841, 0.1841, 0.1841, 0.1841, 0.1841, 0.1841, 0.1841, 0.066, 0.066, 0.066, 0.066, 0.066, 0.066, 0.066, 0.066, 0.066, 0.066, 0.0162, 0.0162, 0.0162, 0.0162, 0.0162, 0.0162, 0.0162, 0.0162, 0.0162, 0.0162, 0.2236, 0.2236, 0.2236, 0.2236, 0.2236, 0.2236, 0.2236, 0.2236, 0.2236, 0.2236, 0.2168, 0.2168, 0.2168, 0.2168, 0.2168, 0.2168, 0.2168, 0.2168, 0.2168, 0.2168, 0.3592, 0.3592, 0.3592, 0.3592, 0.3592, 0.3592, 0.3592, 0.3592, 0.3592, 0.3592, 0.1267, 0.1267, 0.1267, 0.1267, 0.1267, 0.1267, 0.1267, 0.1267, 0.1267, 0.1267, 0.0949, 0.0949, 0.0949, 0.0949, 0.0949, 0.0949, 0.0949, 0.0949, 0.0949, 0.0949, 0.6544, 0.6544, 0.6544, 0.6544, 0.6544, 0.6544, 0.6544, 0.6544, 0.6544, 0.6544, 0.1367, 0.1367, 0.1367, 0.1367, 0.1367, 0.1367, 0.1367, 0.1367, 0.1367, 0.1367, 0.2272, 0.2272, 0.2272, 0.2272, 0.2272, 0.2272, 0.2272, 0.2272, 0.2272, 0.2272, 0.1225, 0.1225, 0.1225, 0.1225, 0.1225, 0.1225, 0.1225, 0.1225, 0.1225, 0.1225, 0.0651, 0.0651, 0.0651, 0.0651, 0.0651, 0.0651, 0.0651, 0.0651, 0.0651, 0.0651, 0.1849, 0.1849, 0.1849, 0.1849, 0.1849, 0.1849, 0.1849, 0.1849, 0.1849, 0.1849, 0.1935, 0.1935, 0.1935, 0.1935, 0.1935, 0.1935, 0.1935, 0.1935, 0.1935, 0.1935, 0.083, 0.083, 0.083, 0.083, 0.083, 0.083, 0.083, 0.083, 0.083, 0.083, 0.2807, 0.2807, 0.2807, 0.2807, 0.2807, 0.2807, 0.2807, 0.2807, 0.2807, 0.2807, 0.3993, 0.3993, 0.3993, 0.3993, 0.3993, 0.3993, 0.3993, 0.3993, 0.3993, 0.3993, 0.222, 0.222, 0.222, 0.222, 0.222, 0.222, 0.222, 0.222, 0.222, 0.222, 0.1324, 0.1324, 0.1324, 0.1324, 0.1324, 0.1324, 0.1324, 0.1324, 0.1324, 0.1324, 0.0551, 0.0551, 0.0551, 0.0551, 0.0551, 0.0551, 0.0551, 0.0551, 0.0551, 0.0551, 0.0168, 0.0168, 0.0168, 0.0168, 0.0168, 0.0168, 0.0168, 0.0168, 0.0168, 0.0168, 0.5968, 0.5968, 0.5968, 0.5968, 0.5968, 0.5968, 0.5968, 0.5968, 0.5968, 0.5968, 0.2384, 0.2384, 0.2384, 0.2384, 0.2384, 0.2384, 0.2384, 0.2384, 0.2384, 0.2384, 0.221, 0.221, 0.221, 0.221, 0.221, 0.221, 0.221, 0.221, 0.221, 0.221, 0.0117, 0.0117, 0.0117, 0.0117, 0.0117, 0.0117, 0.0117, 0.0117, 0.0117, 0.0117, 0.2232, 0.2232, 0.2232, 0.2232, 0.2232, 0.2232, 0.2232, 0.2232, 0.2232, 0.2232, 0.1352, 0.1352, 0.1352, 0.1352, 0.1352, 0.1352, 0.1352, 0.1352, 0.1352, 0.1352, 0.0932, 0.0932, 0.0932, 0.0932, 0.0932, 0.0932, 0.0932, 0.0932, 0.0932, 0.0932, 0.1943, 0.1943, 0.1943, 0.1943, 0.1943, 0.1943, 0.1943, 0.1943, 0.1943, 0.1943, 0.0048, 0.0048, 0.0048, 0.0048, 0.0048, 0.0048, 0.0048, 0.0048, 0.0048, 0.0048, 0.1216, 0.1216, 0.1216, 0.1216, 0.1216, 0.1216, 0.1216, 0.1216, 0.1216, 0.1216, 0.3286, 0.3286, 0.3286, 0.3286, 0.3286, 0.3286, 0.3286, 0.3286, 0.3286, 0.3286, 0.1839, 0.1839, 0.1839, 0.1839, 0.1839, 0.1839, 0.1839, 0.1839, 0.1839, 0.1839, 0.0878, 0.0878, 0.0878, 0.0878, 0.0878, 0.0878, 0.0878, 0.0878, 0.0878, 0.0878, 0.2077, 0.2077, 0.2077, 0.2077, 0.2077, 0.2077, 0.2077, 0.2077, 0.2077, 0.2077, 0.0785, 0.0785, 0.0785, 0.0785, 0.0785, 0.0785, 0.0785, 0.0785, 0.0785, 0.0785, 0.1753, 0.1753, 0.1753, 0.1753, 0.1753, 0.1753, 0.1753, 0.1753, 0.1753, 0.1753, 0.1841, 0.1841, 0.1841, 0.1841, 0.1841, 0.1841, 0.1841, 0.1841, 0.1841, 0.1841, 0.0144, 0.0144, 0.0144, 0.0144, 0.0144, 0.0144, 0.0144, 0.0144, 0.0144, 0.0144, 0.0629, 0.0629, 0.0629, 0.0629, 0.0629, 0.0629, 0.0629, 0.0629, 0.0629, 0.0629, 0.3288, 0.3288, 0.3288, 0.3288, 0.3288, 0.3288, 0.3288, 0.3288, 0.3288, 0.3288, 0.0592, 0.0592, 0.0592, 0.0592, 0.0592, 0.0592, 0.0592, 0.0592, 0.0592, 0.0592, 0.1873, 0.1873, 0.1873, 0.1873, 0.1873, 0.1873, 0.1873, 0.1873, 0.1873, 0.1873, 0.4018, 0.4018, 0.4018, 0.4018, 0.4018, 0.4018, 0.4018, 0.4018, 0.4018, 0.4018, 0.0809, 0.0809, 0.0809, 0.0809, 0.0809, 0.0809, 0.0809, 0.0809, 0.0809, 0.0809, 0.4094, 0.4094, 0.4094, 0.4094, 0.4094, 0.4094, 0.4094, 0.4094, 0.4094, 0.4094, 0.2009, 0.2009, 0.2009, 0.2009, 0.2009, 0.2009, 0.2009, 0.2009, 0.2009, 0.2009, 0.4775, 0.4775, 0.4775, 0.4775, 0.4775, 0.4775, 0.4775, 0.4775, 0.4775, 0.4775, 0.3821, 0.3821, 0.3821, 0.3821, 0.3821, 0.3821, 0.3821, 0.3821, 0.3821, 0.3821, 0.0636, 0.0636, 0.0636, 0.0636, 0.0636, 0.0636, 0.0636, 0.0636, 0.0636, 0.0636, 0.3374, 0.3374, 0.3374, 0.3374, 0.3374, 0.3374, 0.3374, 0.3374, 0.3374, 0.3374, 0.2094, 0.2094, 0.2094, 0.2094, 0.2094, 0.2094, 0.2094, 0.2094, 0.2094, 0.2094, 0.1739, 0.1739, 0.1739, 0.1739, 0.1739, 0.1739, 0.1739, 0.1739, 0.1739, 0.1739, 0.3929, 0.3929, 0.3929, 0.3929, 0.3929, 0.3929, 0.3929, 0.3929, 0.3929, 0.3929, 0.1619, 0.1619, 0.1619, 0.1619, 0.1619, 0.1619, 0.1619, 0.1619, 0.1619, 0.1619, 0.1229, 0.1229, 0.1229, 0.1229, 0.0052, 0.0052, 0.0052, 0.0052, 0.0052, 0.0052, 0.0052, 0.0052, 0.0052, 0.0052, 0.0812, 0.0812, 0.0812, 0.0812, 0.0812, 0.0812, 0.0812, 0.0812, 0.0812, 0.0812, 0.1146, 0.1146, 0.1146, 0.1146, 0.1146, 0.1146, 0.1146, 0.1146, 0.1146, 0.1146, 0.1094, 0.1094, 0.1094, 0.1094, 0.1094, 0.1094, 0.1094, 0.1094, 0.1094, 0.1094, 0.2743, 0.2743, 0.2743, 0.2743, 0.2743, 0.2743, 0.2743, 0.2743, 0.2743, 0.2743, 0.2056, 0.2056, 0.2056, 0.2056, 0.2056, 0.2056, 0.2056, 0.2056, 0.2056, 0.2056, 0.0086, 0.0086, 0.0086, 0.0086, 0.0086, 0.0086, 0.0086, 0.0086, 0.0086, 0.0086, 0.2063, 0.2063, 0.2063, 0.2063, 0.2063, 0.2063, 0.2063, 0.2063, 0.2063, 0.2063, 0.3422, 0.3422, 0.3422, 0.3422, 0.3422, 0.3422, 0.3422, 0.3422, 0.3422, 0.3422, 0.268, 0.268, 0.268, 0.268, 0.268, 0.268, 0.268, 0.268, 0.268, 0.268, 0.2491, 0.2491, 0.2491, 0.2491, 0.2491, 0.2491, 0.2491, 0.2491, 0.2491, 0.2491, 0.4829, 0.4829, 0.4829, 0.4829, 0.4829, 0.4829, 0.4829, 0.4829, 0.4829, 0.4829, 0.1012, 0.1012, 0.1012, 0.1012, 0.1012, 0.1012, 0.1012, 0.1012, 0.1012, 0.1012, 0.1184, 0.1184, 0.1184, 0.1184, 0.1184, 0.1184, 0.1184, 0.1184, 0.1184, 0.1184, 0.2531, 0.2531, 0.2531, 0.2531, 0.2531, 0.2531, 0.2531, 0.2531, 0.2531, 0.2531, 0.3495, 0.3495, 0.3495, 0.3495, 0.3495, 0.3495, 0.3495, 0.3495, 0.3495, 0.3495, 0.0816, 0.0816, 0.0816, 0.0816, 0.0816, 0.0816, 0.0816, 0.0816, 0.0816, 0.0816, 0.2259, 0.2259, 0.2259, 0.2259, 0.2259, 0.2259, 0.2259, 0.2259, 0.2259, 0.2259, 0.0767, 0.0767, 0.0767, 0.0767, 0.0767, 0.0767, 0.0767, 0.0767, 0.0767, 0.0767, 0.3093, 0.3093, 0.3093, 0.3093, 0.3093, 0.3093, 0.3093, 0.3093, 0.3093, 0.3093, 0.1957, 0.1957, 0.1957, 0.1957, 0.1957, 0.1957, 0.1957, 0.1957, 0.1957, 0.1957, 0.0046, 0.0046, 0.0046, 0.0046, 0.0046, 0.0046, 0.0046, 0.0046, 0.0046, 0.0046, 0.0872, 0.0872, 0.0872, 0.0872, 0.0872, 0.0872, 0.0872, 0.0872, 0.0872, 0.0872, 0.0718, 0.0718, 0.0718, 0.0718, 0.0718, 0.0718, 0.0718, 0.0718, 0.0718, 0.0718, 0.2713, 0.2713, 0.2713, 0.2713, 0.2713, 0.2713, 0.2713, 0.2713, 0.2713, 0.2713, 0.064, 0.064, 0.064, 0.064, 0.064, 0.064, 0.064, 0.064, 0.064, 0.064, 0.3109, 0.3109, 0.3109, 0.3109, 0.3109, 0.3109, 0.3109, 0.3109, 0.3109, 0.3109, 0.0043, 0.0043, 0.0043, 0.0043, 0.0043, 0.0043, 0.0043, 0.0043, 0.0043, 0.0043, 0.1277, 0.1277, 0.1277, 0.1277, 0.1277, 0.1277, 0.1277, 0.1277, 0.1277, 0.1277, 0.0817, 0.0817, 0.0817, 0.0817, 0.0817, 0.0817, 0.0817, 0.0817, 0.0817, 0.0817, 0.1953, 0.1953, 0.1953, 0.1953, 0.1953, 0.1953, 0.1953, 0.1953, 0.1953, 0.1953, 0.1266, 0.1266, 0.1266, 0.1266, 0.1266, 0.1266, 0.1266, 0.1266, 0.1266, 0.1266, 0.1809, 0.1809, 0.1809, 0.1809, 0.1809, 0.1809, 0.1809, 0.1809, 0.1809, 0.1809, 0.2662, 0.2662, 0.2662, 0.2662, 0.2662, 0.2662, 0.2662, 0.2662, 0.2662, 0.2662, 0.3163, 0.3163, 0.3163, 0.3163, 0.3163, 0.3163, 0.3163, 0.3163, 0.3163, 0.3163, 0.1866, 0.1866, 0.1866, 0.1866, 0.1866, 0.1866, 0.1866, 0.1866, 0.1866, 0.1866, 0.1699, 0.1699, 0.1699, 0.1699, 0.1699, 0.1699, 0.1699, 0.1699, 0.1699, 0.1699, 0.1277, 0.1277, 0.1277, 0.1277, 0.1277, 0.1277, 0.1277, 0.1277, 0.1277, 0.1277, 0.2234, 0.2234, 0.2234, 0.2234, 0.2234, 0.2234, 0.2234, 0.2234, 0.2234, 0.2234, 0.3283, 0.3283, 0.3283, 0.3283, 0.3283, 0.3283, 0.3283, 0.3283, 0.3283, 0.3283, 0.1876, 0.1876, 0.1876, 0.1876, 0.1876, 0.1876, 0.1876, 0.1876, 0.1876, 0.1876, 0.1573, 0.1573, 0.1573, 0.1573, 0.1573, 0.1573, 0.1573, 0.1573, 0.1573, 0.1573, 0.1168, 0.1168, 0.1168, 0.1168, 0.1168, 0.1168, 0.1168, 0.1168, 0.1168, 0.1168, 0.2147, 0.2147, 0.2147, 0.2147, 0.2147, 0.2147, 0.2147, 0.2147, 0.2147, 0.2147, 0.008, 0.008, 0.008, 0.008, 0.008, 0.008, 0.008, 0.008, 0.008, 0.008, 0.2455, 0.2455, 0.2455, 0.2455, 0.2455, 0.2455, 0.2455, 0.2455, 0.2455, 0.2455, 0.1024, 0.1024, 0.1024, 0.1024, 0.1024, 0.1024, 0.1024, 0.1024, 0.1024, 0.1024, 0.3005, 0.3005, 0.3005, 0.3005, 0.3005, 0.3005, 0.3005, 0.3005, 0.3005, 0.3005, 0.2041, 0.2041, 0.2041, 0.2041, 0.2041, 0.2041, 0.2041, 0.2041, 0.2041, 0.2041, 0.21, 0.21, 0.21, 0.21, 0.21, 0.21, 0.21, 0.21, 0.21, 0.21, 0.166, 0.166, 0.166, 0.166, 0.166, 0.166, 0.166, 0.166, 0.166, 0.166, 0.3223, 0.3223, 0.3223, 0.3223, 0.3223, 0.3223, 0.3223, 0.3223, 0.3223, 0.3223, 0.0294, 0.0294, 0.0294, 0.0294, 0.0294, 0.0294, 0.0294, 0.0294, 0.0294, 0.0294, 0.1328, 0.1328, 0.1328, 0.1328, 0.1328, 0.1328, 0.1328, 0.1328, 0.1328, 0.1328, 0.2086, 0.2086, 0.2086, 0.2086, 0.2086, 0.2086, 0.2086, 0.2086, 0.2086, 0.2086, 0.0634, 0.0634, 0.0634, 0.0634, 0.0634, 0.0634, 0.0634, 0.0634, 0.0634, 0.0634, 0.146, 0.146, 0.146, 0.146, 0.146, 0.146, 0.146, 0.146, 0.146, 0.146, 0.0051, 0.0051, 0.0051, 0.0051, 0.0051, 0.0051, 0.0051, 0.0051, 0.0051, 0.0051, 0.2645, 0.2645, 0.2645, 0.2645, 0.2645, 0.2645, 0.2645, 0.2645, 0.2645, 0.2645, 0.4338, 0.4338, 0.4338, 0.4338, 0.4338, 0.4338, 0.4338, 0.4338, 0.4338, 0.4338, 0.0045, 0.0045, 0.0045, 0.0045, 0.0045, 0.0045, 0.0045, 0.0045, 0.0045, 0.0045, 0.018, 0.018, 0.018, 0.018, 0.018, 0.018, 0.018, 0.018, 0.018, 0.018, 0.1233, 0.1233, 0.1233, 0.1233, 0.1233, 0.1233, 0.1233, 0.1233, 0.1233, 0.1233, 0.0585, 0.0585, 0.0585, 0.0585, 0.0585, 0.0585, 0.0585, 0.0585, 0.0585, 0.0585, 0.082, 0.082, 0.082, 0.082, 0.082, 0.082, 0.082, 0.082, 0.082, 0.082, 0.0799, 0.0799, 0.0799, 0.0799, 0.0799, 0.0799, 0.0799, 0.0799, 0.0799, 0.0799, 0.1956, 0.1956, 0.1956, 0.1956, 0.1956, 0.1956, 0.1956, 0.1956, 0.1956, 0.1956, 0.2304, 0.2304, 0.2304, 0.2304, 0.2304, 0.2304, 0.2304, 0.2304, 0.2304, 0.2304, 0.0741, 0.0741, 0.0741, 0.0741, 0.0741, 0.0741, 0.0741, 0.0741, 0.0741, 0.0741, 0.0834, 0.0834, 0.0834, 0.0834, 0.0834, 0.0834, 0.0834, 0.0834, 0.0834, 0.0834, 0.0738, 0.0738, 0.0738, 0.0738, 0.0738, 0.0738, 0.0738, 0.0738, 0.0738, 0.0738, 0.085, 0.085, 0.085, 0.085, 0.085, 0.085, 0.085, 0.085, 0.085, 0.085, 0.1631, 0.1631, 0.1631, 0.1631, 0.1631, 0.1631, 0.1631, 0.1631, 0.1631, 0.1631, 0.2498, 0.2498, 0.2498, 0.2498, 0.2498, 0.2498, 0.2498, 0.2498, 0.2498, 0.2498, 0.1365, 0.1365, 0.1365, 0.1365, 0.1365, 0.1365, 0.1365, 0.1365, 0.1365, 0.1365, 0.0064, 0.0064, 0.0064, 0.0064, 0.0064, 0.0064, 0.0064, 0.0064, 0.0064, 0.0064, 0.1227, 0.1227, 0.1227, 0.1227, 0.1227, 0.1227, 0.1227, 0.1227, 0.1227, 0.1227, 0.1564, 0.1564, 0.1564, 0.1564, 0.1564, 0.1564, 0.1564, 0.1564, 0.1564, 0.1564, 0.2484, 0.2484, 0.2484, 0.2484, 0.2484, 0.2484, 0.2484, 0.2484, 0.2484, 0.2484, 0.4057, 0.4057, 0.4057, 0.4057, 0.4057, 0.4057, 0.4057, 0.4057, 0.4057, 0.4057, 0.0736, 0.0736, 0.0736, 0.0736, 0.0736, 0.0736, 0.0736, 0.0736, 0.0998, 0.0998, 0.0998, 0.0998, 0.0998, 0.0998, 0.0998, 0.0998, 0.0998, 0.0998, 0.1504, 0.1504, 0.1504, 0.1504, 0.1504, 0.1504, 0.1504, 0.1504, 0.1504, 0.1504, 0.183, 0.183, 0.183, 0.183, 0.183, 0.183, 0.183, 0.183, 0.183, 0.183, 0.0039, 0.0039, 0.0039, 0.0039, 0.0039, 0.0039, 0.0039, 0.0039, 0.0039, 0.0039, 0.0363, 0.0363, 0.0363, 0.0363, 0.0363, 0.0363, 0.0363, 0.0363, 0.0363, 0.0363, 0.2694, 0.2694, 0.2694, 0.2694, 0.2694, 0.2694, 0.2694, 0.2694, 0.2694, 0.2694, 0.0609, 0.0609, 0.0609, 0.0609, 0.0609, 0.0609, 0.0609, 0.0609, 0.0609, 0.0609, 0.1526, 0.1526, 0.1526, 0.1526, 0.1526, 0.1526, 0.1526, 0.1526, 0.1526, 0.1526, 0.1407, 0.1407, 0.1407, 0.1407, 0.1407, 0.1407, 0.1407, 0.1407, 0.1407, 0.1407, 0.2522, 0.2522, 0.2522, 0.2522, 0.2522, 0.2522, 0.2522, 0.2522, 0.2522, 0.2522, 0.0997, 0.0997, 0.0997, 0.0997, 0.0997, 0.0997, 0.0997, 0.0997, 0.0997, 0.0997, 0.202, 0.202, 0.202, 0.202, 0.202, 0.202, 0.202, 0.202, 0.202, 0.202, 0.117, 0.117, 0.117, 0.117, 0.117, 0.117, 0.117, 0.117, 0.117, 0.117, 0.2193, 0.2193, 0.2193, 0.2193, 0.2193, 0.2193, 0.2193, 0.2193, 0.2193, 0.2193, 0.0847, 0.0847, 0.0847, 0.0847, 0.0847, 0.0847, 0.0847, 0.0847, 0.0847, 0.0847, 0.2727, 0.2727, 0.2727, 0.2727, 0.2727, 0.2727, 0.2727, 0.2727, 0.2727, 0.2727, 0.0616, 0.0616, 0.0616, 0.0616, 0.0616, 0.0616, 0.0616, 0.0616, 0.0616, 0.0616, 0.0533, 0.0533, 0.0533, 0.0533, 0.0533, 0.0533, 0.0533, 0.0533, 0.0533, 0.0533, 0.1528, 0.1528, 0.1528, 0.1528, 0.1528, 0.1528, 0.1528, 0.1528, 0.1528, 0.1528, 0.216, 0.216, 0.216, 0.216, 0.216, 0.216, 0.216, 0.216, 0.216, 0.216, 0.1605, 0.1605, 0.1605, 0.1605, 0.1605, 0.1605, 0.1605, 0.1605, 0.1605, 0.1605, 0.1845, 0.1845, 0.1845, 0.1845, 0.1845, 0.1845, 0.1845, 0.1845, 0.1845, 0.1845, 0.0054, 0.0054, 0.0054, 0.0054, 0.0054, 0.0054, 0.0054, 0.0054, 0.0054, 0.0054, 0.2688, 0.2688, 0.2688, 0.2688, 0.2688, 0.2688, 0.2688, 0.2688, 0.2688, 0.2688, 0.1037, 0.1037, 0.1037, 0.1037, 0.1037, 0.1037, 0.1037, 0.1037, 0.1037, 0.1037, 0.0792, 0.0792, 0.0792, 0.0792, 0.0792, 0.0792, 0.0792, 0.0792, 0.0792, 0.0792, 0.061, 0.061, 0.061, 0.061, 0.061, 0.061, 0.061, 0.061, 0.061, 0.061, 0.1383, 0.1383, 0.1383, 0.1383, 0.1383, 0.1383, 0.1383, 0.1383, 0.1383, 0.1383, 0.0523, 0.0523, 0.0523, 0.0523, 0.0523, 0.0523, 0.0523, 0.0523, 0.0523, 0.0523, 0.1445, 0.1445, 0.1445, 0.1445, 0.1445, 0.1445, 0.1445, 0.1445, 0.1445, 0.1445, 0.0047, 0.0047, 0.0047, 0.0047, 0.0047, 0.0047, 0.0047, 0.0047, 0.0047, 0.0047, 0.4015, 0.4015, 0.4015, 0.4015, 0.4015, 0.4015, 0.4015, 0.4015, 0.4015, 0.4015, 0.0057, 0.0057, 0.0057, 0.0057, 0.0057, 0.0057, 0.0057, 0.0057, 0.0057, 0.0057, 0.1585, 0.1585, 0.1585, 0.1585, 0.1585, 0.1585, 0.1585, 0.1585, 0.1585, 0.1585, 0.2119, 0.2119, 0.2119, 0.2119, 0.2119, 0.2119, 0.2119, 0.2119, 0.2119, 0.2119, 0.1152, 0.1152, 0.1152, 0.1152, 0.1152, 0.1152, 0.1152, 0.1152, 0.1152, 0.1152, 0.1305, 0.1305, 0.1305, 0.1305, 0.1305, 0.1305, 0.1305, 0.1305, 0.1305, 0.1305, 0.0274, 0.0274, 0.0274, 0.0274, 0.0274, 0.0274, 0.0274, 0.0274, 0.0274, 0.0274, 0.1961, 0.1961, 0.1961, 0.1961, 0.1961, 0.1961, 0.1961, 0.1961, 0.1961, 0.1961, 0.1214, 0.1214, 0.1214, 0.1214, 0.1214, 0.1214, 0.1214, 0.1214, 0.1214, 0.1214, 0.1686, 0.1686, 0.1686, 0.1686, 0.1686, 0.1686, 0.1686, 0.1686, 0.1686, 0.1686, 0.16, 0.16, 0.16, 0.16, 0.16, 0.16, 0.16, 0.16, 0.16, 0.16, 0.1797, 0.1797, 0.1797, 0.1797, 0.1797, 0.1797, 0.1797, 0.1797, 0.1797, 0.1797, 0.1065, 0.1065, 0.1065, 0.1065, 0.1065, 0.1065, 0.1065, 0.1065, 0.1065, 0.1065, 0.1019, 0.1019, 0.1019, 0.1019, 0.1019, 0.1019, 0.1019, 0.1019, 0.1019, 0.1019, 0.1749, 0.1749, 0.1749, 0.1749, 0.1749, 0.1749, 0.1749, 0.1749, 0.1749, 0.1749, 0.0058, 0.0058, 0.0058, 0.0058, 0.0058, 0.0058, 0.0058, 0.0058, 0.0058, 0.0058, 0.0862, 0.0862, 0.0862, 0.0862, 0.0862, 0.0862, 0.0862, 0.0862, 0.0862, 0.0862, 0.0976, 0.0976, 0.0976, 0.0976, 0.0976, 0.0976, 0.0976, 0.0976, 0.0976, 0.0976, 0.0581, 0.0581, 0.0581, 0.0581, 0.0581, 0.0581, 0.0581, 0.0581, 0.0581, 0.0581, 0.0878, 0.0878, 0.0878, 0.0878, 0.0878, 0.0878, 0.0878, 0.0878, 0.0878, 0.0878, 0.0047, 0.0047, 0.0047, 0.0047, 0.0047, 0.0047, 0.0047, 0.0047, 0.0047, 0.0047, 0.1882, 0.1882, 0.1882, 0.1882, 0.1882, 0.1882, 0.1882, 0.1882, 0.1882, 0.1882, 0.3566, 0.3566, 0.3566, 0.3566, 0.3566, 0.3566, 0.3566, 0.3566, 0.3566, 0.3566, 0.1146, 0.1146, 0.1146, 0.1146, 0.1146, 0.1146, 0.1146, 0.1146, 0.1146, 0.1146, 0.1674, 0.1674, 0.1674, 0.1674, 0.1674, 0.1674, 0.1674, 0.1674, 0.1674, 0.1674, 0.2459, 0.2459, 0.2459, 0.2459, 0.2459, 0.2459, 0.2459, 0.2459, 0.2459, 0.2459, 0.1413, 0.1413, 0.1413, 0.1413, 0.1413, 0.1413, 0.1413, 0.1413, 0.1413, 0.1413, 0.1705, 0.1705, 0.1705, 0.1705, 0.1705, 0.1705, 0.1705, 0.1705, 0.1705, 0.1705, 0.0581, 0.0581, 0.0581, 0.0581, 0.0581, 0.0581, 0.0581, 0.0581, 0.0581, 0.0581, 0.0038, 0.0038, 0.0038, 0.0038, 0.0038, 0.0038, 0.0038, 0.0038, 0.0038, 0.0038, 0.1188, 0.1188, 0.1188, 0.1188, 0.1188, 0.1188, 0.1188, 0.1188, 0.1188, 0.1188, 0.0866, 0.0866, 0.0866, 0.0866, 0.0866, 0.0866, 0.0866, 0.0866, 0.0866, 0.0866, 0.0214, 0.0214, 0.0214, 0.0214, 0.0214, 0.0214, 0.0214, 0.0214, 0.0214, 0.0214, 0.1981, 0.1981, 0.1981, 0.1981, 0.1981, 0.1981, 0.1981, 0.1981, 0.1981, 0.1981, 0.0042, 0.0042, 0.0042, 0.0042, 0.0042, 0.0042, 0.0042, 0.0042, 0.0042, 0.0042, 0.0751, 0.0751, 0.0751, 0.0751, 0.0751, 0.0751, 0.0751, 0.0751, 0.0751, 0.0751, 0.2755, 0.2755, 0.2755, 0.2755, 0.2755, 0.2755, 0.2755, 0.2755, 0.2755, 0.2755, 0.1434, 0.1434, 0.1434, 0.1434, 0.1434, 0.1434, 0.1434, 0.1434, 0.1434, 0.1434, 0.2308, 0.2308, 0.2308, 0.2308, 0.2308, 0.2308, 0.2308, 0.2308, 0.2308, 0.2308, 0.0147, 0.0147, 0.0147, 0.0147, 0.0147, 0.0147, 0.0147, 0.0147, 0.0147, 0.0147, 0.0768, 0.0768, 0.0768, 0.0768, 0.0768, 0.0768, 0.0768, 0.0768, 0.0768, 0.0768, 0.1046, 0.1046, 0.1046, 0.1046, 0.1046, 0.1046, 0.1046, 0.1046, 0.1046, 0.1046, 0.2628, 0.2628, 0.2628, 0.2628, 0.2628, 0.2628, 0.2628, 0.2628, 0.2628, 0.2628, 0.1015, 0.1015, 0.1015, 0.1015, 0.1015, 0.1015, 0.1015, 0.1015, 0.1015, 0.1015, 0.0813, 0.0813, 0.0813, 0.0813, 0.0813, 0.0813, 0.0813, 0.0813, 0.0813, 0.0813, 0.0626, 0.0626, 0.0626, 0.0626, 0.0626, 0.0626, 0.0626, 0.0626, 0.0626, 0.0626, 0.1621, 0.1621, 0.1621, 0.1621, 0.1621, 0.1621, 0.1621, 0.1621, 0.1621, 0.1621, 0.2275, 0.2275, 0.2275, 0.2275, 0.2275, 0.2275, 0.2275, 0.2275, 0.2275, 0.2275, 0.2235, 0.2235, 0.2235, 0.2235, 0.2235, 0.2235, 0.2235, 0.2235, 0.2235, 0.2235, 0.1556, 0.1556, 0.1556, 0.1556, 0.1556, 0.1556, 0.1556, 0.1556, 0.1556, 0.1556, 0.1208, 0.1208, 0.0161, 0.0161, 0.0161, 0.0161, 0.0161, 0.0161, 0.0161, 0.0161, 0.0161, 0.0161, 0.0084, 0.0084, 0.0084, 0.0084, 0.0084, 0.0084, 0.0084, 0.0084, 0.0084, 0.0084, 0.065, 0.065, 0.065, 0.065, 0.065, 0.065, 0.065, 0.065, 0.065, 0.065, 0.0666, 0.0666, 0.0666, 0.0666, 0.0666, 0.0666, 0.0666, 0.0666, 0.0666, 0.0666, 0.0023, 0.0023, 0.0023, 0.0023, 0.0023, 0.0023, 0.0023, 0.0023, 0.0023, 0.0023, 0.0049, 0.0049, 0.0049, 0.0049, 0.0049, 0.0049, 0.0049, 0.0049, 0.0049, 0.0049, 0.0025, 0.0025, 0.0025, 0.0025, 0.0025, 0.0025, 0.0025, 0.0025, 0.0025, 0.0025, 0.0025, 0.0025, 0.0025, 0.0025, 0.0025, 0.0025, 0.0025, 0.0025, 0.0025, 0.0025, 0.0033, 0.0033, 0.0033, 0.0033, 0.0033, 0.0033, 0.0033, 0.0033, 0.0033, 0.0033, 0.1046, 0.1046, 0.1046, 0.1046, 0.1046, 0.1046, 0.1046, 0.1046, 0.1046, 0.1046, 0.0025, 0.0025, 0.0025, 0.0025, 0.0025, 0.0025, 0.0025, 0.0025, 0.0025, 0.0025, 0.2187, 0.2187, 0.2187, 0.2187, 0.2187, 0.2187, 0.2187, 0.2187, 0.2187, 0.2187, 0.12, 0.12, 0.12, 0.12, 0.12, 0.12, 0.12, 0.12, 0.12, 0.12, 0.1303, 0.1303, 0.1303, 0.1303, 0.1303, 0.1303, 0.1303, 0.1303, 0.1303, 0.1303, 0.0024, 0.0024, 0.0024, 0.0024, 0.0024, 0.0024, 0.0024, 0.0024, 0.0024, 0.0024, 0.1052, 0.1052, 0.1052, 0.1052, 0.1052, 0.1052, 0.1052, 0.1052, 0.1052, 0.1052, 0.0945, 0.0945, 0.0945, 0.0945, 0.0945, 0.0945, 0.0945, 0.0945, 0.0945, 0.0945, 0.144, 0.144, 0.144, 0.144, 0.144, 0.144, 0.144, 0.144, 0.144, 0.144, 0.0355, 0.0355, 0.0355, 0.0355, 0.0355, 0.0355, 0.0355, 0.0355, 0.0355, 0.0355, 0.179, 0.179, 0.179, 0.179, 0.179, 0.179, 0.179, 0.179, 0.179, 0.179, 0.3416, 0.3416, 0.3416, 0.3416, 0.3416, 0.3416, 0.3416, 0.3416, 0.3416, 0.3416, 0.1132, 0.1132, 0.1132, 0.1132, 0.1132, 0.1132, 0.1132, 0.1132, 0.1132, 0.1132, 0.0033, 0.0033, 0.0033, 0.0033, 0.0033, 0.0033, 0.0033, 0.0033, 0.0033, 0.0033, 0.0368, 0.0368, 0.0368, 0.0368, 0.0368, 0.0368, 0.0368, 0.0368, 0.0368, 0.0368, 0.0942, 0.0942, 0.0942, 0.0942, 0.0942, 0.0942, 0.0942, 0.0942, 0.0942, 0.0942, 0.0838, 0.0838, 0.0838, 0.0838, 0.0838, 0.0838, 0.0838, 0.0838, 0.0838, 0.0838, 0.0977, 0.0977, 0.0977, 0.0977, 0.0977, 0.0977, 0.0977, 0.0977, 0.0977, 0.0977, 0.0267, 0.0267, 0.0267, 0.0267, 0.0267, 0.0267, 0.0267, 0.0267, 0.0267, 0.0267, 0.1189, 0.1189, 0.1189, 0.1189, 0.1189, 0.1189, 0.1189, 0.1189, 0.1189, 0.1189, 0.152, 0.152, 0.152, 0.152, 0.152, 0.152, 0.152, 0.152, 0.152, 0.152, 0.0754, 0.0754, 0.0754, 0.0754, 0.0754, 0.0754, 0.0754, 0.0754, 0.0754, 0.0754, 0.0613, 0.0613, 0.0613, 0.0613, 0.0613, 0.0613, 0.0613, 0.0613, 0.0613, 0.0613, 0.0751, 0.0751, 0.0751, 0.0751, 0.0751, 0.0751, 0.0751, 0.0751, 0.0751, 0.0751, 0.0621, 0.0621, 0.0621, 0.0621, 0.0621, 0.0621, 0.0621, 0.0621, 0.0621, 0.0621, 0.0022, 0.0022, 0.0022, 0.0022, 0.0022, 0.0022, 0.0022, 0.0022, 0.0022, 0.0022, 0.2613, 0.2613, 0.2613, 0.2613, 0.2613, 0.2613, 0.2613, 0.2613, 0.2613, 0.2613, 0.4188, 0.4188, 0.4188, 0.4188, 0.4188, 0.4188, 0.4188, 0.4188, 0.4188, 0.4188, 0.092, 0.092, 0.092, 0.092, 0.092, 0.092, 0.092, 0.092, 0.092, 0.092, 0.1698, 0.1698, 0.1698, 0.1698, 0.1698, 0.1698, 0.1698, 0.1698, 0.1698, 0.1698, 0.0338, 0.0338, 0.0338, 0.0338, 0.0338, 0.0338, 0.0338, 0.0338, 0.0338, 0.0338, 0.0029, 0.0029, 0.0029, 0.0029, 0.0029, 0.0029, 0.0029, 0.0029, 0.0029, 0.0029, 0.1184, 0.1184, 0.1184, 0.1184, 0.1184, 0.1184, 0.1184, 0.1184, 0.1184, 0.1184, 0.2035, 0.2035, 0.2035, 0.2035, 0.2035, 0.2035, 0.2035, 0.2035, 0.2035, 0.2035, 0.0023, 0.0023, 0.0023, 0.0023, 0.0023, 0.0023, 0.0023, 0.0023, 0.0023, 0.0023, 0.1655, 0.1655, 0.1655, 0.1655, 0.1655, 0.1655, 0.1655, 0.1655, 0.1655, 0.1655, 0.1432, 0.1432, 0.1432, 0.1432, 0.1432, 0.1432, 0.1432, 0.1432, 0.1432, 0.1432, 0.2262, 0.2262, 0.2262, 0.2262, 0.2262, 0.2262, 0.2262, 0.2262, 0.2262, 0.2262, 0.2989, 0.2989, 0.2989, 0.2989, 0.2989, 0.2989, 0.2989, 0.2989, 0.2989, 0.2989, 0.0854, 0.0854, 0.0854, 0.0854, 0.0854, 0.0854, 0.0854, 0.0854, 0.0854, 0.0854, 0.2259, 0.2259, 0.2259, 0.2259, 0.2259, 0.2259, 0.2259, 0.2259, 0.2259, 0.2259, 0.22, 0.22, 0.22, 0.22, 0.22, 0.22, 0.22, 0.22, 0.22, 0.22, 0.0158, 0.0158, 0.0158, 0.0158, 0.0158, 0.0158, 0.0158, 0.0158, 0.0158, 0.0158, 0.1223, 0.1223, 0.1223, 0.1223, 0.1223, 0.1223, 0.1223, 0.1223, 0.1223, 0.1223, 0.0243, 0.0243, 0.0243, 0.0243, 0.0243, 0.0243, 0.0243, 0.0243, 0.0243, 0.0243, 0.0132, 0.0132, 0.0132, 0.0132, 0.0132, 0.0132, 0.0132, 0.0132, 0.0132, 0.0132, 0.2249, 0.2249, 0.2249, 0.2249, 0.2249, 0.2249, 0.2249, 0.2249, 0.2249, 0.2249, 0.1452, 0.1452, 0.1452, 0.1452, 0.1452, 0.1452, 0.1452, 0.1452, 0.1452, 0.1452, 0.0575, 0.0575, 0.0575, 0.0575, 0.0575, 0.0575, 0.0575, 0.0575, 0.0575, 0.0575, 0.2165, 0.2165, 0.2165, 0.2165, 0.2165, 0.2165, 0.2165, 0.2165, 0.2165, 0.2165, 0.0132, 0.0132, 0.0132, 0.0132, 0.0132, 0.0132, 0.0132, 0.0132, 0.0132, 0.0132, 0.0109, 0.0109, 0.0109, 0.0109, 0.0109, 0.0109, 0.0109, 0.0109, 0.0109, 0.0109, 0.1355, 0.1355, 0.1355, 0.1355, 0.1355, 0.1355, 0.1355, 0.1355, 0.1355, 0.1355, 0.0731, 0.0731, 0.0731, 0.0731, 0.0731, 0.0731, 0.0731, 0.0731, 0.0731, 0.0731, 0.0674, 0.0674, 0.0674, 0.0674, 0.0674, 0.0674, 0.0674, 0.0674, 0.0674, 0.0674, 0.1766, 0.1766, 0.1766, 0.1766, 0.1766, 0.1766, 0.1766, 0.1766, 0.1766, 0.1766, 0.0598, 0.0598, 0.0598, 0.0598, 0.0598, 0.0598, 0.0598, 0.0598, 0.0598, 0.0598, 0.0972, 0.0972, 0.0972, 0.0972, 0.0972, 0.0972, 0.0972, 0.0972, 0.0972, 0.0972, 0.1268, 0.1268, 0.1268, 0.1268, 0.1268, 0.1268, 0.1268, 0.1268, 0.1268, 0.1268, 0.0045, 0.0045, 0.0045, 0.0045, 0.0045, 0.0045, 0.0045, 0.0045, 0.0045, 0.0045, 0.1167, 0.1167, 0.1167, 0.1167, 0.1167, 0.1167, 0.1167, 0.1167, 0.1167, 0.1167, 0.2677, 0.2677, 0.2677, 0.2677, 0.2677, 0.2677, 0.2677, 0.2677, 0.2677, 0.2677, 0.2913, 0.2913, 0.2913, 0.2913, 0.2913, 0.2913, 0.2913, 0.2913, 0.2913, 0.2913, 0.0155, 0.0155, 0.0155, 0.0155, 0.0155, 0.0155, 0.0155, 0.0155, 0.0155, 0.0155, 0.2702, 0.2702, 0.2702, 0.2702, 0.2702, 0.2702, 0.2702, 0.2702, 0.2702, 0.2702, 0.1981, 0.1981, 0.1981, 0.1981, 0.1981, 0.1981, 0.1981, 0.1981, 0.1981, 0.1981, 0.1131, 0.1131, 0.1131, 0.1131, 0.1131, 0.1131, 0.1131, 0.1131, 0.1131, 0.1131, 0.1096, 0.1096, 0.1096, 0.1096, 0.1096, 0.1096, 0.1096, 0.1096, 0.1096, 0.1096, 0.3046, 0.3046, 0.3046, 0.3046, 0.3046, 0.3046, 0.3046, 0.3046, 0.3046, 0.3046, 0.0039, 0.0039, 0.0039, 0.0039, 0.0039, 0.0039, 0.0039, 0.0039, 0.0039, 0.0039, 0.1128, 0.1128, 0.1128, 0.1128, 0.1128, 0.1128, 0.1128, 0.1128, 0.1128, 0.1128, 0.2142, 0.2142, 0.2142, 0.2142, 0.2142, 0.2142, 0.0559, 0.0559, 0.0559, 0.0559, 0.0559, 0.0559, 0.0559, 0.0559, 0.0559, 0.0559, 0.0053, 0.0053, 0.0053, 0.0053, 0.0053, 0.0053, 0.0053, 0.0053, 0.0053, 0.0053, 0.0248, 0.0248, 0.0248, 0.0248, 0.0248, 0.0248, 0.0248, 0.0248, 0.0248, 0.0248, 0.061, 0.061, 0.061, 0.061, 0.061, 0.061, 0.061, 0.061, 0.061, 0.061, 0.1753, 0.1753, 0.1753, 0.1753, 0.1753, 0.1753, 0.1753, 0.1753, 0.1753, 0.1753, 0.0847, 0.0847, 0.0847, 0.0847, 0.0847, 0.0847, 0.0847, 0.0847, 0.0847, 0.0847, 0.0601, 0.0601, 0.0601, 0.0601, 0.0601, 0.0601, 0.0601, 0.0601, 0.0601, 0.0601, 0.003, 0.003, 0.003, 0.003, 0.003, 0.003, 0.003, 0.003, 0.003, 0.003, 0.0634, 0.0634, 0.0634, 0.0634, 0.0634, 0.0634, 0.0634, 0.0634, 0.0634, 0.0634, 0.0023, 0.0023, 0.0023, 0.0023, 0.0023, 0.0023, 0.0023, 0.0023, 0.0023, 0.0023, 0.1006, 0.1006, 0.1006, 0.1006, 0.1006, 0.1006, 0.1006, 0.1006, 0.1006, 0.1006, 0.2377, 0.2377, 0.2377, 0.2377, 0.2377, 0.2377, 0.2377, 0.2377, 0.2377, 0.2377, 0.1023, 0.1023, 0.1023, 0.1023, 0.1023, 0.1023, 0.1023, 0.1023, 0.1023, 0.1023, 0.005, 0.005, 0.005, 0.005, 0.005, 0.005, 0.005, 0.005, 0.005, 0.005, 0.2412, 0.2412, 0.2412, 0.2412, 0.2412, 0.2412, 0.2412, 0.2412, 0.2412, 0.2412, 0.0301, 0.0301, 0.0301, 0.0301, 0.0301, 0.0301, 0.0301, 0.0301, 0.0301, 0.0301, 0.0574, 0.0574, 0.0574, 0.0574, 0.0574, 0.0574, 0.0574, 0.0574, 0.0574, 0.0574, 0.1863, 0.1863, 0.1863, 0.1863, 0.1863, 0.1863, 0.1863, 0.1863, 0.1863, 0.1863, 0.0956, 0.0956, 0.0956, 0.0956, 0.0956, 0.0956, 0.0956, 0.0956, 0.0956, 0.0956, 0.1461, 0.1461, 0.1461, 0.1461, 0.1461, 0.1461, 0.1461, 0.1461, 0.1461, 0.1461, 0.0048, 0.0048, 0.0048, 0.0048, 0.0048, 0.0048, 0.0048, 0.0048, 0.0048, 0.0048, 0.1075, 0.1075, 0.1075, 0.1075, 0.1075, 0.1075, 0.1075, 0.1075, 0.1075, 0.1075, 0.0741, 0.0741, 0.0741, 0.0741, 0.0741, 0.0741, 0.0741, 0.0741, 0.0741, 0.0741, 0.2432, 0.2432, 0.2432, 0.2432, 0.2432, 0.2432, 0.2432, 0.2432, 0.2432, 0.2432, 0.04, 0.04, 0.04, 0.04, 0.04, 0.04, 0.04, 0.04, 0.04, 0.04, 0.199, 0.199, 0.199, 0.199, 0.199, 0.199, 0.199, 0.199, 0.199, 0.199, 0.2328, 0.2328, 0.2328, 0.2328, 0.2328, 0.2328, 0.2328, 0.2328, 0.2328, 0.2328, 0.0566, 0.0566, 0.0566, 0.0566, 0.0566, 0.0566, 0.0566, 0.0566, 0.0566, 0.0566, 0.1385, 0.1385, 0.1385, 0.1385, 0.1385, 0.1385, 0.1385, 0.1385, 0.1385, 0.1385, 0.2163, 0.2163, 0.2163, 0.2163, 0.2163, 0.2163, 0.2163, 0.2163, 0.2163, 0.2163, 0.0033, 0.0033, 0.0033, 0.0033, 0.0033, 0.0033, 0.0033, 0.0033, 0.0033, 0.0033, 0.0679, 0.0679, 0.0679, 0.0679, 0.0679, 0.0679, 0.0679, 0.0679, 0.0679, 0.0679, 0.0746, 0.0746, 0.0746, 0.0746, 0.0746, 0.0746, 0.0746, 0.0746, 0.0746, 0.0746, 0.2078, 0.2078, 0.2078, 0.2078, 0.2078, 0.2078, 0.2078, 0.2078, 0.2078, 0.2078, 0.0045, 0.0045, 0.0045, 0.0045, 0.0045, 0.0045, 0.0045, 0.0045, 0.0045, 0.0045, 0.029, 0.029, 0.029, 0.029, 0.029, 0.029, 0.029, 0.029, 0.029, 0.029, 0.1927, 0.1927, 0.1927, 0.1927, 0.1927, 0.1927, 0.1927, 0.1927, 0.1927, 0.1927, 0.2177, 0.2177, 0.2177, 0.2177, 0.2177, 0.2177, 0.2177, 0.2177, 0.2177, 0.2177, 0.042, 0.042, 0.042, 0.042, 0.042, 0.042, 0.042, 0.042, 0.042, 0.042, 0.0601, 0.0601, 0.0601, 0.0601, 0.0601, 0.0601, 0.0601, 0.0601, 0.0601, 0.0601, 0.0568, 0.0568, 0.0568, 0.0568, 0.0568, 0.0568, 0.0568, 0.0568, 0.0568, 0.0568, 0.0796, 0.0796, 0.0796, 0.0796, 0.0796, 0.0796, 0.0796, 0.0796, 0.0796, 0.0796, 0.061, 0.061, 0.061, 0.061, 0.061, 0.061, 0.061, 0.061, 0.061, 0.061, 0.0105, 0.0105, 0.0105, 0.0105, 0.0105, 0.0105, 0.0105, 0.0105, 0.0105, 0.0105, 0.363, 0.363, 0.363, 0.363, 0.363, 0.363, 0.363, 0.363, 0.363, 0.363, 0.0121, 0.0121, 0.0121, 0.0121, 0.0121, 0.0121, 0.0121, 0.0121, 0.0121, 0.0121, 0.1109, 0.1109, 0.1109, 0.1109, 0.1109, 0.1109, 0.1109, 0.1109, 0.1109, 0.1109, 0.1765, 0.1765, 0.1765, 0.1765, 0.1765, 0.1765, 0.1765, 0.1765, 0.1765, 0.1765, 0.0031, 0.0031, 0.0031, 0.0031, 0.0031, 0.0031, 0.0031, 0.0031, 0.0031, 0.0031, 0.0936, 0.0936, 0.0936, 0.0936, 0.0936, 0.0936, 0.0936, 0.0936, 0.0936, 0.0936, 0.0022, 0.0022, 0.0022, 0.0022, 0.0022, 0.0022, 0.0022, 0.0022, 0.0022, 0.0022, 0.1281, 0.1281, 0.1281, 0.1281, 0.1281, 0.1281, 0.1281, 0.1281, 0.1281, 0.1281, 0.0027, 0.0027, 0.0027, 0.0027, 0.0027, 0.0027, 0.0027, 0.0027, 0.0027, 0.0027, 0.1454, 0.1454, 0.1454, 0.1454, 0.1454, 0.1454, 0.1454, 0.1454, 0.1454, 0.1454, 0.0661, 0.0661, 0.0661, 0.0661, 0.0661, 0.0661, 0.0661, 0.0661, 0.0661, 0.0661, 0.0054, 0.0054, 0.0054, 0.0054, 0.0054, 0.0054, 0.0054, 0.0054, 0.0054, 0.0054, 0.0953, 0.0953, 0.0953, 0.0953, 0.0953, 0.0953, 0.0953, 0.0953, 0.0953, 0.0953, 0.0638, 0.0638, 0.0638, 0.0638, 0.0638, 0.0638, 0.0638, 0.0638, 0.0638, 0.0638, 0.0033, 0.0033, 0.0033, 0.0033, 0.0033, 0.0033, 0.0033, 0.0033, 0.0033, 0.0033, 0.2224, 0.2224, 0.2224, 0.2224, 0.2224, 0.2224, 0.2224, 0.2224, 0.2224, 0.2224, 0.0861, 0.0861, 0.0861, 0.0861, 0.0861, 0.0861, 0.0861, 0.0861, 0.0861, 0.0861, 0.1688, 0.1688, 0.1688, 0.1688, 0.1688, 0.1688, 0.1688, 0.1688, 0.1688, 0.1688, 0.055, 0.055, 0.055, 0.055, 0.055, 0.055, 0.055, 0.055, 0.055, 0.055, 0.0046, 0.0046, 0.0046, 0.0046, 0.0046, 0.0046, 0.0046, 0.0046, 0.0046, 0.0046, 0.1194, 0.1194, 0.1194, 0.1194, 0.1194, 0.1194, 0.1194, 0.1194, 0.1194, 0.1194, 0.1505, 0.1505, 0.1505, 0.1505, 0.1505, 0.1505, 0.1505, 0.1505, 0.1505, 0.1505, 0.1178, 0.1178, 0.1178, 0.1178, 0.1178, 0.1178, 0.1178, 0.1178, 0.1178, 0.1178, 0.0802, 0.0802, 0.0802, 0.0802, 0.0802, 0.0802, 0.0802, 0.0802, 0.0802, 0.0802, 0.1907, 0.1907, 0.1907, 0.1907, 0.1907, 0.1907, 0.1907, 0.1907, 0.1907, 0.1907, 0.0034, 0.0034, 0.0034, 0.0034, 0.0034, 0.0034, 0.0034, 0.0034, 0.0034, 0.0034, 0.1283, 0.1283, 0.1283, 0.1283, 0.1283, 0.1283, 0.1283, 0.1283, 0.1283, 0.1283, 0.063, 0.063, 0.063, 0.063, 0.063, 0.063, 0.063, 0.063, 0.063, 0.063, 0.0673, 0.0673, 0.0673, 0.0673, 0.0673, 0.0673, 0.0673, 0.0673, 0.0673, 0.0673, 0.1096, 0.1096, 0.1096, 0.1096, 0.1096, 0.1096, 0.1096, 0.1096, 0.1096, 0.1096, 0.0035, 0.0035, 0.0035, 0.0035, 0.0035, 0.0035, 0.0035, 0.0035, 0.0035, 0.0035, 0.149, 0.149, 0.149, 0.149, 0.149, 0.149, 0.149, 0.149, 0.149, 0.149, 0.1432, 0.1432, 0.1432, 0.1432, 0.1432, 0.1432, 0.1432, 0.1432, 0.1432, 0.1432, 0.0162, 0.0162, 0.0162, 0.0162, 0.0162, 0.0162, 0.0162, 0.0162, 0.0162, 0.0162, 0.0035, 0.0035, 0.0035, 0.0035, 0.0035, 0.0035, 0.0035, 0.0035, 0.0035, 0.0035, 0.1803, 0.1803, 0.1803, 0.1803, 0.1803, 0.1803, 0.1803, 0.1803, 0.1803, 0.1803, 0.1091, 0.1091, 0.1091, 0.1091, 0.1091, 0.1091, 0.1091, 0.1091, 0.1091, 0.1091]
Validation Loss:
[0.6293606162071228, 0.3601483106613159, 0.3103300631046295, 0.2768853008747101, 0.268434077501297, 0.27823406457901, 0.2737223207950592, 0.26916658878326416, 0.2754812240600586, 0.27397698163986206]
Train, Validation, Test split:
Train: 6506
Validation: 1836
Test: 927
