Accuracy: 0.9481397970687712
Classification Report:
                                          precision    recall  f1-score   support

                         2ndMill-1stHalf       0.96      0.89      0.92        27
                         2ndMill-2ndHalf       0.94      0.89      0.92       170
                     Hellenistic onwards       0.86      0.91      0.89        91
Neo-Assyrian; Neo-Babylonian; Achaemenid       0.96      0.97      0.97       599

                                accuracy                           0.95       887
                               macro avg       0.93      0.92      0.92       887
                            weighted avg       0.95      0.95      0.95       887

Training Loss:
[1.629, 1.629, 1.629, 1.629, 1.629, 1.629, 1.629, 1.629, 1.629, 1.629, 1.3855, 1.3855, 1.3855, 1.3855, 1.3855, 1.3855, 1.3855, 1.3855, 1.3855, 1.3855, 1.1286, 1.1286, 1.1286, 1.1286, 1.1286, 1.1286, 1.1286, 1.1286, 1.1286, 1.1286, 0.8362, 0.8362, 0.8362, 0.8362, 0.8362, 0.8362, 0.8362, 0.8362, 0.8362, 0.8362, 1.0647, 1.0647, 1.0647, 1.0647, 1.0647, 1.0647, 1.0647, 1.0647, 1.0647, 1.0647, 0.9461, 0.9461, 0.9461, 0.9461, 0.9461, 0.9461, 0.9461, 0.9461, 0.9461, 0.9461, 0.7957, 0.7957, 0.7957, 0.7957, 0.7957, 0.7957, 0.7957, 0.7957, 0.7957, 0.7957, 0.8726, 0.8726, 0.8726, 0.8726, 0.8726, 0.8726, 0.8726, 0.8726, 0.8726, 0.8726, 0.7296, 0.7296, 0.7296, 0.7296, 0.7296, 0.7296, 0.7296, 0.7296, 0.7296, 0.7296, 0.9653, 0.9653, 0.9653, 0.9653, 0.9653, 0.9653, 0.9653, 0.9653, 0.9653, 0.9653, 0.6855, 0.6855, 0.6855, 0.6855, 0.6855, 0.6855, 0.6855, 0.6855, 0.6855, 0.6855, 0.6697, 0.6697, 0.6697, 0.6697, 0.6697, 0.6697, 0.6697, 0.6697, 0.6697, 0.6697, 0.8341, 0.8341, 0.8341, 0.8341, 0.8341, 0.8341, 0.8341, 0.8341, 0.8341, 0.8341, 0.7735, 0.7735, 0.7735, 0.7735, 0.7735, 0.7735, 0.7735, 0.7735, 0.7735, 0.7735, 0.7406, 0.7406, 0.7406, 0.7406, 0.7406, 0.7406, 0.7406, 0.7406, 0.7406, 0.7406, 0.7539, 0.7539, 0.7539, 0.7539, 0.7539, 0.7539, 0.7539, 0.7539, 0.7539, 0.7539, 0.5262, 0.5262, 0.5262, 0.5262, 0.5262, 0.5262, 0.5262, 0.5262, 0.5262, 0.5262, 0.5939, 0.5939, 0.5939, 0.5939, 0.5939, 0.5939, 0.5939, 0.5939, 0.5939, 0.5939, 0.8279, 0.8279, 0.8279, 0.8279, 0.8279, 0.8279, 0.8279, 0.8279, 0.8279, 0.8279, 0.8125, 0.8125, 0.8125, 0.8125, 0.8125, 0.8125, 0.8125, 0.8125, 0.8125, 0.8125, 0.6835, 0.6835, 0.6835, 0.6835, 0.6835, 0.6835, 0.6835, 0.6835, 0.6835, 0.6835, 0.5, 0.5, 0.5, 0.5, 0.5, 0.5, 0.5, 0.5, 0.5, 0.5, 0.4957, 0.4957, 0.4957, 0.4957, 0.4957, 0.4957, 0.4957, 0.4957, 0.4957, 0.4957, 0.51, 0.51, 0.51, 0.51, 0.51, 0.51, 0.51, 0.51, 0.51, 0.51, 0.5064, 0.5064, 0.5064, 0.5064, 0.5064, 0.5064, 0.5064, 0.5064, 0.5064, 0.5064, 0.4991, 0.4991, 0.4991, 0.4991, 0.4991, 0.4991, 0.4991, 0.4991, 0.4991, 0.4991, 0.7573, 0.7573, 0.7573, 0.7573, 0.7573, 0.7573, 0.7573, 0.7573, 0.7573, 0.7573, 0.5481, 0.5481, 0.5481, 0.5481, 0.5481, 0.5481, 0.5481, 0.5481, 0.5481, 0.5481, 0.5875, 0.5875, 0.5875, 0.5875, 0.5875, 0.5875, 0.5875, 0.5875, 0.5875, 0.5875, 0.7753, 0.7753, 0.7753, 0.7753, 0.7753, 0.7753, 0.7753, 0.7753, 0.7753, 0.7753, 0.7125, 0.7125, 0.7125, 0.7125, 0.7125, 0.7125, 0.7125, 0.7125, 0.7125, 0.7125, 0.4806, 0.4806, 0.4806, 0.4806, 0.4806, 0.4806, 0.4806, 0.4806, 0.4806, 0.4806, 0.6441, 0.6441, 0.6441, 0.6441, 0.6441, 0.6441, 0.6441, 0.6441, 0.6441, 0.6441, 0.575, 0.575, 0.575, 0.575, 0.575, 0.575, 0.575, 0.575, 0.575, 0.575, 0.5774, 0.5774, 0.5774, 0.5774, 0.5774, 0.5774, 0.5774, 0.5774, 0.5774, 0.5774, 0.6869, 0.6869, 0.6869, 0.6869, 0.6869, 0.6869, 0.6869, 0.6869, 0.6869, 0.6869, 0.5717, 0.5717, 0.5717, 0.5717, 0.5717, 0.5717, 0.5717, 0.5717, 0.5717, 0.5717, 0.7649, 0.7649, 0.7649, 0.7649, 0.7649, 0.7649, 0.7649, 0.7649, 0.7649, 0.7649, 0.6675, 0.6675, 0.6675, 0.6675, 0.6675, 0.6675, 0.6675, 0.6675, 0.6675, 0.6675, 0.4089, 0.4089, 0.4089, 0.4089, 0.4089, 0.4089, 0.4089, 0.4089, 0.4089, 0.4089, 0.4842, 0.4842, 0.4842, 0.4842, 0.4842, 0.4842, 0.4842, 0.4842, 0.4842, 0.4842, 0.5771, 0.5771, 0.5771, 0.5771, 0.5771, 0.5771, 0.5771, 0.5771, 0.5771, 0.5771, 0.6136, 0.6136, 0.6136, 0.6136, 0.6136, 0.6136, 0.6136, 0.6136, 0.6136, 0.6136, 0.5777, 0.5777, 0.5777, 0.5777, 0.5777, 0.5777, 0.5777, 0.5777, 0.5777, 0.5777, 0.5958, 0.5958, 0.5958, 0.5958, 0.5958, 0.5958, 0.5958, 0.5958, 0.5958, 0.5958, 0.8549, 0.8549, 0.8549, 0.8549, 0.8549, 0.8549, 0.8549, 0.8549, 0.8549, 0.8549, 0.5148, 0.5148, 0.5148, 0.5148, 0.5148, 0.5148, 0.5148, 0.5148, 0.5148, 0.5148, 0.7359, 0.7359, 0.7359, 0.7359, 0.7359, 0.7359, 0.7359, 0.7359, 0.7359, 0.7359, 0.5677, 0.5677, 0.5677, 0.5677, 0.5677, 0.5677, 0.5677, 0.5677, 0.5677, 0.5677, 0.5095, 0.5095, 0.5095, 0.5095, 0.5095, 0.5095, 0.5095, 0.5095, 0.5095, 0.5095, 0.246, 0.246, 0.246, 0.246, 0.246, 0.246, 0.246, 0.246, 0.246, 0.246, 0.8903, 0.8903, 0.8903, 0.8903, 0.8903, 0.8903, 0.8903, 0.8903, 0.8903, 0.8903, 0.3763, 0.3763, 0.3763, 0.3763, 0.3763, 0.3763, 0.3763, 0.3763, 0.3763, 0.3763, 0.8251, 0.8251, 0.8251, 0.8251, 0.8251, 0.8251, 0.8251, 0.8251, 0.8251, 0.8251, 0.3495, 0.3495, 0.3495, 0.3495, 0.3495, 0.3495, 0.3495, 0.3495, 0.3495, 0.3495, 0.4976, 0.4976, 0.4976, 0.4976, 0.4976, 0.4976, 0.4976, 0.4976, 0.4976, 0.4976, 0.883, 0.883, 0.883, 0.883, 0.883, 0.883, 0.883, 0.883, 0.883, 0.883, 0.5562, 0.5562, 0.5562, 0.5562, 0.5562, 0.5562, 0.5562, 0.5562, 0.5562, 0.5562, 0.4897, 0.4897, 0.4897, 0.4897, 0.4897, 0.4897, 0.4897, 0.4897, 0.4897, 0.4897, 0.3265, 0.3265, 0.3265, 0.3265, 0.3265, 0.3265, 0.3265, 0.3265, 0.3265, 0.3265, 0.1719, 0.1719, 0.1719, 0.1719, 0.1719, 0.1719, 0.1719, 0.1719, 0.1719, 0.1719, 0.5921, 0.5921, 0.5921, 0.5921, 0.5921, 0.5921, 0.5921, 0.5921, 0.5921, 0.5921, 0.5447, 0.5447, 0.5447, 0.5447, 0.5447, 0.5447, 0.5447, 0.5447, 0.5447, 0.5447, 0.581, 0.581, 0.581, 0.581, 0.581, 0.581, 0.581, 0.581, 0.581, 0.581, 0.7496, 0.7496, 0.7496, 0.7496, 0.7496, 0.7496, 0.7496, 0.7496, 0.7496, 0.7496, 0.5458, 0.5458, 0.5458, 0.5458, 0.5458, 0.5458, 0.5458, 0.5458, 0.5458, 0.5458, 0.6052, 0.6052, 0.6052, 0.6052, 0.6052, 0.6052, 0.6052, 0.6052, 0.6052, 0.6052, 0.6876, 0.6876, 0.6876, 0.6876, 0.6876, 0.6876, 0.6876, 0.6876, 0.6876, 0.6876, 0.5864, 0.5864, 0.5864, 0.5864, 0.5864, 0.5864, 0.5864, 0.5864, 0.5864, 0.5864, 0.3093, 0.3093, 0.3093, 0.3093, 0.3093, 0.3093, 0.3093, 0.3093, 0.3093, 0.3093, 0.3401, 0.3401, 0.3401, 0.3401, 0.3401, 0.3401, 0.3401, 0.3401, 0.3401, 0.3401, 0.4359, 0.4359, 0.4359, 0.4359, 0.4359, 0.4359, 0.4359, 0.4359, 0.4359, 0.4359, 0.3518, 0.3518, 0.3518, 0.3518, 0.3518, 0.3518, 0.3518, 0.3518, 0.3518, 0.3518, 0.542, 0.542, 0.542, 0.542, 0.542, 0.542, 0.542, 0.542, 0.542, 0.542, 0.4391, 0.4391, 0.4391, 0.4391, 0.4391, 0.4391, 0.4391, 0.4391, 0.4391, 0.4391, 0.4385, 0.4385, 0.4385, 0.4385, 0.4385, 0.4385, 0.4385, 0.4385, 0.4385, 0.4385, 0.5337, 0.5337, 0.5337, 0.5337, 0.5337, 0.5337, 0.5337, 0.5337, 0.466, 0.466, 0.466, 0.466, 0.466, 0.466, 0.466, 0.466, 0.466, 0.466, 0.4229, 0.4229, 0.4229, 0.4229, 0.4229, 0.4229, 0.4229, 0.4229, 0.4229, 0.4229, 0.1987, 0.1987, 0.1987, 0.1987, 0.1987, 0.1987, 0.1987, 0.1987, 0.1987, 0.1987, 0.224, 0.224, 0.224, 0.224, 0.224, 0.224, 0.224, 0.224, 0.224, 0.224, 0.2336, 0.2336, 0.2336, 0.2336, 0.2336, 0.2336, 0.2336, 0.2336, 0.2336, 0.2336, 0.4115, 0.4115, 0.4115, 0.4115, 0.4115, 0.4115, 0.4115, 0.4115, 0.4115, 0.4115, 0.2227, 0.2227, 0.2227, 0.2227, 0.2227, 0.2227, 0.2227, 0.2227, 0.2227, 0.2227, 0.4307, 0.4307, 0.4307, 0.4307, 0.4307, 0.4307, 0.4307, 0.4307, 0.4307, 0.4307, 0.2061, 0.2061, 0.2061, 0.2061, 0.2061, 0.2061, 0.2061, 0.2061, 0.2061, 0.2061, 0.5876, 0.5876, 0.5876, 0.5876, 0.5876, 0.5876, 0.5876, 0.5876, 0.5876, 0.5876, 0.4711, 0.4711, 0.4711, 0.4711, 0.4711, 0.4711, 0.4711, 0.4711, 0.4711, 0.4711, 0.3915, 0.3915, 0.3915, 0.3915, 0.3915, 0.3915, 0.3915, 0.3915, 0.3915, 0.3915, 0.3067, 0.3067, 0.3067, 0.3067, 0.3067, 0.3067, 0.3067, 0.3067, 0.3067, 0.3067, 0.1252, 0.1252, 0.1252, 0.1252, 0.1252, 0.1252, 0.1252, 0.1252, 0.1252, 0.1252, 0.5167, 0.5167, 0.5167, 0.5167, 0.5167, 0.5167, 0.5167, 0.5167, 0.5167, 0.5167, 0.3131, 0.3131, 0.3131, 0.3131, 0.3131, 0.3131, 0.3131, 0.3131, 0.3131, 0.3131, 0.426, 0.426, 0.426, 0.426, 0.426, 0.426, 0.426, 0.426, 0.426, 0.426, 0.5204, 0.5204, 0.5204, 0.5204, 0.5204, 0.5204, 0.5204, 0.5204, 0.5204, 0.5204, 0.4366, 0.4366, 0.4366, 0.4366, 0.4366, 0.4366, 0.4366, 0.4366, 0.4366, 0.4366, 0.2326, 0.2326, 0.2326, 0.2326, 0.2326, 0.2326, 0.2326, 0.2326, 0.2326, 0.2326, 0.229, 0.229, 0.229, 0.229, 0.229, 0.229, 0.229, 0.229, 0.229, 0.229, 0.2637, 0.2637, 0.2637, 0.2637, 0.2637, 0.2637, 0.2637, 0.2637, 0.2637, 0.2637, 0.3396, 0.3396, 0.3396, 0.3396, 0.3396, 0.3396, 0.3396, 0.3396, 0.3396, 0.3396, 0.2921, 0.2921, 0.2921, 0.2921, 0.2921, 0.2921, 0.2921, 0.2921, 0.2921, 0.2921, 0.4328, 0.4328, 0.4328, 0.4328, 0.4328, 0.4328, 0.4328, 0.4328, 0.4328, 0.4328, 0.3895, 0.3895, 0.3895, 0.3895, 0.3895, 0.3895, 0.3895, 0.3895, 0.3895, 0.3895, 0.3875, 0.3875, 0.3875, 0.3875, 0.3875, 0.3875, 0.3875, 0.3875, 0.3875, 0.3875, 0.5033, 0.5033, 0.5033, 0.5033, 0.5033, 0.5033, 0.5033, 0.5033, 0.5033, 0.5033, 0.4729, 0.4729, 0.4729, 0.4729, 0.4729, 0.4729, 0.4729, 0.4729, 0.4729, 0.4729, 0.477, 0.477, 0.477, 0.477, 0.477, 0.477, 0.477, 0.477, 0.477, 0.477, 0.3084, 0.3084, 0.3084, 0.3084, 0.3084, 0.3084, 0.3084, 0.3084, 0.3084, 0.3084, 0.9212, 0.9212, 0.9212, 0.9212, 0.9212, 0.9212, 0.9212, 0.9212, 0.9212, 0.9212, 0.2353, 0.2353, 0.2353, 0.2353, 0.2353, 0.2353, 0.2353, 0.2353, 0.2353, 0.2353, 0.2754, 0.2754, 0.2754, 0.2754, 0.2754, 0.2754, 0.2754, 0.2754, 0.2754, 0.2754, 0.4015, 0.4015, 0.4015, 0.4015, 0.4015, 0.4015, 0.4015, 0.4015, 0.4015, 0.4015, 0.2134, 0.2134, 0.2134, 0.2134, 0.2134, 0.2134, 0.2134, 0.2134, 0.2134, 0.2134, 0.3561, 0.3561, 0.3561, 0.3561, 0.3561, 0.3561, 0.3561, 0.3561, 0.3561, 0.3561, 0.2561, 0.2561, 0.2561, 0.2561, 0.2561, 0.2561, 0.2561, 0.2561, 0.2561, 0.2561, 0.4961, 0.4961, 0.4961, 0.4961, 0.4961, 0.4961, 0.4961, 0.4961, 0.4961, 0.4961, 0.5802, 0.5802, 0.5802, 0.5802, 0.5802, 0.5802, 0.5802, 0.5802, 0.5802, 0.5802, 0.6166, 0.6166, 0.6166, 0.6166, 0.6166, 0.6166, 0.6166, 0.6166, 0.6166, 0.6166, 0.3565, 0.3565, 0.3565, 0.3565, 0.3565, 0.3565, 0.3565, 0.3565, 0.3565, 0.3565, 0.5137, 0.5137, 0.5137, 0.5137, 0.5137, 0.5137, 0.5137, 0.5137, 0.5137, 0.5137, 0.4228, 0.4228, 0.4228, 0.4228, 0.4228, 0.4228, 0.4228, 0.4228, 0.4228, 0.4228, 0.463, 0.463, 0.463, 0.463, 0.463, 0.463, 0.463, 0.463, 0.463, 0.463, 0.2189, 0.2189, 0.2189, 0.2189, 0.2189, 0.2189, 0.2189, 0.2189, 0.2189, 0.2189, 0.32, 0.32, 0.32, 0.32, 0.32, 0.32, 0.32, 0.32, 0.32, 0.32, 0.3241, 0.3241, 0.3241, 0.3241, 0.3241, 0.3241, 0.3241, 0.3241, 0.3241, 0.3241, 0.2108, 0.2108, 0.2108, 0.2108, 0.2108, 0.2108, 0.2108, 0.2108, 0.2108, 0.2108, 0.2563, 0.2563, 0.2563, 0.2563, 0.2563, 0.2563, 0.2563, 0.2563, 0.2563, 0.2563, 0.3557, 0.3557, 0.3557, 0.3557, 0.3557, 0.3557, 0.3557, 0.3557, 0.3557, 0.3557, 0.4099, 0.4099, 0.4099, 0.4099, 0.4099, 0.4099, 0.4099, 0.4099, 0.4099, 0.4099, 0.406, 0.406, 0.406, 0.406, 0.406, 0.406, 0.406, 0.406, 0.406, 0.406, 0.5065, 0.5065, 0.5065, 0.5065, 0.5065, 0.5065, 0.5065, 0.5065, 0.5065, 0.5065, 0.2312, 0.2312, 0.2312, 0.2312, 0.2312, 0.2312, 0.2312, 0.2312, 0.2312, 0.2312, 0.6549, 0.6549, 0.6549, 0.6549, 0.6549, 0.6549, 0.6549, 0.6549, 0.6549, 0.6549, 0.4029, 0.4029, 0.4029, 0.4029, 0.4029, 0.4029, 0.4029, 0.4029, 0.4029, 0.4029, 0.3502, 0.3502, 0.3502, 0.3502, 0.3502, 0.3502, 0.3502, 0.3502, 0.3502, 0.3502, 0.2267, 0.2267, 0.2267, 0.2267, 0.2267, 0.2267, 0.2267, 0.2267, 0.2267, 0.2267, 0.3822, 0.3822, 0.3822, 0.3822, 0.3822, 0.3822, 0.3822, 0.3822, 0.3822, 0.3822, 0.5319, 0.5319, 0.5319, 0.5319, 0.5319, 0.5319, 0.5319, 0.5319, 0.5319, 0.5319, 0.2779, 0.2779, 0.2779, 0.2779, 0.2779, 0.2779, 0.2779, 0.2779, 0.2779, 0.2779, 0.4616, 0.4616, 0.4616, 0.4616, 0.4616, 0.4616, 0.4616, 0.4616, 0.4616, 0.4616, 0.3087, 0.3087, 0.3087, 0.3087, 0.3087, 0.3087, 0.3087, 0.3087, 0.3087, 0.3087, 0.2636, 0.2636, 0.2636, 0.2636, 0.2636, 0.2636, 0.2636, 0.2636, 0.2636, 0.2636, 0.1608, 0.1608, 0.1608, 0.1608, 0.1608, 0.1608, 0.1608, 0.1608, 0.1608, 0.1608, 0.5338, 0.5338, 0.5338, 0.5338, 0.5338, 0.5338, 0.5338, 0.5338, 0.5338, 0.5338, 0.0482, 0.0482, 0.0482, 0.0482, 0.0482, 0.0482, 0.0482, 0.0482, 0.0482, 0.0482, 0.1624, 0.1624, 0.1624, 0.1624, 0.1624, 0.1624, 0.1624, 0.1624, 0.1624, 0.1624, 0.538, 0.538, 0.538, 0.538, 0.538, 0.538, 0.538, 0.538, 0.538, 0.538, 0.81, 0.81, 0.81, 0.81, 0.81, 0.81, 0.81, 0.81, 0.81, 0.81, 0.439, 0.439, 0.439, 0.439, 0.439, 0.439, 0.439, 0.439, 0.439, 0.439, 0.3047, 0.3047, 0.3047, 0.3047, 0.3047, 0.3047, 0.3047, 0.3047, 0.3047, 0.3047, 0.1645, 0.1645, 0.1645, 0.1645, 0.1645, 0.1645, 0.1645, 0.1645, 0.1645, 0.1645, 0.3297, 0.3297, 0.3297, 0.3297, 0.3297, 0.3297, 0.3297, 0.3297, 0.3297, 0.3297, 0.5345, 0.5345, 0.5345, 0.5345, 0.5345, 0.5345, 0.5345, 0.5345, 0.5345, 0.5345, 0.4206, 0.4206, 0.4206, 0.4206, 0.4206, 0.4206, 0.4206, 0.4206, 0.4206, 0.4206, 0.6082, 0.6082, 0.6082, 0.6082, 0.6082, 0.6082, 0.8828, 0.8828, 0.8828, 0.8828, 0.8828, 0.8828, 0.8828, 0.8828, 0.8828, 0.8828, 0.2887, 0.2887, 0.2887, 0.2887, 0.2887, 0.2887, 0.2887, 0.2887, 0.2887, 0.2887, 0.2401, 0.2401, 0.2401, 0.2401, 0.2401, 0.2401, 0.2401, 0.2401, 0.2401, 0.2401, 0.2527, 0.2527, 0.2527, 0.2527, 0.2527, 0.2527, 0.2527, 0.2527, 0.2527, 0.2527, 0.1109, 0.1109, 0.1109, 0.1109, 0.1109, 0.1109, 0.1109, 0.1109, 0.1109, 0.1109, 0.4865, 0.4865, 0.4865, 0.4865, 0.4865, 0.4865, 0.4865, 0.4865, 0.4865, 0.4865, 0.4574, 0.4574, 0.4574, 0.4574, 0.4574, 0.4574, 0.4574, 0.4574, 0.4574, 0.4574, 0.3517, 0.3517, 0.3517, 0.3517, 0.3517, 0.3517, 0.3517, 0.3517, 0.3517, 0.3517, 0.2851, 0.2851, 0.2851, 0.2851, 0.2851, 0.2851, 0.2851, 0.2851, 0.2851, 0.2851, 0.2554, 0.2554, 0.2554, 0.2554, 0.2554, 0.2554, 0.2554, 0.2554, 0.2554, 0.2554, 0.2181, 0.2181, 0.2181, 0.2181, 0.2181, 0.2181, 0.2181, 0.2181, 0.2181, 0.2181, 0.4504, 0.4504, 0.4504, 0.4504, 0.4504, 0.4504, 0.4504, 0.4504, 0.4504, 0.4504, 0.4594, 0.4594, 0.4594, 0.4594, 0.4594, 0.4594, 0.4594, 0.4594, 0.4594, 0.4594, 0.2183, 0.2183, 0.2183, 0.2183, 0.2183, 0.2183, 0.2183, 0.2183, 0.2183, 0.2183, 0.3676, 0.3676, 0.3676, 0.3676, 0.3676, 0.3676, 0.3676, 0.3676, 0.3676, 0.3676, 0.5865, 0.5865, 0.5865, 0.5865, 0.5865, 0.5865, 0.5865, 0.5865, 0.5865, 0.5865, 0.241, 0.241, 0.241, 0.241, 0.241, 0.241, 0.241, 0.241, 0.241, 0.241, 0.3628, 0.3628, 0.3628, 0.3628, 0.3628, 0.3628, 0.3628, 0.3628, 0.3628, 0.3628, 0.0883, 0.0883, 0.0883, 0.0883, 0.0883, 0.0883, 0.0883, 0.0883, 0.0883, 0.0883, 0.3967, 0.3967, 0.3967, 0.3967, 0.3967, 0.3967, 0.3967, 0.3967, 0.3967, 0.3967, 0.3357, 0.3357, 0.3357, 0.3357, 0.3357, 0.3357, 0.3357, 0.3357, 0.3357, 0.3357, 0.221, 0.221, 0.221, 0.221, 0.221, 0.221, 0.221, 0.221, 0.221, 0.221, 0.1108, 0.1108, 0.1108, 0.1108, 0.1108, 0.1108, 0.1108, 0.1108, 0.1108, 0.1108, 0.3135, 0.3135, 0.3135, 0.3135, 0.3135, 0.3135, 0.3135, 0.3135, 0.3135, 0.3135, 0.4001, 0.4001, 0.4001, 0.4001, 0.4001, 0.4001, 0.4001, 0.4001, 0.4001, 0.4001, 0.2126, 0.2126, 0.2126, 0.2126, 0.2126, 0.2126, 0.2126, 0.2126, 0.2126, 0.2126, 0.2035, 0.2035, 0.2035, 0.2035, 0.2035, 0.2035, 0.2035, 0.2035, 0.2035, 0.2035, 0.078, 0.078, 0.078, 0.078, 0.078, 0.078, 0.078, 0.078, 0.078, 0.078, 0.3962, 0.3962, 0.3962, 0.3962, 0.3962, 0.3962, 0.3962, 0.3962, 0.3962, 0.3962, 0.3733, 0.3733, 0.3733, 0.3733, 0.3733, 0.3733, 0.3733, 0.3733, 0.3733, 0.3733, 0.1133, 0.1133, 0.1133, 0.1133, 0.1133, 0.1133, 0.1133, 0.1133, 0.1133, 0.1133, 0.1307, 0.1307, 0.1307, 0.1307, 0.1307, 0.1307, 0.1307, 0.1307, 0.1307, 0.1307, 0.55, 0.55, 0.55, 0.55, 0.55, 0.55, 0.55, 0.55, 0.55, 0.55, 0.4231, 0.4231, 0.4231, 0.4231, 0.4231, 0.4231, 0.4231, 0.4231, 0.4231, 0.4231, 0.2357, 0.2357, 0.2357, 0.2357, 0.2357, 0.2357, 0.2357, 0.2357, 0.2357, 0.2357, 0.3469, 0.3469, 0.3469, 0.3469, 0.3469, 0.3469, 0.3469, 0.3469, 0.3469, 0.3469, 0.3115, 0.3115, 0.3115, 0.3115, 0.3115, 0.3115, 0.3115, 0.3115, 0.3115, 0.3115, 0.4223, 0.4223, 0.4223, 0.4223, 0.4223, 0.4223, 0.4223, 0.4223, 0.4223, 0.4223, 0.3408, 0.3408, 0.3408, 0.3408, 0.3408, 0.3408, 0.3408, 0.3408, 0.3408, 0.3408, 0.2873, 0.2873, 0.2873, 0.2873, 0.2873, 0.2873, 0.2873, 0.2873, 0.2873, 0.2873, 0.2671, 0.2671, 0.2671, 0.2671, 0.2671, 0.2671, 0.2671, 0.2671, 0.2671, 0.2671, 0.2655, 0.2655, 0.2655, 0.2655, 0.2655, 0.2655, 0.2655, 0.2655, 0.2655, 0.2655, 0.3327, 0.3327, 0.3327, 0.3327, 0.3327, 0.3327, 0.3327, 0.3327, 0.3327, 0.3327, 0.5223, 0.5223, 0.5223, 0.5223, 0.5223, 0.5223, 0.5223, 0.5223, 0.5223, 0.5223, 0.0914, 0.0914, 0.0914, 0.0914, 0.0914, 0.0914, 0.0914, 0.0914, 0.0914, 0.0914, 0.4228, 0.4228, 0.4228, 0.4228, 0.4228, 0.4228, 0.4228, 0.4228, 0.4228, 0.4228, 0.4614, 0.4614, 0.4614, 0.4614, 0.4614, 0.4614, 0.4614, 0.4614, 0.4614, 0.4614, 0.1206, 0.1206, 0.1206, 0.1206, 0.1206, 0.1206, 0.1206, 0.1206, 0.1206, 0.1206, 0.2509, 0.2509, 0.2509, 0.2509, 0.2509, 0.2509, 0.2509, 0.2509, 0.2509, 0.2509, 0.3643, 0.3643, 0.3643, 0.3643, 0.3643, 0.3643, 0.3643, 0.3643, 0.3643, 0.3643, 0.2932, 0.2932, 0.2932, 0.2932, 0.2932, 0.2932, 0.2932, 0.2932, 0.2932, 0.2932, 0.219, 0.219, 0.219, 0.219, 0.219, 0.219, 0.219, 0.219, 0.219, 0.219, 0.2929, 0.2929, 0.2929, 0.2929, 0.2929, 0.2929, 0.2929, 0.2929, 0.2929, 0.2929, 0.1389, 0.1389, 0.1389, 0.1389, 0.1389, 0.1389, 0.1389, 0.1389, 0.1389, 0.1389, 0.3066, 0.3066, 0.3066, 0.3066, 0.3066, 0.3066, 0.3066, 0.3066, 0.3066, 0.3066, 0.1354, 0.1354, 0.1354, 0.1354, 0.1354, 0.1354, 0.1354, 0.1354, 0.1354, 0.1354, 0.3582, 0.3582, 0.3582, 0.3582, 0.3582, 0.3582, 0.3582, 0.3582, 0.3582, 0.3582, 0.077, 0.077, 0.077, 0.077, 0.077, 0.077, 0.077, 0.077, 0.077, 0.077, 0.129, 0.129, 0.129, 0.129, 0.129, 0.129, 0.129, 0.129, 0.129, 0.129, 0.4125, 0.4125, 0.4125, 0.4125, 0.4125, 0.4125, 0.4125, 0.4125, 0.4125, 0.4125, 0.0884, 0.0884, 0.0884, 0.0884, 0.0884, 0.0884, 0.0884, 0.0884, 0.0884, 0.0884, 0.4597, 0.4597, 0.4597, 0.4597, 0.4597, 0.4597, 0.4597, 0.4597, 0.4597, 0.4597, 0.199, 0.199, 0.199, 0.199, 0.199, 0.199, 0.199, 0.199, 0.199, 0.199, 0.3471, 0.3471, 0.3471, 0.3471, 0.3471, 0.3471, 0.3471, 0.3471, 0.3471, 0.3471, 0.6044, 0.6044, 0.6044, 0.6044, 0.6044, 0.6044, 0.6044, 0.6044, 0.6044, 0.6044, 0.1071, 0.1071, 0.1071, 0.1071, 0.1071, 0.1071, 0.1071, 0.1071, 0.1071, 0.1071, 0.3268, 0.3268, 0.3268, 0.3268, 0.3268, 0.3268, 0.3268, 0.3268, 0.3268, 0.3268, 0.2839, 0.2839, 0.2839, 0.2839, 0.2839, 0.2839, 0.2839, 0.2839, 0.2839, 0.2839, 0.4081, 0.4081, 0.4081, 0.4081, 0.4081, 0.4081, 0.4081, 0.4081, 0.4081, 0.4081, 0.45, 0.45, 0.45, 0.45, 0.45, 0.45, 0.45, 0.45, 0.45, 0.45, 0.2594, 0.2594, 0.2594, 0.2594, 0.2594, 0.2594, 0.2594, 0.2594, 0.2594, 0.2594, 0.312, 0.312, 0.312, 0.312, 0.312, 0.312, 0.312, 0.312, 0.312, 0.312, 0.3586, 0.3586, 0.3586, 0.3586, 0.3586, 0.3586, 0.3586, 0.3586, 0.3586, 0.3586, 0.1648, 0.1648, 0.1648, 0.1648, 0.1648, 0.1648, 0.1648, 0.1648, 0.1648, 0.1648, 0.4486, 0.4486, 0.4486, 0.4486, 0.4486, 0.4486, 0.4486, 0.4486, 0.4486, 0.4486, 0.2576, 0.2576, 0.2576, 0.2576, 0.2576, 0.2576, 0.2576, 0.2576, 0.2576, 0.2576, 0.3149, 0.3149, 0.3149, 0.3149, 0.3149, 0.3149, 0.3149, 0.3149, 0.3149, 0.3149, 0.2474, 0.2474, 0.2474, 0.2474, 0.3259, 0.3259, 0.3259, 0.3259, 0.3259, 0.3259, 0.3259, 0.3259, 0.3259, 0.3259, 0.1817, 0.1817, 0.1817, 0.1817, 0.1817, 0.1817, 0.1817, 0.1817, 0.1817, 0.1817, 0.3107, 0.3107, 0.3107, 0.3107, 0.3107, 0.3107, 0.3107, 0.3107, 0.3107, 0.3107, 0.4567, 0.4567, 0.4567, 0.4567, 0.4567, 0.4567, 0.4567, 0.4567, 0.4567, 0.4567, 0.1149, 0.1149, 0.1149, 0.1149, 0.1149, 0.1149, 0.1149, 0.1149, 0.1149, 0.1149, 0.3711, 0.3711, 0.3711, 0.3711, 0.3711, 0.3711, 0.3711, 0.3711, 0.3711, 0.3711, 0.2822, 0.2822, 0.2822, 0.2822, 0.2822, 0.2822, 0.2822, 0.2822, 0.2822, 0.2822, 0.3606, 0.3606, 0.3606, 0.3606, 0.3606, 0.3606, 0.3606, 0.3606, 0.3606, 0.3606, 0.1049, 0.1049, 0.1049, 0.1049, 0.1049, 0.1049, 0.1049, 0.1049, 0.1049, 0.1049, 0.135, 0.135, 0.135, 0.135, 0.135, 0.135, 0.135, 0.135, 0.135, 0.135, 0.1033, 0.1033, 0.1033, 0.1033, 0.1033, 0.1033, 0.1033, 0.1033, 0.1033, 0.1033, 0.3063, 0.3063, 0.3063, 0.3063, 0.3063, 0.3063, 0.3063, 0.3063, 0.3063, 0.3063, 0.3086, 0.3086, 0.3086, 0.3086, 0.3086, 0.3086, 0.3086, 0.3086, 0.3086, 0.3086, 0.4704, 0.4704, 0.4704, 0.4704, 0.4704, 0.4704, 0.4704, 0.4704, 0.4704, 0.4704, 0.4353, 0.4353, 0.4353, 0.4353, 0.4353, 0.4353, 0.4353, 0.4353, 0.4353, 0.4353, 0.053, 0.053, 0.053, 0.053, 0.053, 0.053, 0.053, 0.053, 0.053, 0.053, 0.3726, 0.3726, 0.3726, 0.3726, 0.3726, 0.3726, 0.3726, 0.3726, 0.3726, 0.3726, 0.4808, 0.4808, 0.4808, 0.4808, 0.4808, 0.4808, 0.4808, 0.4808, 0.4808, 0.4808, 0.2622, 0.2622, 0.2622, 0.2622, 0.2622, 0.2622, 0.2622, 0.2622, 0.2622, 0.2622, 0.3015, 0.3015, 0.3015, 0.3015, 0.3015, 0.3015, 0.3015, 0.3015, 0.3015, 0.3015, 0.2918, 0.2918, 0.2918, 0.2918, 0.2918, 0.2918, 0.2918, 0.2918, 0.2918, 0.2918, 0.3006, 0.3006, 0.3006, 0.3006, 0.3006, 0.3006, 0.3006, 0.3006, 0.3006, 0.3006, 0.2451, 0.2451, 0.2451, 0.2451, 0.2451, 0.2451, 0.2451, 0.2451, 0.2451, 0.2451, 0.1361, 0.1361, 0.1361, 0.1361, 0.1361, 0.1361, 0.1361, 0.1361, 0.1361, 0.1361, 0.486, 0.486, 0.486, 0.486, 0.486, 0.486, 0.486, 0.486, 0.486, 0.486, 0.2273, 0.2273, 0.2273, 0.2273, 0.2273, 0.2273, 0.2273, 0.2273, 0.2273, 0.2273, 0.0973, 0.0973, 0.0973, 0.0973, 0.0973, 0.0973, 0.0973, 0.0973, 0.0973, 0.0973, 0.2928, 0.2928, 0.2928, 0.2928, 0.2928, 0.2928, 0.2928, 0.2928, 0.2928, 0.2928, 0.3759, 0.3759, 0.3759, 0.3759, 0.3759, 0.3759, 0.3759, 0.3759, 0.3759, 0.3759, 0.3206, 0.3206, 0.3206, 0.3206, 0.3206, 0.3206, 0.3206, 0.3206, 0.3206, 0.3206, 0.184, 0.184, 0.184, 0.184, 0.184, 0.184, 0.184, 0.184, 0.184, 0.184, 0.1588, 0.1588, 0.1588, 0.1588, 0.1588, 0.1588, 0.1588, 0.1588, 0.1588, 0.1588, 0.2798, 0.2798, 0.2798, 0.2798, 0.2798, 0.2798, 0.2798, 0.2798, 0.2798, 0.2798, 0.1229, 0.1229, 0.1229, 0.1229, 0.1229, 0.1229, 0.1229, 0.1229, 0.1229, 0.1229, 0.1775, 0.1775, 0.1775, 0.1775, 0.1775, 0.1775, 0.1775, 0.1775, 0.1775, 0.1775, 0.2705, 0.2705, 0.2705, 0.2705, 0.2705, 0.2705, 0.2705, 0.2705, 0.2705, 0.2705, 0.1525, 0.1525, 0.1525, 0.1525, 0.1525, 0.1525, 0.1525, 0.1525, 0.1525, 0.1525, 0.5127, 0.5127, 0.5127, 0.5127, 0.5127, 0.5127, 0.5127, 0.5127, 0.5127, 0.5127, 0.3134, 0.3134, 0.3134, 0.3134, 0.3134, 0.3134, 0.3134, 0.3134, 0.3134, 0.3134, 0.1678, 0.1678, 0.1678, 0.1678, 0.1678, 0.1678, 0.1678, 0.1678, 0.1678, 0.1678, 0.0994, 0.0994, 0.0994, 0.0994, 0.0994, 0.0994, 0.0994, 0.0994, 0.0994, 0.0994, 0.1995, 0.1995, 0.1995, 0.1995, 0.1995, 0.1995, 0.1995, 0.1995, 0.1995, 0.1995, 0.0199, 0.0199, 0.0199, 0.0199, 0.0199, 0.0199, 0.0199, 0.0199, 0.0199, 0.0199, 0.1916, 0.1916, 0.1916, 0.1916, 0.1916, 0.1916, 0.1916, 0.1916, 0.1916, 0.1916, 0.0581, 0.0581, 0.0581, 0.0581, 0.0581, 0.0581, 0.0581, 0.0581, 0.0581, 0.0581, 0.0828, 0.0828, 0.0828, 0.0828, 0.0828, 0.0828, 0.0828, 0.0828, 0.0828, 0.0828, 0.1601, 0.1601, 0.1601, 0.1601, 0.1601, 0.1601, 0.1601, 0.1601, 0.1601, 0.1601, 0.4258, 0.4258, 0.4258, 0.4258, 0.4258, 0.4258, 0.4258, 0.4258, 0.4258, 0.4258, 0.3873, 0.3873, 0.3873, 0.3873, 0.3873, 0.3873, 0.3873, 0.3873, 0.3873, 0.3873, 0.1986, 0.1986, 0.1986, 0.1986, 0.1986, 0.1986, 0.1986, 0.1986, 0.1986, 0.1986, 0.2102, 0.2102, 0.2102, 0.2102, 0.2102, 0.2102, 0.2102, 0.2102, 0.2102, 0.2102, 0.3676, 0.3676, 0.3676, 0.3676, 0.3676, 0.3676, 0.3676, 0.3676, 0.3676, 0.3676, 0.1303, 0.1303, 0.1303, 0.1303, 0.1303, 0.1303, 0.1303, 0.1303, 0.1303, 0.1303, 0.1412, 0.1412, 0.1412, 0.1412, 0.1412, 0.1412, 0.1412, 0.1412, 0.1412, 0.1412, 0.0084, 0.0084, 0.0084, 0.0084, 0.0084, 0.0084, 0.0084, 0.0084, 0.0084, 0.0084, 0.2126, 0.2126, 0.2126, 0.2126, 0.2126, 0.2126, 0.2126, 0.2126, 0.2126, 0.2126, 0.3663, 0.3663, 0.3663, 0.3663, 0.3663, 0.3663, 0.3663, 0.3663, 0.3663, 0.3663, 0.0827, 0.0827, 0.0827, 0.0827, 0.0827, 0.0827, 0.0827, 0.0827, 0.0827, 0.0827, 0.0813, 0.0813, 0.0813, 0.0813, 0.0813, 0.0813, 0.0813, 0.0813, 0.0813, 0.0813, 0.2927, 0.2927, 0.2927, 0.2927, 0.2927, 0.2927, 0.2927, 0.2927, 0.2927, 0.2927, 0.1603, 0.1603, 0.1603, 0.1603, 0.1603, 0.1603, 0.1603, 0.1603, 0.1603, 0.1603, 0.0679, 0.0679, 0.0679, 0.0679, 0.0679, 0.0679, 0.0679, 0.0679, 0.0679, 0.0679, 0.1914, 0.1914, 0.1914, 0.1914, 0.1914, 0.1914, 0.1914, 0.1914, 0.1914, 0.1914, 0.3675, 0.3675, 0.3675, 0.3675, 0.3675, 0.3675, 0.3675, 0.3675, 0.3675, 0.3675, 0.3362, 0.3362, 0.3362, 0.3362, 0.3362, 0.3362, 0.3362, 0.3362, 0.3362, 0.3362, 0.2712, 0.2712, 0.2712, 0.2712, 0.2712, 0.2712, 0.2712, 0.2712, 0.2712, 0.2712, 0.479, 0.479, 0.479, 0.479, 0.479, 0.479, 0.479, 0.479, 0.479, 0.479, 0.3845, 0.3845, 0.3845, 0.3845, 0.3845, 0.3845, 0.3845, 0.3845, 0.3845, 0.3845, 0.1534, 0.1534, 0.1534, 0.1534, 0.1534, 0.1534, 0.1534, 0.1534, 0.1534, 0.1534, 0.3026, 0.3026, 0.3026, 0.3026, 0.3026, 0.3026, 0.3026, 0.3026, 0.3026, 0.3026, 0.2789, 0.2789, 0.2789, 0.2789, 0.2789, 0.2789, 0.2789, 0.2789, 0.2789, 0.2789, 0.2093, 0.2093, 0.2093, 0.2093, 0.2093, 0.2093, 0.2093, 0.2093, 0.2093, 0.2093, 0.2664, 0.2664, 0.2664, 0.2664, 0.2664, 0.2664, 0.2664, 0.2664, 0.2664, 0.2664, 0.1463, 0.1463, 0.1463, 0.1463, 0.1463, 0.1463, 0.1463, 0.1463, 0.1463, 0.1463, 0.4509, 0.4509, 0.4509, 0.4509, 0.4509, 0.4509, 0.4509, 0.4509, 0.4509, 0.4509, 0.263, 0.263, 0.263, 0.263, 0.263, 0.263, 0.263, 0.263, 0.263, 0.263, 0.387, 0.387, 0.387, 0.387, 0.387, 0.387, 0.387, 0.387, 0.387, 0.387, 0.0954, 0.0954, 0.38, 0.38, 0.38, 0.38, 0.38, 0.38, 0.38, 0.38, 0.38, 0.38, 0.6007, 0.6007, 0.6007, 0.6007, 0.6007, 0.6007, 0.6007, 0.6007, 0.6007, 0.6007, 0.5063, 0.5063, 0.5063, 0.5063, 0.5063, 0.5063, 0.5063, 0.5063, 0.5063, 0.5063, 0.3146, 0.3146, 0.3146, 0.3146, 0.3146, 0.3146, 0.3146, 0.3146, 0.3146, 0.3146, 0.2809, 0.2809, 0.2809, 0.2809, 0.2809, 0.2809, 0.2809, 0.2809, 0.2809, 0.2809, 0.3671, 0.3671, 0.3671, 0.3671, 0.3671, 0.3671, 0.3671, 0.3671, 0.3671, 0.3671, 0.2637, 0.2637, 0.2637, 0.2637, 0.2637, 0.2637, 0.2637, 0.2637, 0.2637, 0.2637, 0.1003, 0.1003, 0.1003, 0.1003, 0.1003, 0.1003, 0.1003, 0.1003, 0.1003, 0.1003, 0.3268, 0.3268, 0.3268, 0.3268, 0.3268, 0.3268, 0.3268, 0.3268, 0.3268, 0.3268, 0.4236, 0.4236, 0.4236, 0.4236, 0.4236, 0.4236, 0.4236, 0.4236, 0.4236, 0.4236, 0.3043, 0.3043, 0.3043, 0.3043, 0.3043, 0.3043, 0.3043, 0.3043, 0.3043, 0.3043, 0.1273, 0.1273, 0.1273, 0.1273, 0.1273, 0.1273, 0.1273, 0.1273, 0.1273, 0.1273, 0.0861, 0.0861, 0.0861, 0.0861, 0.0861, 0.0861, 0.0861, 0.0861, 0.0861, 0.0861, 0.0062, 0.0062, 0.0062, 0.0062, 0.0062, 0.0062, 0.0062, 0.0062, 0.0062, 0.0062, 0.4758, 0.4758, 0.4758, 0.4758, 0.4758, 0.4758, 0.4758, 0.4758, 0.4758, 0.4758, 0.0972, 0.0972, 0.0972, 0.0972, 0.0972, 0.0972, 0.0972, 0.0972, 0.0972, 0.0972, 0.3262, 0.3262, 0.3262, 0.3262, 0.3262, 0.3262, 0.3262, 0.3262, 0.3262, 0.3262, 0.0697, 0.0697, 0.0697, 0.0697, 0.0697, 0.0697, 0.0697, 0.0697, 0.0697, 0.0697, 0.2955, 0.2955, 0.2955, 0.2955, 0.2955, 0.2955, 0.2955, 0.2955, 0.2955, 0.2955, 0.5723, 0.5723, 0.5723, 0.5723, 0.5723, 0.5723, 0.5723, 0.5723, 0.5723, 0.5723, 0.2384, 0.2384, 0.2384, 0.2384, 0.2384, 0.2384, 0.2384, 0.2384, 0.2384, 0.2384, 0.2913, 0.2913, 0.2913, 0.2913, 0.2913, 0.2913, 0.2913, 0.2913, 0.2913, 0.2913, 0.0099, 0.0099, 0.0099, 0.0099, 0.0099, 0.0099, 0.0099, 0.0099, 0.0099, 0.0099, 0.0832, 0.0832, 0.0832, 0.0832, 0.0832, 0.0832, 0.0832, 0.0832, 0.0832, 0.0832, 0.0887, 0.0887, 0.0887, 0.0887, 0.0887, 0.0887, 0.0887, 0.0887, 0.0887, 0.0887, 0.4056, 0.4056, 0.4056, 0.4056, 0.4056, 0.4056, 0.4056, 0.4056, 0.4056, 0.4056, 0.0891, 0.0891, 0.0891, 0.0891, 0.0891, 0.0891, 0.0891, 0.0891, 0.0891, 0.0891, 0.139, 0.139, 0.139, 0.139, 0.139, 0.139, 0.139, 0.139, 0.139, 0.139, 0.3826, 0.3826, 0.3826, 0.3826, 0.3826, 0.3826, 0.3826, 0.3826, 0.3826, 0.3826, 0.4515, 0.4515, 0.4515, 0.4515, 0.4515, 0.4515, 0.4515, 0.4515, 0.4515, 0.4515, 0.3954, 0.3954, 0.3954, 0.3954, 0.3954, 0.3954, 0.3954, 0.3954, 0.3954, 0.3954, 0.2463, 0.2463, 0.2463, 0.2463, 0.2463, 0.2463, 0.2463, 0.2463, 0.2463, 0.2463, 0.3942, 0.3942, 0.3942, 0.3942, 0.3942, 0.3942, 0.3942, 0.3942, 0.3942, 0.3942, 0.1472, 0.1472, 0.1472, 0.1472, 0.1472, 0.1472, 0.1472, 0.1472, 0.1472, 0.1472, 0.2235, 0.2235, 0.2235, 0.2235, 0.2235, 0.2235, 0.2235, 0.2235, 0.2235, 0.2235, 0.1591, 0.1591, 0.1591, 0.1591, 0.1591, 0.1591, 0.1591, 0.1591, 0.1591, 0.1591, 0.7629, 0.7629, 0.7629, 0.7629, 0.7629, 0.7629, 0.7629, 0.7629, 0.7629, 0.7629, 0.0098, 0.0098, 0.0098, 0.0098, 0.0098, 0.0098, 0.0098, 0.0098, 0.0098, 0.0098, 0.074, 0.074, 0.074, 0.074, 0.074, 0.074, 0.074, 0.074, 0.074, 0.074, 0.2843, 0.2843, 0.2843, 0.2843, 0.2843, 0.2843, 0.2843, 0.2843, 0.2843, 0.2843, 0.2762, 0.2762, 0.2762, 0.2762, 0.2762, 0.2762, 0.2762, 0.2762, 0.2762, 0.2762, 0.3476, 0.3476, 0.3476, 0.3476, 0.3476, 0.3476, 0.3476, 0.3476, 0.3476, 0.3476, 0.1675, 0.1675, 0.1675, 0.1675, 0.1675, 0.1675, 0.1675, 0.1675, 0.1675, 0.1675, 0.3334, 0.3334, 0.3334, 0.3334, 0.3334, 0.3334, 0.3334, 0.3334, 0.3334, 0.3334, 0.1181, 0.1181, 0.1181, 0.1181, 0.1181, 0.1181, 0.1181, 0.1181, 0.1181, 0.1181, 0.0715, 0.0715, 0.0715, 0.0715, 0.0715, 0.0715, 0.0715, 0.0715, 0.0715, 0.0715, 0.1843, 0.1843, 0.1843, 0.1843, 0.1843, 0.1843, 0.1843, 0.1843, 0.1843, 0.1843, 0.3932, 0.3932, 0.3932, 0.3932, 0.3932, 0.3932, 0.3932, 0.3932, 0.3932, 0.3932, 0.1424, 0.1424, 0.1424, 0.1424, 0.1424, 0.1424, 0.1424, 0.1424, 0.1424, 0.1424, 0.1715, 0.1715, 0.1715, 0.1715, 0.1715, 0.1715, 0.1715, 0.1715, 0.1715, 0.1715, 0.3123, 0.3123, 0.3123, 0.3123, 0.3123, 0.3123, 0.3123, 0.3123, 0.3123, 0.3123, 0.153, 0.153, 0.153, 0.153, 0.153, 0.153, 0.153, 0.153, 0.153, 0.153, 0.1512, 0.1512, 0.1512, 0.1512, 0.1512, 0.1512, 0.1512, 0.1512, 0.1512, 0.1512, 0.0627, 0.0627, 0.0627, 0.0627, 0.0627, 0.0627, 0.0627, 0.0627, 0.0627, 0.0627, 0.2652, 0.2652, 0.2652, 0.2652, 0.2652, 0.2652, 0.2652, 0.2652, 0.2652, 0.2652, 0.188, 0.188, 0.188, 0.188, 0.188, 0.188, 0.188, 0.188, 0.188, 0.188, 0.1593, 0.1593, 0.1593, 0.1593, 0.1593, 0.1593, 0.1593, 0.1593, 0.1593, 0.1593, 0.1372, 0.1372, 0.1372, 0.1372, 0.1372, 0.1372, 0.1372, 0.1372, 0.1372, 0.1372, 0.2323, 0.2323, 0.2323, 0.2323, 0.2323, 0.2323, 0.2323, 0.2323, 0.2323, 0.2323, 0.184, 0.184, 0.184, 0.184, 0.184, 0.184, 0.184, 0.184, 0.184, 0.184, 0.2382, 0.2382, 0.2382, 0.2382, 0.2382, 0.2382, 0.2382, 0.2382, 0.2382, 0.2382, 0.3904, 0.3904, 0.3904, 0.3904, 0.3904, 0.3904, 0.3904, 0.3904, 0.3904, 0.3904, 0.2542, 0.2542, 0.2542, 0.2542, 0.2542, 0.2542, 0.2542, 0.2542, 0.2542, 0.2542, 0.1041, 0.1041, 0.1041, 0.1041, 0.1041, 0.1041, 0.1041, 0.1041, 0.1041, 0.1041, 0.3536, 0.3536, 0.3536, 0.3536, 0.3536, 0.3536, 0.3536, 0.3536, 0.3536, 0.3536, 0.2906, 0.2906, 0.2906, 0.2906, 0.2906, 0.2906, 0.2906, 0.2906, 0.2906, 0.2906, 0.2054, 0.2054, 0.2054, 0.2054, 0.2054, 0.2054, 0.2054, 0.2054, 0.2054, 0.2054, 0.1293, 0.1293, 0.1293, 0.1293, 0.1293, 0.1293, 0.1293, 0.1293, 0.1293, 0.1293, 0.4209, 0.4209, 0.4209, 0.4209, 0.4209, 0.4209, 0.4209, 0.4209, 0.4209, 0.4209, 0.337, 0.337, 0.337, 0.337, 0.337, 0.337, 0.337, 0.337, 0.337, 0.337, 0.2609, 0.2609, 0.2609, 0.2609, 0.2609, 0.2609, 0.2609, 0.2609, 0.2609, 0.2609, 0.0766, 0.0766, 0.0766, 0.0766, 0.0766, 0.0766, 0.0766, 0.0766, 0.0766, 0.0766, 0.1704, 0.1704, 0.1704, 0.1704, 0.1704, 0.1704, 0.1704, 0.1704, 0.1704, 0.1704, 0.343, 0.343, 0.343, 0.343, 0.343, 0.343, 0.343, 0.343, 0.343, 0.343, 0.2454, 0.2454, 0.2454, 0.2454, 0.2454, 0.2454, 0.2454, 0.2454, 0.2454, 0.2454, 0.3006, 0.3006, 0.3006, 0.3006, 0.3006, 0.3006, 0.3006, 0.3006, 0.3006, 0.3006, 0.1512, 0.1512, 0.1512, 0.1512, 0.1512, 0.1512, 0.1512, 0.1512, 0.1512, 0.1512, 0.2617, 0.2617, 0.2617, 0.2617, 0.2617, 0.2617, 0.2617, 0.2617, 0.2617, 0.2617, 0.244, 0.244, 0.244, 0.244, 0.244, 0.244, 0.244, 0.244, 0.244, 0.244, 0.1185, 0.1185, 0.1185, 0.1185, 0.1185, 0.1185, 0.1185, 0.1185, 0.1185, 0.1185, 0.1662, 0.1662, 0.1662, 0.1662, 0.1662, 0.1662, 0.1662, 0.1662, 0.1662, 0.1662, 0.1818, 0.1818, 0.1818, 0.1818, 0.1818, 0.1818, 0.1818, 0.1818, 0.1818, 0.1818, 0.1669, 0.1669, 0.1669, 0.1669, 0.1669, 0.1669, 0.1669, 0.1669, 0.1669, 0.1669, 0.2147, 0.2147, 0.2147, 0.2147, 0.2147, 0.2147, 0.2147, 0.2147, 0.2147, 0.2147, 0.391, 0.391, 0.391, 0.391, 0.391, 0.391, 0.391, 0.391, 0.391, 0.391, 0.1929, 0.1929, 0.1929, 0.1929, 0.1929, 0.1929, 0.1929, 0.1929, 0.1929, 0.1929, 0.3243, 0.3243, 0.3243, 0.3243, 0.3243, 0.3243, 0.3243, 0.3243, 0.3243, 0.3243, 0.0898, 0.0898, 0.0898, 0.0898, 0.0898, 0.0898, 0.0898, 0.0898, 0.0898, 0.0898, 0.2666, 0.2666, 0.2666, 0.2666, 0.2666, 0.2666, 0.2666, 0.2666, 0.2666, 0.2666, 0.1658, 0.1658, 0.1658, 0.1658, 0.1658, 0.1658, 0.1658, 0.1658, 0.1658, 0.1658, 0.1477, 0.1477, 0.1477, 0.1477, 0.1477, 0.1477, 0.1477, 0.1477, 0.1477, 0.1477, 0.1074, 0.1074, 0.1074, 0.1074, 0.1074, 0.1074, 0.1074, 0.1074, 0.1074, 0.1074, 0.3905, 0.3905, 0.3905, 0.3905, 0.3905, 0.3905, 0.3905, 0.3905, 0.3905, 0.3905, 0.2209, 0.2209, 0.2209, 0.2209, 0.2209, 0.2209, 0.2209, 0.2209, 0.2209, 0.2209, 0.139, 0.139, 0.139, 0.139, 0.139, 0.139, 0.139, 0.139, 0.139, 0.139, 0.2394, 0.2394, 0.2394, 0.2394, 0.2394, 0.2394, 0.2394, 0.2394, 0.2394, 0.2394, 0.0988, 0.0988, 0.0988, 0.0988, 0.0988, 0.0988, 0.0988, 0.0988, 0.0988, 0.0988, 0.2859, 0.2859, 0.2859, 0.2859, 0.2859, 0.2859, 0.2859, 0.2859, 0.2859, 0.2859, 0.0475, 0.0475, 0.0475, 0.0475, 0.0475, 0.0475, 0.0475, 0.0475, 0.0475, 0.0475, 0.03, 0.03, 0.03, 0.03, 0.03, 0.03, 0.03, 0.03, 0.03, 0.03, 0.1274, 0.1274, 0.1274, 0.1274, 0.1274, 0.1274, 0.1274, 0.1274, 0.1274, 0.1274, 0.1253, 0.1253, 0.1253, 0.1253, 0.1253, 0.1253, 0.1253, 0.1253, 0.1253, 0.1253, 0.2876, 0.2876, 0.2876, 0.2876, 0.2876, 0.2876, 0.2876, 0.2876, 0.2876, 0.2876, 0.1066, 0.1066, 0.1066, 0.1066, 0.1066, 0.1066, 0.1066, 0.1066, 0.1066, 0.1066, 0.4101, 0.4101, 0.4101, 0.4101, 0.4101, 0.4101, 0.4101, 0.4101, 0.4101, 0.4101, 0.1284, 0.1284, 0.1284, 0.1284, 0.1284, 0.1284, 0.1284, 0.1284, 0.1284, 0.1284, 0.2543, 0.2543, 0.2543, 0.2543, 0.2543, 0.2543, 0.2543, 0.2543, 0.2543, 0.2543, 0.1084, 0.1084, 0.1084, 0.1084, 0.1084, 0.1084, 0.1084, 0.1084, 0.1084, 0.1084, 0.1663, 0.1663, 0.1663, 0.1663, 0.1663, 0.1663, 0.1663, 0.1663, 0.1663, 0.1663, 0.2431, 0.2431, 0.2431, 0.2431, 0.2431, 0.2431, 0.2431, 0.2431, 0.2431, 0.2431, 0.0755, 0.0755, 0.0755, 0.0755, 0.0755, 0.0755, 0.0755, 0.0755, 0.0755, 0.0755, 0.0048, 0.0048, 0.0048, 0.0048, 0.0048, 0.0048, 0.0048, 0.0048, 0.0048, 0.0048, 0.0058, 0.0058, 0.0058, 0.0058, 0.0058, 0.0058, 0.0058, 0.0058, 0.0058, 0.0058, 0.4134, 0.4134, 0.4134, 0.4134, 0.4134, 0.4134, 0.4134, 0.4134, 0.4134, 0.4134, 0.0489, 0.0489, 0.0489, 0.0489, 0.0489, 0.0489, 0.0489, 0.0489, 0.0489, 0.0489, 0.2659, 0.2659, 0.2659, 0.2659, 0.2659, 0.2659, 0.2659, 0.2659, 0.2659, 0.2659, 0.226, 0.226, 0.226, 0.226, 0.226, 0.226, 0.226, 0.226, 0.226, 0.226, 0.1281, 0.1281, 0.1281, 0.1281, 0.1281, 0.1281, 0.1281, 0.1281, 0.1281, 0.1281, 0.0831, 0.0831, 0.0831, 0.0831, 0.0831, 0.0831, 0.0831, 0.0831, 0.0831, 0.0831, 0.4037, 0.4037, 0.4037, 0.4037, 0.4037, 0.4037, 0.4037, 0.4037, 0.4037, 0.4037, 0.1331, 0.1331, 0.1331, 0.1331, 0.1331, 0.1331, 0.1331, 0.1331, 0.1331, 0.1331, 0.4199, 0.4199, 0.4199, 0.4199, 0.4199, 0.4199, 0.4199, 0.4199, 0.4199, 0.4199, 0.1975, 0.1975, 0.1975, 0.1975, 0.1975, 0.1975, 0.1975, 0.1975, 0.1975, 0.1975, 0.1753, 0.1753, 0.1753, 0.1753, 0.1753, 0.1753, 0.1753, 0.1753, 0.1753, 0.1753, 0.1482, 0.1482, 0.1482, 0.1482, 0.1482, 0.1482, 0.1482, 0.1482, 0.1482, 0.1482, 0.0931, 0.0931, 0.0931, 0.0931, 0.0931, 0.0931, 0.0931, 0.0931, 0.0931, 0.0931, 0.1591, 0.1591, 0.1591, 0.1591, 0.1591, 0.1591, 0.1591, 0.1591, 0.1591, 0.1591, 0.2639, 0.2639, 0.2639, 0.2639, 0.2639, 0.2639, 0.2639, 0.2639, 0.2639, 0.2639, 0.246, 0.246, 0.246, 0.246, 0.246, 0.246, 0.246, 0.246, 0.246, 0.246, 0.225, 0.225, 0.225, 0.225, 0.225, 0.225, 0.225, 0.225, 0.225, 0.225, 0.2496, 0.2496, 0.2496, 0.2496, 0.2496, 0.2496, 0.2496, 0.2496, 0.2496, 0.2496, 0.2673, 0.2673, 0.2673, 0.2673, 0.2673, 0.2673, 0.2673, 0.2673, 0.2673, 0.2673, 0.1195, 0.1195, 0.1195, 0.1195, 0.1195, 0.1195, 0.1195, 0.1195, 0.1195, 0.1195, 0.1323, 0.1323, 0.1323, 0.1323, 0.1323, 0.1323, 0.1323, 0.1323, 0.1323, 0.1323, 0.4117, 0.4117, 0.4117, 0.4117, 0.4117, 0.4117, 0.4117, 0.4117, 0.4117, 0.4117, 0.4395, 0.4395, 0.4395, 0.4395, 0.4395, 0.4395, 0.4395, 0.4395, 0.4395, 0.4395, 0.5283, 0.5283, 0.5283, 0.5283, 0.5283, 0.5283, 0.5283, 0.5283, 0.5283, 0.5283, 0.0825, 0.0825, 0.0825, 0.0825, 0.0825, 0.0825, 0.0825, 0.0825, 0.0825, 0.0825, 0.241, 0.241, 0.241, 0.241, 0.241, 0.241, 0.241, 0.241, 0.241, 0.241, 0.1722, 0.1722, 0.1722, 0.1722, 0.1722, 0.1722, 0.1722, 0.1722, 0.1722, 0.1722, 0.173, 0.173, 0.173, 0.173, 0.173, 0.173, 0.173, 0.173, 0.173, 0.173, 0.1054, 0.1054, 0.1054, 0.1054, 0.1054, 0.1054, 0.1054, 0.1054, 0.1054, 0.1054, 0.1527, 0.1527, 0.1527, 0.1527, 0.1527, 0.1527, 0.1527, 0.1527, 0.1527, 0.1527, 0.1291, 0.1291, 0.1291, 0.1291, 0.1291, 0.1291, 0.1291, 0.1291, 0.1291, 0.1291, 0.2093, 0.2093, 0.2093, 0.2093, 0.2093, 0.2093, 0.2093, 0.2093, 0.2093, 0.2093, 0.1238, 0.1238, 0.1238, 0.1238, 0.1238, 0.1238, 0.1238, 0.1238, 0.1238, 0.1238, 0.2279, 0.2279, 0.2279, 0.2279, 0.2279, 0.2279, 0.2279, 0.2279, 0.2279, 0.2279, 0.375, 0.375, 0.375, 0.375, 0.375, 0.375, 0.375, 0.375, 0.375, 0.375, 0.0706, 0.0706, 0.0706, 0.0706, 0.0706, 0.0706, 0.0706, 0.0706, 0.0706, 0.0706, 0.0778, 0.0778, 0.0778, 0.0778, 0.0778, 0.0778, 0.0778, 0.0778, 0.0778, 0.0778, 0.1693, 0.1693, 0.1693, 0.1693, 0.1693, 0.1693, 0.1693, 0.1693, 0.1693, 0.1693, 0.2474, 0.2474, 0.2474, 0.2474, 0.2474, 0.2474, 0.2474, 0.2474, 0.2474, 0.2474, 0.1903, 0.1903, 0.1903, 0.1903, 0.1903, 0.1903, 0.1903, 0.1903, 0.1903, 0.1903, 0.0061, 0.0061, 0.0061, 0.0061, 0.0061, 0.0061, 0.0061, 0.0061, 0.243, 0.243, 0.243, 0.243, 0.243, 0.243, 0.243, 0.243, 0.243, 0.243, 0.215, 0.215, 0.215, 0.215, 0.215, 0.215, 0.215, 0.215, 0.215, 0.215, 0.0251, 0.0251, 0.0251, 0.0251, 0.0251, 0.0251, 0.0251, 0.0251, 0.0251, 0.0251, 0.0058, 0.0058, 0.0058, 0.0058, 0.0058, 0.0058, 0.0058, 0.0058, 0.0058, 0.0058, 0.2883, 0.2883, 0.2883, 0.2883, 0.2883, 0.2883, 0.2883, 0.2883, 0.2883, 0.2883, 0.3037, 0.3037, 0.3037, 0.3037, 0.3037, 0.3037, 0.3037, 0.3037, 0.3037, 0.3037, 0.1387, 0.1387, 0.1387, 0.1387, 0.1387, 0.1387, 0.1387, 0.1387, 0.1387, 0.1387, 0.0848, 0.0848, 0.0848, 0.0848, 0.0848, 0.0848, 0.0848, 0.0848, 0.0848, 0.0848, 0.2442, 0.2442, 0.2442, 0.2442, 0.2442, 0.2442, 0.2442, 0.2442, 0.2442, 0.2442, 0.1107, 0.1107, 0.1107, 0.1107, 0.1107, 0.1107, 0.1107, 0.1107, 0.1107, 0.1107, 0.1393, 0.1393, 0.1393, 0.1393, 0.1393, 0.1393, 0.1393, 0.1393, 0.1393, 0.1393, 0.1165, 0.1165, 0.1165, 0.1165, 0.1165, 0.1165, 0.1165, 0.1165, 0.1165, 0.1165, 0.0059, 0.0059, 0.0059, 0.0059, 0.0059, 0.0059, 0.0059, 0.0059, 0.0059, 0.0059, 0.0733, 0.0733, 0.0733, 0.0733, 0.0733, 0.0733, 0.0733, 0.0733, 0.0733, 0.0733, 0.1118, 0.1118, 0.1118, 0.1118, 0.1118, 0.1118, 0.1118, 0.1118, 0.1118, 0.1118, 0.0637, 0.0637, 0.0637, 0.0637, 0.0637, 0.0637, 0.0637, 0.0637, 0.0637, 0.0637, 0.1701, 0.1701, 0.1701, 0.1701, 0.1701, 0.1701, 0.1701, 0.1701, 0.1701, 0.1701, 0.1133, 0.1133, 0.1133, 0.1133, 0.1133, 0.1133, 0.1133, 0.1133, 0.1133, 0.1133, 0.2243, 0.2243, 0.2243, 0.2243, 0.2243, 0.2243, 0.2243, 0.2243, 0.2243, 0.2243, 0.3183, 0.3183, 0.3183, 0.3183, 0.3183, 0.3183, 0.3183, 0.3183, 0.3183, 0.3183, 0.0242, 0.0242, 0.0242, 0.0242, 0.0242, 0.0242, 0.0242, 0.0242, 0.0242, 0.0242, 0.1537, 0.1537, 0.1537, 0.1537, 0.1537, 0.1537, 0.1537, 0.1537, 0.1537, 0.1537, 0.202, 0.202, 0.202, 0.202, 0.202, 0.202, 0.202, 0.202, 0.202, 0.202, 0.1862, 0.1862, 0.1862, 0.1862, 0.1862, 0.1862, 0.1862, 0.1862, 0.1862, 0.1862, 0.0944, 0.0944, 0.0944, 0.0944, 0.0944, 0.0944, 0.0944, 0.0944, 0.0944, 0.0944, 0.1161, 0.1161, 0.1161, 0.1161, 0.1161, 0.1161, 0.1161, 0.1161, 0.1161, 0.1161, 0.0331, 0.0331, 0.0331, 0.0331, 0.0331, 0.0331, 0.0331, 0.0331, 0.0331, 0.0331, 0.1077, 0.1077, 0.1077, 0.1077, 0.1077, 0.1077, 0.1077, 0.1077, 0.1077, 0.1077, 0.2469, 0.2469, 0.2469, 0.2469, 0.2469, 0.2469, 0.2469, 0.2469, 0.2469, 0.2469, 0.1783, 0.1783, 0.1783, 0.1783, 0.1783, 0.1783, 0.1783, 0.1783, 0.1783, 0.1783, 0.4321, 0.4321, 0.4321, 0.4321, 0.4321, 0.4321, 0.4321, 0.4321, 0.4321, 0.4321, 0.2113, 0.2113, 0.2113, 0.2113, 0.2113, 0.2113, 0.2113, 0.2113, 0.2113, 0.2113, 0.2426, 0.2426, 0.2426, 0.2426, 0.2426, 0.2426, 0.2426, 0.2426, 0.2426, 0.2426, 0.2413, 0.2413, 0.2413, 0.2413, 0.2413, 0.2413, 0.2413, 0.2413, 0.2413, 0.2413, 0.3409, 0.3409, 0.3409, 0.3409, 0.3409, 0.3409, 0.3409, 0.3409, 0.3409, 0.3409, 0.1572, 0.1572, 0.1572, 0.1572, 0.1572, 0.1572, 0.1572, 0.1572, 0.1572, 0.1572, 0.0651, 0.0651, 0.0651, 0.0651, 0.0651, 0.0651, 0.0651, 0.0651, 0.0651, 0.0651, 0.2085, 0.2085, 0.2085, 0.2085, 0.2085, 0.2085, 0.2085, 0.2085, 0.2085, 0.2085, 0.1762, 0.1762, 0.1762, 0.1762, 0.1762, 0.1762, 0.1762, 0.1762, 0.1762, 0.1762, 0.3429, 0.3429, 0.3429, 0.3429, 0.3429, 0.3429, 0.3429, 0.3429, 0.3429, 0.3429, 0.3234, 0.3234, 0.3234, 0.3234, 0.3234, 0.3234, 0.3234, 0.3234, 0.3234, 0.3234, 0.1419, 0.1419, 0.1419, 0.1419, 0.1419, 0.1419, 0.1419, 0.1419, 0.1419, 0.1419, 0.0624, 0.0624, 0.0624, 0.0624, 0.0624, 0.0624, 0.0624, 0.0624, 0.0624, 0.0624, 0.5344, 0.5344, 0.5344, 0.5344, 0.5344, 0.5344, 0.5344, 0.5344, 0.5344, 0.5344, 0.2713, 0.2713, 0.2713, 0.2713, 0.2713, 0.2713, 0.2713, 0.2713, 0.2713, 0.2713, 0.2385, 0.2385, 0.2385, 0.2385, 0.2385, 0.2385, 0.2385, 0.2385, 0.2385, 0.2385, 0.1488, 0.1488, 0.1488, 0.1488, 0.1488, 0.1488, 0.1488, 0.1488, 0.1488, 0.1488, 0.3369, 0.3369, 0.3369, 0.3369, 0.3369, 0.3369, 0.3369, 0.3369, 0.3369, 0.3369, 0.0429, 0.0429, 0.0429, 0.0429, 0.0429, 0.0429, 0.0429, 0.0429, 0.0429, 0.0429, 0.0437, 0.0437, 0.0437, 0.0437, 0.0437, 0.0437, 0.0437, 0.0437, 0.0437, 0.0437, 0.1191, 0.1191, 0.1191, 0.1191, 0.1191, 0.1191, 0.1191, 0.1191, 0.1191, 0.1191, 0.3023, 0.3023, 0.3023, 0.3023, 0.3023, 0.3023, 0.3023, 0.3023, 0.3023, 0.3023, 0.0988, 0.0988, 0.0988, 0.0988, 0.0988, 0.0988, 0.0988, 0.0988, 0.0988, 0.0988, 0.0642, 0.0642, 0.0642, 0.0642, 0.0642, 0.0642, 0.0642, 0.0642, 0.0642, 0.0642, 0.0061, 0.0061, 0.0061, 0.0061, 0.0061, 0.0061, 0.0061, 0.0061, 0.0061, 0.0061, 0.3025, 0.3025, 0.3025, 0.3025, 0.3025, 0.3025, 0.3025, 0.3025, 0.3025, 0.3025, 0.0891, 0.0891, 0.0891, 0.0891, 0.0891, 0.0891, 0.0891, 0.0891, 0.0891, 0.0891, 0.1841, 0.1841, 0.1841, 0.1841, 0.1841, 0.1841, 0.1841, 0.1841, 0.1841, 0.1841, 0.0108, 0.0108, 0.0108, 0.0108, 0.0108, 0.0108, 0.0108, 0.0108, 0.0108, 0.0108, 0.3421, 0.3421, 0.3421, 0.3421, 0.3421, 0.3421, 0.3421, 0.3421, 0.3421, 0.3421, 0.2618, 0.2618, 0.2618, 0.2618, 0.2618, 0.2618, 0.2618, 0.2618, 0.2618, 0.2618, 0.3063, 0.3063, 0.3063, 0.3063, 0.3063, 0.3063, 0.3063, 0.3063, 0.3063, 0.3063, 0.0841, 0.0841, 0.0841, 0.0841, 0.0841, 0.0841, 0.0841, 0.0841, 0.0841, 0.0841, 0.1259, 0.1259, 0.1259, 0.1259, 0.1259, 0.1259, 0.1259, 0.1259, 0.1259, 0.1259, 0.2373, 0.2373, 0.2373, 0.2373, 0.2373, 0.2373, 0.2373, 0.2373, 0.2373, 0.2373, 0.1663, 0.1663, 0.1663, 0.1663, 0.1663, 0.1663, 0.1663, 0.1663, 0.1663, 0.1663, 0.2933, 0.2933, 0.2933, 0.2933, 0.2933, 0.2933, 0.2933, 0.2933, 0.2933, 0.2933, 0.1126, 0.1126, 0.1126, 0.1126, 0.1126, 0.1126, 0.1126, 0.1126, 0.1126, 0.1126, 0.0659, 0.0659, 0.0659, 0.0659, 0.0659, 0.0659, 0.0659, 0.0659, 0.0659, 0.0659, 0.1744, 0.1744, 0.1744, 0.1744, 0.1744, 0.1744, 0.1744, 0.1744, 0.1744, 0.1744, 0.026, 0.026, 0.026, 0.026, 0.026, 0.026, 0.026, 0.026, 0.026, 0.026, 0.1312, 0.1312, 0.1312, 0.1312, 0.1312, 0.1312, 0.1312, 0.1312, 0.1312, 0.1312, 0.0912, 0.0912, 0.0912, 0.0912, 0.0912, 0.0912, 0.0912, 0.0912, 0.0912, 0.0912, 0.1686, 0.1686, 0.1686, 0.1686, 0.1686, 0.1686, 0.1686, 0.1686, 0.1686, 0.1686, 0.2274, 0.2274, 0.2274, 0.2274, 0.2274, 0.2274, 0.2274, 0.2274, 0.2274, 0.2274, 0.148, 0.148, 0.148, 0.148, 0.148, 0.148, 0.148, 0.148, 0.148, 0.148, 0.1038, 0.1038, 0.1038, 0.1038, 0.1038, 0.1038, 0.1038, 0.1038, 0.1038, 0.1038, 0.2144, 0.2144, 0.2144, 0.2144, 0.2144, 0.2144, 0.2447, 0.2447, 0.2447, 0.2447, 0.2447, 0.2447, 0.2447, 0.2447, 0.2447, 0.2447, 0.1667, 0.1667, 0.1667, 0.1667, 0.1667, 0.1667, 0.1667, 0.1667, 0.1667, 0.1667, 0.1348, 0.1348, 0.1348, 0.1348, 0.1348, 0.1348, 0.1348, 0.1348, 0.1348, 0.1348, 0.1577, 0.1577, 0.1577, 0.1577, 0.1577, 0.1577, 0.1577, 0.1577, 0.1577, 0.1577, 0.0995, 0.0995, 0.0995, 0.0995, 0.0995, 0.0995, 0.0995, 0.0995, 0.0995, 0.0995, 0.1455, 0.1455, 0.1455, 0.1455, 0.1455, 0.1455, 0.1455, 0.1455, 0.1455, 0.1455, 0.1171, 0.1171, 0.1171, 0.1171, 0.1171, 0.1171, 0.1171, 0.1171, 0.1171, 0.1171, 0.167, 0.167, 0.167, 0.167, 0.167, 0.167, 0.167, 0.167, 0.167, 0.167, 0.1364, 0.1364, 0.1364, 0.1364, 0.1364, 0.1364, 0.1364, 0.1364, 0.1364, 0.1364, 0.0643, 0.0643, 0.0643, 0.0643, 0.0643, 0.0643, 0.0643, 0.0643, 0.0643, 0.0643, 0.086, 0.086, 0.086, 0.086, 0.086, 0.086, 0.086, 0.086, 0.086, 0.086, 0.0049, 0.0049, 0.0049, 0.0049, 0.0049, 0.0049, 0.0049, 0.0049, 0.0049, 0.0049, 0.2016, 0.2016, 0.2016, 0.2016, 0.2016, 0.2016, 0.2016, 0.2016, 0.2016, 0.2016, 0.0051, 0.0051, 0.0051, 0.0051, 0.0051, 0.0051, 0.0051, 0.0051, 0.0051, 0.0051, 0.1383, 0.1383, 0.1383, 0.1383, 0.1383, 0.1383, 0.1383, 0.1383, 0.1383, 0.1383, 0.0686, 0.0686, 0.0686, 0.0686, 0.0686, 0.0686, 0.0686, 0.0686, 0.0686, 0.0686, 0.0914, 0.0914, 0.0914, 0.0914, 0.0914, 0.0914, 0.0914, 0.0914, 0.0914, 0.0914, 0.0929, 0.0929, 0.0929, 0.0929, 0.0929, 0.0929, 0.0929, 0.0929, 0.0929, 0.0929, 0.0869, 0.0869, 0.0869, 0.0869, 0.0869, 0.0869, 0.0869, 0.0869, 0.0869, 0.0869, 0.254, 0.254, 0.254, 0.254, 0.254, 0.254, 0.254, 0.254, 0.254, 0.254, 0.2777, 0.2777, 0.2777, 0.2777, 0.2777, 0.2777, 0.2777, 0.2777, 0.2777, 0.2777, 0.2783, 0.2783, 0.2783, 0.2783, 0.2783, 0.2783, 0.2783, 0.2783, 0.2783, 0.2783, 0.1294, 0.1294, 0.1294, 0.1294, 0.1294, 0.1294, 0.1294, 0.1294, 0.1294, 0.1294, 0.1899, 0.1899, 0.1899, 0.1899, 0.1899, 0.1899, 0.1899, 0.1899, 0.1899, 0.1899, 0.2244, 0.2244, 0.2244, 0.2244, 0.2244, 0.2244, 0.2244, 0.2244, 0.2244, 0.2244, 0.0388, 0.0388, 0.0388, 0.0388, 0.0388, 0.0388, 0.0388, 0.0388, 0.0388, 0.0388, 0.0055, 0.0055, 0.0055, 0.0055, 0.0055, 0.0055, 0.0055, 0.0055, 0.0055, 0.0055, 0.2829, 0.2829, 0.2829, 0.2829, 0.2829, 0.2829, 0.2829, 0.2829, 0.2829, 0.2829, 0.1116, 0.1116, 0.1116, 0.1116, 0.1116, 0.1116, 0.1116, 0.1116, 0.1116, 0.1116, 0.161, 0.161, 0.161, 0.161, 0.161, 0.161, 0.161, 0.161, 0.161, 0.161, 0.2604, 0.2604, 0.2604, 0.2604, 0.2604, 0.2604, 0.2604, 0.2604, 0.2604, 0.2604, 0.1874, 0.1874, 0.1874, 0.1874, 0.1874, 0.1874, 0.1874, 0.1874, 0.1874, 0.1874, 0.2194, 0.2194, 0.2194, 0.2194, 0.2194, 0.2194, 0.2194, 0.2194, 0.2194, 0.2194, 0.3803, 0.3803, 0.3803, 0.3803, 0.3803, 0.3803, 0.3803, 0.3803, 0.3803, 0.3803, 0.3828, 0.3828, 0.3828, 0.3828, 0.3828, 0.3828, 0.3828, 0.3828, 0.3828, 0.3828, 0.075, 0.075, 0.075, 0.075, 0.075, 0.075, 0.075, 0.075, 0.075, 0.075, 0.078, 0.078, 0.078, 0.078, 0.078, 0.078, 0.078, 0.078, 0.078, 0.078, 0.045, 0.045, 0.045, 0.045, 0.045, 0.045, 0.045, 0.045, 0.045, 0.045, 0.3016, 0.3016, 0.3016, 0.3016, 0.3016, 0.3016, 0.3016, 0.3016, 0.3016, 0.3016, 0.1227, 0.1227, 0.1227, 0.1227, 0.1227, 0.1227, 0.1227, 0.1227, 0.1227, 0.1227, 0.1664, 0.1664, 0.1664, 0.1664, 0.1664, 0.1664, 0.1664, 0.1664, 0.1664, 0.1664, 0.1283, 0.1283, 0.1283, 0.1283, 0.1283, 0.1283, 0.1283, 0.1283, 0.1283, 0.1283, 0.3107, 0.3107, 0.3107, 0.3107, 0.3107, 0.3107, 0.3107, 0.3107, 0.3107, 0.3107, 0.0795, 0.0795, 0.0795, 0.0795, 0.0795, 0.0795, 0.0795, 0.0795, 0.0795, 0.0795, 0.2419, 0.2419, 0.2419, 0.2419, 0.2419, 0.2419, 0.2419, 0.2419, 0.2419, 0.2419, 0.2113, 0.2113, 0.2113, 0.2113, 0.2113, 0.2113, 0.2113, 0.2113, 0.2113, 0.2113, 0.2347, 0.2347, 0.2347, 0.2347, 0.2347, 0.2347, 0.2347, 0.2347, 0.2347, 0.2347, 0.0946, 0.0946, 0.0946, 0.0946, 0.0946, 0.0946, 0.0946, 0.0946, 0.0946, 0.0946, 0.1421, 0.1421, 0.1421, 0.1421, 0.1421, 0.1421, 0.1421, 0.1421, 0.1421, 0.1421, 0.1584, 0.1584, 0.1584, 0.1584, 0.1584, 0.1584, 0.1584, 0.1584, 0.1584, 0.1584, 0.1403, 0.1403, 0.1403, 0.1403, 0.1403, 0.1403, 0.1403, 0.1403, 0.1403, 0.1403, 0.231, 0.231, 0.231, 0.231, 0.231, 0.231, 0.231, 0.231, 0.231, 0.231, 0.0311, 0.0311, 0.0311, 0.0311, 0.0311, 0.0311, 0.0311, 0.0311, 0.0311, 0.0311, 0.1542, 0.1542, 0.1542, 0.1542, 0.1542, 0.1542, 0.1542, 0.1542, 0.1542, 0.1542, 0.0458, 0.0458, 0.0458, 0.0458, 0.0458, 0.0458, 0.0458, 0.0458, 0.0458, 0.0458, 0.0149, 0.0149, 0.0149, 0.0149, 0.0149, 0.0149, 0.0149, 0.0149, 0.0149, 0.0149, 0.0405, 0.0405, 0.0405, 0.0405, 0.0405, 0.0405, 0.0405, 0.0405, 0.0405, 0.0405, 0.238, 0.238, 0.238, 0.238, 0.238, 0.238, 0.238, 0.238, 0.238, 0.238, 0.1097, 0.1097, 0.1097, 0.1097, 0.1097, 0.1097, 0.1097, 0.1097, 0.1097, 0.1097, 0.1045, 0.1045, 0.1045, 0.1045, 0.1045, 0.1045, 0.1045, 0.1045, 0.1045, 0.1045, 0.2708, 0.2708, 0.2708, 0.2708, 0.2708, 0.2708, 0.2708, 0.2708, 0.2708, 0.2708, 0.1226, 0.1226, 0.1226, 0.1226, 0.1226, 0.1226, 0.1226, 0.1226, 0.1226, 0.1226, 0.1508, 0.1508, 0.1508, 0.1508, 0.1508, 0.1508, 0.1508, 0.1508, 0.1508, 0.1508, 0.2055, 0.2055, 0.2055, 0.2055, 0.2055, 0.2055, 0.2055, 0.2055, 0.2055, 0.2055, 0.0974, 0.0974, 0.0974, 0.0974, 0.0974, 0.0974, 0.0974, 0.0974, 0.0974, 0.0974, 0.0616, 0.0616, 0.0616, 0.0616, 0.0616, 0.0616, 0.0616, 0.0616, 0.0616, 0.0616, 0.0284, 0.0284, 0.0284, 0.0284, 0.0284, 0.0284, 0.0284, 0.0284, 0.0284, 0.0284, 0.4275, 0.4275, 0.4275, 0.4275, 0.4275, 0.4275, 0.4275, 0.4275, 0.4275, 0.4275, 0.038, 0.038, 0.038, 0.038, 0.038, 0.038, 0.038, 0.038, 0.038, 0.038, 0.1556, 0.1556, 0.1556, 0.1556, 0.1556, 0.1556, 0.1556, 0.1556, 0.1556, 0.1556, 0.0103, 0.0103, 0.0103, 0.0103, 0.0103, 0.0103, 0.0103, 0.0103, 0.0103, 0.0103, 0.2549, 0.2549, 0.2549, 0.2549, 0.2549, 0.2549, 0.2549, 0.2549, 0.2549, 0.2549, 0.003, 0.003, 0.003, 0.003, 0.003, 0.003, 0.003, 0.003, 0.003, 0.003, 0.0025, 0.0025, 0.0025, 0.0025, 0.0025, 0.0025, 0.0025, 0.0025, 0.0025, 0.0025, 0.1337, 0.1337, 0.1337, 0.1337, 0.1337, 0.1337, 0.1337, 0.1337, 0.1337, 0.1337, 0.1985, 0.1985, 0.1985, 0.1985, 0.1985, 0.1985, 0.1985, 0.1985, 0.1985, 0.1985, 0.1776, 0.1776, 0.1776, 0.1776, 0.1776, 0.1776, 0.1776, 0.1776, 0.1776, 0.1776, 0.1792, 0.1792, 0.1792, 0.1792, 0.1047, 0.1047, 0.1047, 0.1047, 0.1047, 0.1047, 0.1047, 0.1047, 0.1047, 0.1047, 0.1082, 0.1082, 0.1082, 0.1082, 0.1082, 0.1082, 0.1082, 0.1082, 0.1082, 0.1082, 0.0804, 0.0804, 0.0804, 0.0804, 0.0804, 0.0804, 0.0804, 0.0804, 0.0804, 0.0804, 0.2885, 0.2885, 0.2885, 0.2885, 0.2885, 0.2885, 0.2885, 0.2885, 0.2885, 0.2885, 0.0999, 0.0999, 0.0999, 0.0999, 0.0999, 0.0999, 0.0999, 0.0999, 0.0999, 0.0999, 0.1129, 0.1129, 0.1129, 0.1129, 0.1129, 0.1129, 0.1129, 0.1129, 0.1129, 0.1129, 0.0438, 0.0438, 0.0438, 0.0438, 0.0438, 0.0438, 0.0438, 0.0438, 0.0438, 0.0438, 0.0043, 0.0043, 0.0043, 0.0043, 0.0043, 0.0043, 0.0043, 0.0043, 0.0043, 0.0043, 0.0518, 0.0518, 0.0518, 0.0518, 0.0518, 0.0518, 0.0518, 0.0518, 0.0518, 0.0518, 0.0963, 0.0963, 0.0963, 0.0963, 0.0963, 0.0963, 0.0963, 0.0963, 0.0963, 0.0963, 0.3069, 0.3069, 0.3069, 0.3069, 0.3069, 0.3069, 0.3069, 0.3069, 0.3069, 0.3069, 0.0485, 0.0485, 0.0485, 0.0485, 0.0485, 0.0485, 0.0485, 0.0485, 0.0485, 0.0485, 0.0708, 0.0708, 0.0708, 0.0708, 0.0708, 0.0708, 0.0708, 0.0708, 0.0708, 0.0708, 0.1161, 0.1161, 0.1161, 0.1161, 0.1161, 0.1161, 0.1161, 0.1161, 0.1161, 0.1161, 0.2112, 0.2112, 0.2112, 0.2112, 0.2112, 0.2112, 0.2112, 0.2112, 0.2112, 0.2112, 0.2688, 0.2688, 0.2688, 0.2688, 0.2688, 0.2688, 0.2688, 0.2688, 0.2688, 0.2688, 0.1404, 0.1404, 0.1404, 0.1404, 0.1404, 0.1404, 0.1404, 0.1404, 0.1404, 0.1404, 0.3369, 0.3369, 0.3369, 0.3369, 0.3369, 0.3369, 0.3369, 0.3369, 0.3369, 0.3369, 0.0043, 0.0043, 0.0043, 0.0043, 0.0043, 0.0043, 0.0043, 0.0043, 0.0043, 0.0043, 0.1755, 0.1755, 0.1755, 0.1755, 0.1755, 0.1755, 0.1755, 0.1755, 0.1755, 0.1755, 0.2658, 0.2658, 0.2658, 0.2658, 0.2658, 0.2658, 0.2658, 0.2658, 0.2658, 0.2658, 0.0931, 0.0931, 0.0931, 0.0931, 0.0931, 0.0931, 0.0931, 0.0931, 0.0931, 0.0931, 0.1263, 0.1263, 0.1263, 0.1263, 0.1263, 0.1263, 0.1263, 0.1263, 0.1263, 0.1263, 0.0375, 0.0375, 0.0375, 0.0375, 0.0375, 0.0375, 0.0375, 0.0375, 0.0375, 0.0375, 0.003, 0.003, 0.003, 0.003, 0.003, 0.003, 0.003, 0.003, 0.003, 0.003, 0.1451, 0.1451, 0.1451, 0.1451, 0.1451, 0.1451, 0.1451, 0.1451, 0.1451, 0.1451, 0.0892, 0.0892, 0.0892, 0.0892, 0.0892, 0.0892, 0.0892, 0.0892, 0.0892, 0.0892, 0.0499, 0.0499, 0.0499, 0.0499, 0.0499, 0.0499, 0.0499, 0.0499, 0.0499, 0.0499, 0.014, 0.014, 0.014, 0.014, 0.014, 0.014, 0.014, 0.014, 0.014, 0.014, 0.0769, 0.0769, 0.0769, 0.0769, 0.0769, 0.0769, 0.0769, 0.0769, 0.0769, 0.0769, 0.1625, 0.1625, 0.1625, 0.1625, 0.1625, 0.1625, 0.1625, 0.1625, 0.1625, 0.1625, 0.0906, 0.0906, 0.0906, 0.0906, 0.0906, 0.0906, 0.0906, 0.0906, 0.0906, 0.0906, 0.0694, 0.0694, 0.0694, 0.0694, 0.0694, 0.0694, 0.0694, 0.0694, 0.0694, 0.0694, 0.0776, 0.0776, 0.0776, 0.0776, 0.0776, 0.0776, 0.0776, 0.0776, 0.0776, 0.0776, 0.1601, 0.1601, 0.1601, 0.1601, 0.1601, 0.1601, 0.1601, 0.1601, 0.1601, 0.1601, 0.1286, 0.1286, 0.1286, 0.1286, 0.1286, 0.1286, 0.1286, 0.1286, 0.1286, 0.1286, 0.3483, 0.3483, 0.3483, 0.3483, 0.3483, 0.3483, 0.3483, 0.3483, 0.3483, 0.3483, 0.0656, 0.0656, 0.0656, 0.0656, 0.0656, 0.0656, 0.0656, 0.0656, 0.0656, 0.0656, 0.0096, 0.0096, 0.0096, 0.0096, 0.0096, 0.0096, 0.0096, 0.0096, 0.0096, 0.0096, 0.1271, 0.1271, 0.1271, 0.1271, 0.1271, 0.1271, 0.1271, 0.1271, 0.1271, 0.1271, 0.1757, 0.1757, 0.1757, 0.1757, 0.1757, 0.1757, 0.1757, 0.1757, 0.1757, 0.1757, 0.0985, 0.0985, 0.0985, 0.0985, 0.0985, 0.0985, 0.0985, 0.0985, 0.0985, 0.0985, 0.0255, 0.0255, 0.0255, 0.0255, 0.0255, 0.0255, 0.0255, 0.0255, 0.0255, 0.0255, 0.0057, 0.0057, 0.0057, 0.0057, 0.0057, 0.0057, 0.0057, 0.0057, 0.0057, 0.0057, 0.0661, 0.0661, 0.0661, 0.0661, 0.0661, 0.0661, 0.0661, 0.0661, 0.0661, 0.0661, 0.0672, 0.0672, 0.0672, 0.0672, 0.0672, 0.0672, 0.0672, 0.0672, 0.0672, 0.0672, 0.0026, 0.0026, 0.0026, 0.0026, 0.0026, 0.0026, 0.0026, 0.0026, 0.0026, 0.0026, 0.0021, 0.0021, 0.0021, 0.0021, 0.0021, 0.0021, 0.0021, 0.0021, 0.0021, 0.0021, 0.0317, 0.0317, 0.0317, 0.0317, 0.0317, 0.0317, 0.0317, 0.0317, 0.0317, 0.0317, 0.0995, 0.0995, 0.0995, 0.0995, 0.0995, 0.0995, 0.0995, 0.0995, 0.0995, 0.0995, 0.1207, 0.1207, 0.1207, 0.1207, 0.1207, 0.1207, 0.1207, 0.1207, 0.1207, 0.1207, 0.2946, 0.2946, 0.2946, 0.2946, 0.2946, 0.2946, 0.2946, 0.2946, 0.2946, 0.2946, 0.169, 0.169, 0.169, 0.169, 0.169, 0.169, 0.169, 0.169, 0.169, 0.169, 0.0051, 0.0051, 0.0051, 0.0051, 0.0051, 0.0051, 0.0051, 0.0051, 0.0051, 0.0051, 0.0145, 0.0145, 0.0145, 0.0145, 0.0145, 0.0145, 0.0145, 0.0145, 0.0145, 0.0145, 0.3031, 0.3031, 0.3031, 0.3031, 0.3031, 0.3031, 0.3031, 0.3031, 0.3031, 0.3031, 0.1111, 0.1111, 0.1111, 0.1111, 0.1111, 0.1111, 0.1111, 0.1111, 0.1111, 0.1111, 0.104, 0.104, 0.104, 0.104, 0.104, 0.104, 0.104, 0.104, 0.104, 0.104, 0.1084, 0.1084, 0.1084, 0.1084, 0.1084, 0.1084, 0.1084, 0.1084, 0.1084, 0.1084, 0.0042, 0.0042, 0.0042, 0.0042, 0.0042, 0.0042, 0.0042, 0.0042, 0.0042, 0.0042, 0.2483, 0.2483, 0.2483, 0.2483, 0.2483, 0.2483, 0.2483, 0.2483, 0.2483, 0.2483, 0.1581, 0.1581, 0.1581, 0.1581, 0.1581, 0.1581, 0.1581, 0.1581, 0.1581, 0.1581, 0.1735, 0.1735, 0.1735, 0.1735, 0.1735, 0.1735, 0.1735, 0.1735, 0.1735, 0.1735, 0.0024, 0.0024, 0.0024, 0.0024, 0.0024, 0.0024, 0.0024, 0.0024, 0.0024, 0.0024, 0.0198, 0.0198, 0.0198, 0.0198, 0.0198, 0.0198, 0.0198, 0.0198, 0.0198, 0.0198, 0.0624, 0.0624, 0.0624, 0.0624, 0.0624, 0.0624, 0.0624, 0.0624, 0.0624, 0.0624, 0.003, 0.003, 0.003, 0.003, 0.003, 0.003, 0.003, 0.003, 0.003, 0.003, 0.1876, 0.1876, 0.1876, 0.1876, 0.1876, 0.1876, 0.1876, 0.1876, 0.1876, 0.1876, 0.0811, 0.0811, 0.0811, 0.0811, 0.0811, 0.0811, 0.0811, 0.0811, 0.0811, 0.0811, 0.1614, 0.1614, 0.1614, 0.1614, 0.1614, 0.1614, 0.1614, 0.1614, 0.1614, 0.1614, 0.0595, 0.0595, 0.0595, 0.0595, 0.0595, 0.0595, 0.0595, 0.0595, 0.0595, 0.0595, 0.1683, 0.1683, 0.1683, 0.1683, 0.1683, 0.1683, 0.1683, 0.1683, 0.1683, 0.1683, 0.0031, 0.0031, 0.0031, 0.0031, 0.0031, 0.0031, 0.0031, 0.0031, 0.0031, 0.0031, 0.1303, 0.1303, 0.1303, 0.1303, 0.1303, 0.1303, 0.1303, 0.1303, 0.1303, 0.1303, 0.0029, 0.0029, 0.0029, 0.0029, 0.0029, 0.0029, 0.0029, 0.0029, 0.0029, 0.0029, 0.016, 0.016, 0.016, 0.016, 0.016, 0.016, 0.016, 0.016, 0.016, 0.016, 0.1669, 0.1669, 0.1669, 0.1669, 0.1669, 0.1669, 0.1669, 0.1669, 0.1669, 0.1669, 0.2391, 0.2391, 0.0032, 0.0032, 0.0032, 0.0032, 0.0032, 0.0032, 0.0032, 0.0032, 0.0032, 0.0032, 0.0567, 0.0567, 0.0567, 0.0567, 0.0567, 0.0567, 0.0567, 0.0567, 0.0567, 0.0567, 0.0919, 0.0919, 0.0919, 0.0919, 0.0919, 0.0919, 0.0919, 0.0919, 0.0919, 0.0919, 0.0764, 0.0764, 0.0764, 0.0764, 0.0764, 0.0764, 0.0764, 0.0764, 0.0764, 0.0764, 0.2093, 0.2093, 0.2093, 0.2093, 0.2093, 0.2093, 0.2093, 0.2093, 0.2093, 0.2093, 0.0573, 0.0573, 0.0573, 0.0573, 0.0573, 0.0573, 0.0573, 0.0573, 0.0573, 0.0573, 0.2124, 0.2124, 0.2124, 0.2124, 0.2124, 0.2124, 0.2124, 0.2124, 0.2124, 0.2124, 0.1967, 0.1967, 0.1967, 0.1967, 0.1967, 0.1967, 0.1967, 0.1967, 0.1967, 0.1967, 0.0235, 0.0235, 0.0235, 0.0235, 0.0235, 0.0235, 0.0235, 0.0235, 0.0235, 0.0235, 0.0594, 0.0594, 0.0594, 0.0594, 0.0594, 0.0594, 0.0594, 0.0594, 0.0594, 0.0594, 0.0746, 0.0746, 0.0746, 0.0746, 0.0746, 0.0746, 0.0746, 0.0746, 0.0746, 0.0746, 0.1069, 0.1069, 0.1069, 0.1069, 0.1069, 0.1069, 0.1069, 0.1069, 0.1069, 0.1069, 0.1866, 0.1866, 0.1866, 0.1866, 0.1866, 0.1866, 0.1866, 0.1866, 0.1866, 0.1866, 0.0025, 0.0025, 0.0025, 0.0025, 0.0025, 0.0025, 0.0025, 0.0025, 0.0025, 0.0025, 0.052, 0.052, 0.052, 0.052, 0.052, 0.052, 0.052, 0.052, 0.052, 0.052, 0.0028, 0.0028, 0.0028, 0.0028, 0.0028, 0.0028, 0.0028, 0.0028, 0.0028, 0.0028, 0.0909, 0.0909, 0.0909, 0.0909, 0.0909, 0.0909, 0.0909, 0.0909, 0.0909, 0.0909, 0.0024, 0.0024, 0.0024, 0.0024, 0.0024, 0.0024, 0.0024, 0.0024, 0.0024, 0.0024, 0.0496, 0.0496, 0.0496, 0.0496, 0.0496, 0.0496, 0.0496, 0.0496, 0.0496, 0.0496, 0.1127, 0.1127, 0.1127, 0.1127, 0.1127, 0.1127, 0.1127, 0.1127, 0.1127, 0.1127, 0.0717, 0.0717, 0.0717, 0.0717, 0.0717, 0.0717, 0.0717, 0.0717, 0.0717, 0.0717, 0.19, 0.19, 0.19, 0.19, 0.19, 0.19, 0.19, 0.19, 0.19, 0.19, 0.0497, 0.0497, 0.0497, 0.0497, 0.0497, 0.0497, 0.0497, 0.0497, 0.0497, 0.0497, 0.0055, 0.0055, 0.0055, 0.0055, 0.0055, 0.0055, 0.0055, 0.0055, 0.0055, 0.0055, 0.0023, 0.0023, 0.0023, 0.0023, 0.0023, 0.0023, 0.0023, 0.0023, 0.0023, 0.0023, 0.0983, 0.0983, 0.0983, 0.0983, 0.0983, 0.0983, 0.0983, 0.0983, 0.0983, 0.0983, 0.0551, 0.0551, 0.0551, 0.0551, 0.0551, 0.0551, 0.0551, 0.0551, 0.0551, 0.0551, 0.1748, 0.1748, 0.1748, 0.1748, 0.1748, 0.1748, 0.1748, 0.1748, 0.1748, 0.1748, 0.128, 0.128, 0.128, 0.128, 0.128, 0.128, 0.128, 0.128, 0.128, 0.128, 0.0167, 0.0167, 0.0167, 0.0167, 0.0167, 0.0167, 0.0167, 0.0167, 0.0167, 0.0167, 0.0303, 0.0303, 0.0303, 0.0303, 0.0303, 0.0303, 0.0303, 0.0303, 0.0303, 0.0303, 0.0038, 0.0038, 0.0038, 0.0038, 0.0038, 0.0038, 0.0038, 0.0038, 0.0038, 0.0038, 0.0016, 0.0016, 0.0016, 0.0016, 0.0016, 0.0016, 0.0016, 0.0016, 0.0016, 0.0016, 0.0988, 0.0988, 0.0988, 0.0988, 0.0988, 0.0988, 0.0988, 0.0988, 0.0988, 0.0988, 0.1627, 0.1627, 0.1627, 0.1627, 0.1627, 0.1627, 0.1627, 0.1627, 0.1627, 0.1627, 0.0276, 0.0276, 0.0276, 0.0276, 0.0276, 0.0276, 0.0276, 0.0276, 0.0276, 0.0276, 0.1498, 0.1498, 0.1498, 0.1498, 0.1498, 0.1498, 0.1498, 0.1498, 0.1498, 0.1498, 0.1127, 0.1127, 0.1127, 0.1127, 0.1127, 0.1127, 0.1127, 0.1127, 0.1127, 0.1127, 0.06, 0.06, 0.06, 0.06, 0.06, 0.06, 0.06, 0.06, 0.06, 0.06, 0.2065, 0.2065, 0.2065, 0.2065, 0.2065, 0.2065, 0.2065, 0.2065, 0.2065, 0.2065, 0.0601, 0.0601, 0.0601, 0.0601, 0.0601, 0.0601, 0.0601, 0.0601, 0.0601, 0.0601, 0.003, 0.003, 0.003, 0.003, 0.003, 0.003, 0.003, 0.003, 0.003, 0.003, 0.1361, 0.1361, 0.1361, 0.1361, 0.1361, 0.1361, 0.1361, 0.1361, 0.1361, 0.1361, 0.1238, 0.1238, 0.1238, 0.1238, 0.1238, 0.1238, 0.1238, 0.1238, 0.1238, 0.1238, 0.0342, 0.0342, 0.0342, 0.0342, 0.0342, 0.0342, 0.0342, 0.0342, 0.0342, 0.0342, 0.1434, 0.1434, 0.1434, 0.1434, 0.1434, 0.1434, 0.1434, 0.1434, 0.1434, 0.1434, 0.1228, 0.1228, 0.1228, 0.1228, 0.1228, 0.1228, 0.1228, 0.1228, 0.1228, 0.1228, 0.1575, 0.1575, 0.1575, 0.1575, 0.1575, 0.1575, 0.1575, 0.1575, 0.1575, 0.1575, 0.003, 0.003, 0.003, 0.003, 0.003, 0.003, 0.003, 0.003, 0.003, 0.003, 0.1203, 0.1203, 0.1203, 0.1203, 0.1203, 0.1203, 0.1203, 0.1203, 0.1203, 0.1203, 0.0592, 0.0592, 0.0592, 0.0592, 0.0592, 0.0592, 0.0592, 0.0592, 0.0592, 0.0592, 0.0583, 0.0583, 0.0583, 0.0583, 0.0583, 0.0583, 0.0583, 0.0583, 0.0583, 0.0583, 0.1772, 0.1772, 0.1772, 0.1772, 0.1772, 0.1772, 0.1772, 0.1772, 0.1772, 0.1772, 0.0034, 0.0034, 0.0034, 0.0034, 0.0034, 0.0034, 0.0034, 0.0034, 0.0034, 0.0034, 0.0589, 0.0589, 0.0589, 0.0589, 0.0589, 0.0589, 0.0589, 0.0589, 0.0589, 0.0589, 0.1833, 0.1833, 0.1833, 0.1833, 0.1833, 0.1833, 0.1833, 0.1833, 0.1833, 0.1833, 0.016, 0.016, 0.016, 0.016, 0.016, 0.016, 0.016, 0.016, 0.016, 0.016, 0.1192, 0.1192, 0.1192, 0.1192, 0.1192, 0.1192, 0.1192, 0.1192, 0.1192, 0.1192, 0.2014, 0.2014, 0.2014, 0.2014, 0.2014, 0.2014, 0.2014, 0.2014, 0.2014, 0.2014, 0.0385, 0.0385, 0.0385, 0.0385, 0.0385, 0.0385, 0.0385, 0.0385, 0.0385, 0.0385, 0.0882, 0.0882, 0.0882, 0.0882, 0.0882, 0.0882, 0.0882, 0.0882, 0.0882, 0.0882, 0.0514, 0.0514, 0.0514, 0.0514, 0.0514, 0.0514, 0.0514, 0.0514, 0.0514, 0.0514, 0.0984, 0.0984, 0.0984, 0.0984, 0.0984, 0.0984, 0.0984, 0.0984, 0.0984, 0.0984, 0.0029, 0.0029, 0.0029, 0.0029, 0.0029, 0.0029, 0.0029, 0.0029, 0.0029, 0.0029, 0.2137, 0.2137, 0.2137, 0.2137, 0.2137, 0.2137, 0.2137, 0.2137, 0.2137, 0.2137, 0.0173, 0.0173, 0.0173, 0.0173, 0.0173, 0.0173, 0.0173, 0.0173, 0.0173, 0.0173, 0.1898, 0.1898, 0.1898, 0.1898, 0.1898, 0.1898, 0.1898, 0.1898, 0.1898, 0.1898, 0.083, 0.083, 0.083, 0.083, 0.083, 0.083, 0.083, 0.083, 0.083, 0.083, 0.2214, 0.2214, 0.2214, 0.2214, 0.2214, 0.2214, 0.2214, 0.2214, 0.2214, 0.2214, 0.0032, 0.0032, 0.0032, 0.0032, 0.0032, 0.0032, 0.0032, 0.0032, 0.0032, 0.0032, 0.0703, 0.0703, 0.0703, 0.0703, 0.0703, 0.0703, 0.0703, 0.0703, 0.0703, 0.0703, 0.0144, 0.0144, 0.0144, 0.0144, 0.0144, 0.0144, 0.0144, 0.0144, 0.0144, 0.0144, 0.1208, 0.1208, 0.1208, 0.1208, 0.1208, 0.1208, 0.1208, 0.1208, 0.1208, 0.1208, 0.1052, 0.1052, 0.1052, 0.1052, 0.1052, 0.1052, 0.1052, 0.1052, 0.1052, 0.1052, 0.0024, 0.0024, 0.0024, 0.0024, 0.0024, 0.0024, 0.0024, 0.0024, 0.0024, 0.0024, 0.06, 0.06, 0.06, 0.06, 0.06, 0.06, 0.06, 0.06, 0.06, 0.06, 0.2315, 0.2315, 0.2315, 0.2315, 0.2315, 0.2315, 0.2315, 0.2315, 0.2315, 0.2315]
Validation Loss:
[0.6043610572814941, 0.5867295265197754, 0.3383570611476898, 0.40548083186149597, 0.3459468483924866, 0.3570920526981354, 0.2944168746471405, 0.33707505464553833, 0.29119643568992615, 0.31511327624320984]
Train, Validation, Test split:
Train: 6222
Validation: 1755
Test: 887
