Accuracy: 0.8998875140607424
Classification Report:
              precision    recall  f1-score   support

     Assyria       0.93      0.94      0.93       608
   Babylonia       0.93      0.91      0.92       202
        West       0.58      0.59      0.59        79

    accuracy                           0.90       889
   macro avg       0.81      0.81      0.81       889
weighted avg       0.90      0.90      0.90       889

Training Loss:
[1.0353, 1.0353, 1.0353, 1.0353, 1.0353, 1.0353, 1.0353, 1.0353, 1.0353, 1.0353, 1.0327, 1.0327, 1.0327, 1.0327, 1.0327, 1.0327, 1.0327, 1.0327, 1.0327, 1.0327, 0.9291, 0.9291, 0.9291, 0.9291, 0.9291, 0.9291, 0.9291, 0.9291, 0.9291, 0.9291, 0.9226, 0.9226, 0.9226, 0.9226, 0.9226, 0.9226, 0.9226, 0.9226, 0.9226, 0.9226, 0.756, 0.756, 0.756, 0.756, 0.756, 0.756, 0.756, 0.756, 0.756, 0.756, 0.8383, 0.8383, 0.8383, 0.8383, 0.8383, 0.8383, 0.8383, 0.8383, 0.8383, 0.8383, 0.7207, 0.7207, 0.7207, 0.7207, 0.7207, 0.7207, 0.7207, 0.7207, 0.7207, 0.7207, 0.7962, 0.7962, 0.7962, 0.7962, 0.7962, 0.7962, 0.7962, 0.7962, 0.7962, 0.7962, 0.7857, 0.7857, 0.7857, 0.7857, 0.7857, 0.7857, 0.7857, 0.7857, 0.7857, 0.7857, 0.7079, 0.7079, 0.7079, 0.7079, 0.7079, 0.7079, 0.7079, 0.7079, 0.7079, 0.7079, 0.8191, 0.8191, 0.8191, 0.8191, 0.8191, 0.8191, 0.8191, 0.8191, 0.8191, 0.8191, 0.6464, 0.6464, 0.6464, 0.6464, 0.6464, 0.6464, 0.6464, 0.6464, 0.6464, 0.6464, 0.8137, 0.8137, 0.8137, 0.8137, 0.8137, 0.8137, 0.8137, 0.8137, 0.8137, 0.8137, 0.6119, 0.6119, 0.6119, 0.6119, 0.6119, 0.6119, 0.6119, 0.6119, 0.6119, 0.6119, 0.4532, 0.4532, 0.4532, 0.4532, 0.4532, 0.4532, 0.4532, 0.4532, 0.4532, 0.4532, 0.5868, 0.5868, 0.5868, 0.5868, 0.5868, 0.5868, 0.5868, 0.5868, 0.5868, 0.5868, 0.5565, 0.5565, 0.5565, 0.5565, 0.5565, 0.5565, 0.5565, 0.5565, 0.5565, 0.5565, 0.508, 0.508, 0.508, 0.508, 0.508, 0.508, 0.508, 0.508, 0.508, 0.508, 0.5325, 0.5325, 0.5325, 0.5325, 0.5325, 0.5325, 0.5325, 0.5325, 0.5325, 0.5325, 0.5148, 0.5148, 0.5148, 0.5148, 0.5148, 0.5148, 0.5148, 0.5148, 0.5148, 0.5148, 0.503, 0.503, 0.503, 0.503, 0.503, 0.503, 0.503, 0.503, 0.503, 0.503, 0.7751, 0.7751, 0.7751, 0.7751, 0.7751, 0.7751, 0.7751, 0.7751, 0.7751, 0.7751, 0.6461, 0.6461, 0.6461, 0.6461, 0.6461, 0.6461, 0.6461, 0.6461, 0.6461, 0.6461, 0.615, 0.615, 0.615, 0.615, 0.615, 0.615, 0.615, 0.615, 0.615, 0.615, 0.598, 0.598, 0.598, 0.598, 0.598, 0.598, 0.598, 0.598, 0.598, 0.598, 0.6553, 0.6553, 0.6553, 0.6553, 0.6553, 0.6553, 0.6553, 0.6553, 0.6553, 0.6553, 0.4905, 0.4905, 0.4905, 0.4905, 0.4905, 0.4905, 0.4905, 0.4905, 0.4905, 0.4905, 0.7472, 0.7472, 0.7472, 0.7472, 0.7472, 0.7472, 0.7472, 0.7472, 0.7472, 0.7472, 0.6448, 0.6448, 0.6448, 0.6448, 0.6448, 0.6448, 0.6448, 0.6448, 0.6448, 0.6448, 0.6456, 0.6456, 0.6456, 0.6456, 0.6456, 0.6456, 0.6456, 0.6456, 0.6456, 0.6456, 0.4978, 0.4978, 0.4978, 0.4978, 0.4978, 0.4978, 0.4978, 0.4978, 0.4978, 0.4978, 0.4364, 0.4364, 0.4364, 0.4364, 0.4364, 0.4364, 0.4364, 0.4364, 0.4364, 0.4364, 0.4805, 0.4805, 0.4805, 0.4805, 0.4805, 0.4805, 0.4805, 0.4805, 0.4805, 0.4805, 0.5778, 0.5778, 0.5778, 0.5778, 0.5778, 0.5778, 0.5778, 0.5778, 0.5778, 0.5778, 0.4727, 0.4727, 0.4727, 0.4727, 0.4727, 0.4727, 0.4727, 0.4727, 0.4727, 0.4727, 0.5664, 0.5664, 0.5664, 0.5664, 0.5664, 0.5664, 0.5664, 0.5664, 0.5664, 0.5664, 0.8395, 0.8395, 0.8395, 0.8395, 0.8395, 0.8395, 0.8395, 0.8395, 0.8395, 0.8395, 0.675, 0.675, 0.675, 0.675, 0.675, 0.675, 0.675, 0.675, 0.675, 0.675, 0.4797, 0.4797, 0.4797, 0.4797, 0.4797, 0.4797, 0.4797, 0.4797, 0.4797, 0.4797, 0.3535, 0.3535, 0.3535, 0.3535, 0.3535, 0.3535, 0.3535, 0.3535, 0.3535, 0.3535, 0.6545, 0.6545, 0.6545, 0.6545, 0.6545, 0.6545, 0.6545, 0.6545, 0.6545, 0.6545, 0.6294, 0.6294, 0.6294, 0.6294, 0.6294, 0.6294, 0.6294, 0.6294, 0.6294, 0.6294, 0.586, 0.586, 0.586, 0.586, 0.586, 0.586, 0.586, 0.586, 0.586, 0.586, 0.7011, 0.7011, 0.7011, 0.7011, 0.7011, 0.7011, 0.7011, 0.7011, 0.7011, 0.7011, 0.5577, 0.5577, 0.5577, 0.5577, 0.5577, 0.5577, 0.5577, 0.5577, 0.5577, 0.5577, 0.239, 0.239, 0.239, 0.239, 0.239, 0.239, 0.239, 0.239, 0.239, 0.239, 0.8586, 0.8586, 0.8586, 0.8586, 0.8586, 0.8586, 0.8586, 0.8586, 0.8586, 0.8586, 0.7223, 0.7223, 0.7223, 0.7223, 0.7223, 0.7223, 0.7223, 0.7223, 0.7223, 0.7223, 0.7117, 0.7117, 0.7117, 0.7117, 0.7117, 0.7117, 0.7117, 0.7117, 0.7117, 0.7117, 0.5074, 0.5074, 0.5074, 0.5074, 0.5074, 0.5074, 0.5074, 0.5074, 0.5074, 0.5074, 0.6309, 0.6309, 0.6309, 0.6309, 0.6309, 0.6309, 0.6309, 0.6309, 0.6309, 0.6309, 0.4482, 0.4482, 0.4482, 0.4482, 0.4482, 0.4482, 0.4482, 0.4482, 0.4482, 0.4482, 0.7386, 0.7386, 0.7386, 0.7386, 0.7386, 0.7386, 0.7386, 0.7386, 0.7386, 0.7386, 0.6097, 0.6097, 0.6097, 0.6097, 0.6097, 0.6097, 0.6097, 0.6097, 0.6097, 0.6097, 0.3934, 0.3934, 0.3934, 0.3934, 0.3934, 0.3934, 0.3934, 0.3934, 0.3934, 0.3934, 0.43, 0.43, 0.43, 0.43, 0.43, 0.43, 0.43, 0.43, 0.43, 0.43, 0.6404, 0.6404, 0.6404, 0.6404, 0.6404, 0.6404, 0.6404, 0.6404, 0.6404, 0.6404, 0.6355, 0.6355, 0.6355, 0.6355, 0.6355, 0.6355, 0.6355, 0.6355, 0.6355, 0.6355, 0.3278, 0.3278, 0.3278, 0.3278, 0.3278, 0.3278, 0.3278, 0.3278, 0.3278, 0.3278, 0.3187, 0.3187, 0.3187, 0.3187, 0.3187, 0.3187, 0.3187, 0.3187, 0.3187, 0.3187, 0.7589, 0.7589, 0.7589, 0.7589, 0.7589, 0.7589, 0.7589, 0.7589, 0.7589, 0.7589, 0.588, 0.588, 0.588, 0.588, 0.588, 0.588, 0.588, 0.588, 0.588, 0.588, 0.4728, 0.4728, 0.4728, 0.4728, 0.4728, 0.4728, 0.4728, 0.4728, 0.4728, 0.4728, 0.4745, 0.4745, 0.4745, 0.4745, 0.4745, 0.4745, 0.4745, 0.4745, 0.4745, 0.4745, 0.5958, 0.5958, 0.5958, 0.5958, 0.5958, 0.5958, 0.5958, 0.5958, 0.5958, 0.5958, 0.2776, 0.2776, 0.2776, 0.2776, 0.2776, 0.2776, 0.2776, 0.2776, 0.2776, 0.2776, 0.6142, 0.6142, 0.6142, 0.6142, 0.6142, 0.6142, 0.6142, 0.6142, 0.6142, 0.6142, 0.5592, 0.5592, 0.5592, 0.5592, 0.5592, 0.5592, 0.5592, 0.5592, 0.5592, 0.5592, 0.7903, 0.7903, 0.7903, 0.7903, 0.7903, 0.7903, 0.7903, 0.7903, 0.7903, 0.7903, 0.6094, 0.6094, 0.6094, 0.6094, 0.6094, 0.6094, 0.6094, 0.6094, 0.6094, 0.6094, 0.4851, 0.4851, 0.4851, 0.4851, 0.4851, 0.4851, 0.4851, 0.4851, 0.4851, 0.4851, 0.5696, 0.5696, 0.5696, 0.5696, 0.5696, 0.5696, 0.5696, 0.5696, 0.5696, 0.5696, 0.6791, 0.6791, 0.6791, 0.6791, 0.6791, 0.6791, 0.6791, 0.6791, 0.6791, 0.6791, 0.6695, 0.6695, 0.6695, 0.6695, 0.6695, 0.6695, 0.6695, 0.6695, 0.6695, 0.6695, 0.4141, 0.4141, 0.4141, 0.4141, 0.4141, 0.4141, 0.4141, 0.4141, 0.4141, 0.4141, 0.7192, 0.7192, 0.7192, 0.7192, 0.7192, 0.7192, 0.7192, 0.7192, 0.7192, 0.7192, 0.4281, 0.4281, 0.4281, 0.4281, 0.4281, 0.4281, 0.4281, 0.4281, 0.4281, 0.4281, 0.6535, 0.6535, 0.6535, 0.6535, 0.6535, 0.6535, 0.6535, 0.6535, 0.6535, 0.6535, 0.313, 0.313, 0.313, 0.313, 0.313, 0.313, 0.313, 0.313, 0.313, 0.313, 0.7501, 0.7501, 0.7501, 0.7501, 0.7501, 0.7501, 0.7501, 0.7501, 0.7501, 0.7501, 0.538, 0.538, 0.538, 0.538, 0.538, 0.538, 0.538, 0.538, 0.538, 0.538, 0.2994, 0.2994, 0.2994, 0.2994, 0.2994, 0.2994, 0.2994, 0.2994, 0.2994, 0.2994, 0.6738, 0.6738, 0.6738, 0.6738, 0.6738, 0.6738, 0.6738, 0.6738, 0.6738, 0.6738, 0.3468, 0.3468, 0.3468, 0.3468, 0.3468, 0.3468, 0.3468, 0.3468, 0.3468, 0.3468, 0.3457, 0.3457, 0.3457, 0.3457, 0.3457, 0.3457, 0.3457, 0.3457, 0.3457, 0.3457, 0.7146, 0.7146, 0.7146, 0.7146, 0.7146, 0.7146, 0.7146, 0.7146, 0.7146, 0.7146, 0.5303, 0.5303, 0.5303, 0.5303, 0.5303, 0.5303, 0.5303, 0.5303, 0.5303, 0.5303, 0.4397, 0.4397, 0.4397, 0.4397, 0.4397, 0.4397, 0.4397, 0.4397, 0.4397, 0.4397, 0.4592, 0.4592, 0.4592, 0.4592, 0.4592, 0.4592, 0.4592, 0.4592, 0.4592, 0.4592, 0.4296, 0.4296, 0.4296, 0.4296, 0.4296, 0.4296, 0.4296, 0.4296, 0.4296, 0.4296, 0.335, 0.335, 0.335, 0.335, 0.335, 0.335, 0.335, 0.335, 0.335, 0.335, 0.4377, 0.4377, 0.4377, 0.4377, 0.4377, 0.4377, 0.4377, 0.4377, 0.4377, 0.4377, 0.1899, 0.1899, 0.1899, 0.1899, 0.1899, 0.1899, 0.1899, 0.1899, 0.1899, 0.1899, 0.9914, 0.9914, 0.9914, 0.9914, 0.9914, 0.9914, 0.9914, 0.9914, 0.9914, 0.9914, 0.4046, 0.4046, 0.4046, 0.4046, 0.4046, 0.4046, 0.4046, 0.4046, 0.4046, 0.4046, 0.4525, 0.4525, 0.4525, 0.4525, 0.4525, 0.4525, 0.4525, 0.4525, 0.4525, 0.4525, 0.7235, 0.7235, 0.7235, 0.7235, 0.7235, 0.7235, 0.7235, 0.7235, 0.7235, 0.7235, 0.3919, 0.3919, 0.3919, 0.3919, 0.3919, 0.3919, 0.3919, 0.3919, 0.3919, 0.3919, 0.3904, 0.3904, 0.3904, 0.3904, 0.3904, 0.3904, 0.3904, 0.3904, 0.3904, 0.3904, 0.3418, 0.3418, 0.3418, 0.3418, 0.3418, 0.3418, 0.3418, 0.3418, 0.3418, 0.3418, 0.4779, 0.4779, 0.4779, 0.4779, 0.4779, 0.4779, 0.4779, 0.4779, 0.4779, 0.4779, 0.3377, 0.3377, 0.3377, 0.3377, 0.3377, 0.3377, 0.3377, 0.3377, 0.3377, 0.3377, 0.5805, 0.5805, 0.5805, 0.5805, 0.5805, 0.5805, 0.5805, 0.5805, 0.5805, 0.5805, 0.6466, 0.6466, 0.6466, 0.6466, 0.6466, 0.6466, 0.6466, 0.6466, 0.6466, 0.6466, 0.4971, 0.4971, 0.4971, 0.4971, 0.4971, 0.4971, 0.4971, 0.4971, 0.4971, 0.4971, 0.4832, 0.4832, 0.4832, 0.4832, 0.4832, 0.4832, 0.4832, 0.4832, 0.4832, 0.4832, 0.3719, 0.3719, 0.3719, 0.3719, 0.3719, 0.3719, 0.3719, 0.3719, 0.3719, 0.3719, 0.3584, 0.3584, 0.3584, 0.3584, 0.3584, 0.3584, 0.3584, 0.3584, 0.3584, 0.3584, 0.5799, 0.5799, 0.5799, 0.5799, 0.5799, 0.5799, 0.5799, 0.5799, 0.5799, 0.5799, 0.7018, 0.7018, 0.7018, 0.7018, 0.7018, 0.7018, 0.7018, 0.7018, 0.7018, 0.7018, 0.3104, 0.3104, 0.3104, 0.3104, 0.3104, 0.3104, 0.3104, 0.3104, 0.3104, 0.3104, 0.5256, 0.5256, 0.5256, 0.5256, 0.5256, 0.5256, 0.5256, 0.5256, 0.5256, 0.5256, 0.4365, 0.4365, 0.4365, 0.4365, 0.4365, 0.4365, 0.4365, 0.4365, 0.4365, 0.4365, 0.4778, 0.4778, 0.4778, 0.4778, 0.4778, 0.4778, 0.4778, 0.4778, 0.4778, 0.4778, 0.4607, 0.4607, 0.4607, 0.4607, 0.4607, 0.4607, 0.4607, 0.4607, 0.4607, 0.4607, 0.3109, 0.3109, 0.3109, 0.3109, 0.3109, 0.3109, 0.3109, 0.3109, 0.3109, 0.3109, 0.3801, 0.3801, 0.3801, 0.3801, 0.3801, 0.3801, 0.3801, 0.3801, 0.3801, 0.3801, 0.3744, 0.3744, 0.3744, 0.3744, 0.3744, 0.3744, 0.3744, 0.3744, 0.3744, 0.3744, 0.4278, 0.4278, 0.4278, 0.4278, 0.4278, 0.4278, 0.4278, 0.4278, 0.4278, 0.4278, 0.3702, 0.3702, 0.3702, 0.3702, 0.3702, 0.3702, 0.3702, 0.3702, 0.3702, 0.3702, 0.6045, 0.6045, 0.6045, 0.6045, 0.6045, 0.6045, 0.6045, 0.6045, 0.6045, 0.6045, 0.4238, 0.4238, 0.4238, 0.4238, 0.4238, 0.4238, 0.4238, 0.4238, 0.4238, 0.4238, 0.2875, 0.2875, 0.2875, 0.2875, 0.2875, 0.2875, 0.2875, 0.2875, 0.2875, 0.2875, 0.4951, 0.4951, 0.4951, 0.4951, 0.4951, 0.4951, 0.4951, 0.4951, 0.4951, 0.4951, 0.4654, 0.4654, 0.4654, 0.4654, 0.4654, 0.4654, 0.4654, 0.4654, 0.4654, 0.4654, 0.4203, 0.4203, 0.4203, 0.4203, 0.4203, 0.4203, 0.4203, 0.4203, 0.4203, 0.4203, 0.3374, 0.3374, 0.3374, 0.3374, 0.3374, 0.3374, 0.3374, 0.3374, 0.3374, 0.3374, 0.5914, 0.5914, 0.5914, 0.5914, 0.5914, 0.5914, 0.5914, 0.5914, 0.5914, 0.5914, 0.3881, 0.3881, 0.3881, 0.3881, 0.3881, 0.3881, 0.3881, 0.3881, 0.3881, 0.3881, 0.3876, 0.3876, 0.3876, 0.3876, 0.3876, 0.3876, 0.3876, 0.3876, 0.3876, 0.3876, 0.5706, 0.5706, 0.5706, 0.5706, 0.5706, 0.5706, 0.5706, 0.5706, 0.5706, 0.5706, 0.525, 0.525, 0.525, 0.525, 0.525, 0.525, 0.525, 0.525, 0.525, 0.525, 0.3004, 0.3004, 0.3004, 0.3004, 0.3004, 0.3004, 0.3004, 0.3004, 0.3004, 0.3004, 0.4212, 0.4212, 0.4212, 0.4212, 0.4212, 0.4212, 0.4212, 0.4212, 0.4212, 0.4212, 0.3566, 0.3566, 0.3566, 0.3566, 0.3566, 0.3566, 0.3566, 0.3566, 0.3566, 0.3566, 0.4912, 0.4912, 0.4912, 0.4912, 0.4912, 0.4912, 0.4912, 0.4912, 0.4912, 0.4912, 0.4629, 0.4629, 0.4629, 0.4629, 0.4629, 0.4629, 0.4629, 0.4629, 0.4629, 0.4629, 0.5205, 0.5205, 0.5205, 0.5205, 0.5205, 0.5205, 0.5205, 0.5205, 0.5205, 0.5205, 0.3153, 0.3153, 0.3153, 0.3153, 0.3153, 0.3153, 0.3153, 0.3153, 0.3153, 0.3153, 0.2586, 0.2586, 0.2586, 0.2586, 0.2586, 0.2586, 0.2586, 0.2586, 0.2586, 0.2586, 0.6109, 0.6109, 0.6109, 0.6109, 0.6109, 0.6109, 0.6109, 0.6109, 0.6109, 0.6109, 0.415, 0.415, 0.415, 0.415, 0.415, 0.415, 0.415, 0.415, 0.415, 0.415, 0.6013, 0.6013, 0.6013, 0.6013, 0.6013, 0.6013, 0.6013, 0.6013, 0.6013, 0.6013, 0.453, 0.453, 0.453, 0.453, 0.453, 0.453, 0.453, 0.453, 0.453, 0.453, 0.477, 0.477, 0.477, 0.477, 0.477, 0.477, 0.477, 0.477, 0.477, 0.477, 0.4088, 0.4088, 0.4088, 0.4088, 0.4088, 0.4088, 0.4088, 0.4088, 0.4088, 0.4088, 0.3458, 0.3458, 0.3458, 0.3458, 0.3458, 0.3458, 0.3458, 0.3458, 0.3458, 0.3458, 0.3982, 0.3982, 0.3982, 0.3982, 0.3982, 0.3982, 0.3982, 0.3982, 0.3982, 0.3982, 0.4811, 0.4811, 0.4811, 0.4811, 0.4811, 0.4811, 0.4811, 0.4811, 0.4811, 0.4811, 0.1839, 0.1839, 0.1839, 0.1839, 0.1839, 0.1839, 0.1839, 0.1839, 0.1839, 0.1839, 0.5658, 0.5658, 0.5658, 0.5658, 0.5658, 0.5658, 0.5658, 0.5658, 0.5658, 0.5658, 0.2894, 0.2894, 0.2894, 0.2894, 0.2894, 0.2894, 0.2894, 0.2894, 0.2894, 0.2894, 0.2934, 0.2934, 0.2934, 0.2934, 0.2934, 0.2934, 0.2934, 0.2934, 0.2934, 0.2934, 0.4375, 0.4375, 0.4375, 0.4375, 0.4375, 0.4375, 0.4375, 0.4375, 0.4375, 0.4375, 0.3137, 0.3137, 0.3137, 0.3137, 0.3137, 0.3137, 0.3137, 0.3137, 0.3137, 0.3137, 0.4041, 0.4041, 0.4041, 0.4041, 0.4041, 0.4041, 0.4041, 0.4041, 0.4041, 0.4041, 0.1051, 0.1051, 0.1051, 0.1051, 0.1051, 0.1051, 0.1051, 0.1051, 0.1051, 0.1051, 0.4836, 0.4836, 0.4836, 0.4836, 0.4836, 0.4836, 0.4836, 0.4836, 0.4836, 0.4836, 0.2842, 0.2842, 0.2842, 0.2842, 0.2842, 0.2842, 0.2842, 0.2842, 0.2842, 0.2842, 0.3086, 0.3086, 0.3086, 0.3086, 0.3086, 0.3086, 0.3086, 0.3086, 0.3086, 0.3086, 0.2542, 0.2542, 0.2542, 0.2542, 0.2542, 0.2542, 0.2542, 0.2542, 0.2542, 0.2542, 0.2961, 0.2961, 0.2961, 0.2961, 0.2961, 0.2961, 0.2961, 0.2961, 0.2961, 0.2961, 0.3094, 0.3094, 0.3094, 0.3094, 0.3094, 0.3094, 0.3094, 0.3094, 0.3094, 0.3094, 0.2047, 0.2047, 0.2047, 0.2047, 0.2047, 0.2047, 0.2047, 0.2047, 0.2047, 0.2047, 0.354, 0.354, 0.354, 0.354, 0.354, 0.354, 0.354, 0.354, 0.354, 0.354, 0.2418, 0.2418, 0.2418, 0.2418, 0.2418, 0.2418, 0.2418, 0.2418, 0.2418, 0.2418, 0.2672, 0.2672, 0.2672, 0.2672, 0.2672, 0.2672, 0.2672, 0.2672, 0.2672, 0.2672, 0.6295, 0.6295, 0.6295, 0.6295, 0.6295, 0.6295, 0.6295, 0.6295, 0.6295, 0.6295, 0.2041, 0.2041, 0.2041, 0.2041, 0.2041, 0.2041, 0.2041, 0.2041, 0.2041, 0.2041, 0.0203, 0.0203, 0.0203, 0.0203, 0.0203, 0.0203, 0.0203, 0.0203, 0.0203, 0.0203, 0.3523, 0.3523, 0.3523, 0.3523, 0.3523, 0.3523, 0.3523, 0.3523, 0.3523, 0.3523, 0.3557, 0.3557, 0.3557, 0.3557, 0.3557, 0.3557, 0.3557, 0.3557, 0.3557, 0.3557, 0.3315, 0.3315, 0.3315, 0.3315, 0.3315, 0.3315, 0.3315, 0.3315, 0.3315, 0.3315, 0.5268, 0.5268, 0.5268, 0.5268, 0.5268, 0.5268, 0.5268, 0.5268, 0.5268, 0.5268, 0.3066, 0.3066, 0.3066, 0.3066, 0.3066, 0.3066, 0.3066, 0.3066, 0.3066, 0.3066, 0.3163, 0.3163, 0.3163, 0.3163, 0.3163, 0.3163, 0.3163, 0.3163, 0.3163, 0.3163, 0.3384, 0.3384, 0.3384, 0.3384, 0.3384, 0.3384, 0.3384, 0.3384, 0.3384, 0.3384, 0.2972, 0.2972, 0.2972, 0.2972, 0.2972, 0.2972, 0.2972, 0.2972, 0.2972, 0.2972, 0.4023, 0.4023, 0.4023, 0.4023, 0.4023, 0.4023, 0.4023, 0.4023, 0.4023, 0.4023, 0.1364, 0.1364, 0.1364, 0.1364, 0.1364, 0.1364, 0.1364, 0.1364, 0.1364, 0.1364, 0.5428, 0.5428, 0.5428, 0.5428, 0.5428, 0.5428, 0.5428, 0.5428, 0.5428, 0.5428, 0.3878, 0.3878, 0.3878, 0.3878, 0.3878, 0.3878, 0.3878, 0.3878, 0.3878, 0.3878, 0.2162, 0.2162, 0.2162, 0.2162, 0.2162, 0.2162, 0.2162, 0.2162, 0.2162, 0.2162, 0.2379, 0.2379, 0.2379, 0.2379, 0.2379, 0.2379, 0.2379, 0.2379, 0.2379, 0.2379, 0.3318, 0.3318, 0.3318, 0.3318, 0.3318, 0.3318, 0.3318, 0.3318, 0.3318, 0.3318, 0.2276, 0.2276, 0.2276, 0.2276, 0.2276, 0.2276, 0.2276, 0.2276, 0.2276, 0.2276, 0.3585, 0.3585, 0.3585, 0.3585, 0.3585, 0.3585, 0.3585, 0.3585, 0.3585, 0.3585, 0.4078, 0.4078, 0.4078, 0.4078, 0.4078, 0.4078, 0.4078, 0.4078, 0.4078, 0.4078, 0.4722, 0.4722, 0.4722, 0.4722, 0.4722, 0.4722, 0.4722, 0.4722, 0.4722, 0.4722, 0.4022, 0.4022, 0.4022, 0.4022, 0.4022, 0.4022, 0.4022, 0.4022, 0.4022, 0.4022, 0.4408, 0.4408, 0.4408, 0.4408, 0.4408, 0.4408, 0.4408, 0.4408, 0.4408, 0.4408, 0.4701, 0.4701, 0.4701, 0.4701, 0.4701, 0.4701, 0.4701, 0.4701, 0.4701, 0.4701, 0.2356, 0.2356, 0.2356, 0.2356, 0.2356, 0.2356, 0.2356, 0.2356, 0.2356, 0.2356, 0.3702, 0.3702, 0.3702, 0.3702, 0.3702, 0.3702, 0.3702, 0.3702, 0.3702, 0.3702, 0.3071, 0.3071, 0.3071, 0.3071, 0.3071, 0.3071, 0.3071, 0.3071, 0.3071, 0.3071, 0.4766, 0.4766, 0.4766, 0.4766, 0.4766, 0.4766, 0.4766, 0.4766, 0.4766, 0.4766, 0.3109, 0.3109, 0.3109, 0.3109, 0.3109, 0.3109, 0.3109, 0.3109, 0.3109, 0.3109, 0.2513, 0.2513, 0.2513, 0.2513, 0.2513, 0.2513, 0.2513, 0.2513, 0.2513, 0.2513, 0.5595, 0.5595, 0.5595, 0.5595, 0.5595, 0.5595, 0.5595, 0.5595, 0.5595, 0.5595, 0.3668, 0.3668, 0.3668, 0.3668, 0.3668, 0.3668, 0.3668, 0.3668, 0.3668, 0.3668, 0.3097, 0.3097, 0.3097, 0.3097, 0.3097, 0.3097, 0.3097, 0.3097, 0.3097, 0.3097, 0.4345, 0.4345, 0.4345, 0.4345, 0.4345, 0.4345, 0.4345, 0.4345, 0.4345, 0.4345, 0.3288, 0.3288, 0.3288, 0.3288, 0.3288, 0.3288, 0.3288, 0.3288, 0.3288, 0.3288, 0.4178, 0.4178, 0.4178, 0.4178, 0.4178, 0.4178, 0.4178, 0.4178, 0.4178, 0.4178, 0.2754, 0.2754, 0.2754, 0.2754, 0.2754, 0.2754, 0.2754, 0.2754, 0.2754, 0.2754, 0.2099, 0.2099, 0.2099, 0.2099, 0.2099, 0.2099, 0.2099, 0.2099, 0.2099, 0.2099, 0.3201, 0.3201, 0.3201, 0.3201, 0.3201, 0.3201, 0.3201, 0.3201, 0.3201, 0.3201, 0.228, 0.228, 0.228, 0.228, 0.228, 0.228, 0.228, 0.228, 0.228, 0.228, 0.2964, 0.2964, 0.2964, 0.2964, 0.2964, 0.2964, 0.2964, 0.2964, 0.2964, 0.2964, 0.2965, 0.2965, 0.2965, 0.2965, 0.2965, 0.2965, 0.2965, 0.2965, 0.2965, 0.2965, 0.6228, 0.6228, 0.6228, 0.6228, 0.6228, 0.6228, 0.6228, 0.6228, 0.6228, 0.6228, 0.3224, 0.3224, 0.3224, 0.3224, 0.3224, 0.3224, 0.3224, 0.3224, 0.3224, 0.3224, 0.1977, 0.1977, 0.1977, 0.1977, 0.1977, 0.1977, 0.1977, 0.1977, 0.1977, 0.1977, 0.3356, 0.3356, 0.3356, 0.3356, 0.3356, 0.3356, 0.3356, 0.3356, 0.3356, 0.3356, 0.2194, 0.2194, 0.2194, 0.2194, 0.2194, 0.2194, 0.2194, 0.2194, 0.2194, 0.2194, 0.3898, 0.3898, 0.3898, 0.3898, 0.3898, 0.3898, 0.3898, 0.3898, 0.3898, 0.3898, 0.1697, 0.1697, 0.1697, 0.1697, 0.1697, 0.1697, 0.1697, 0.1697, 0.1697, 0.1697, 0.2751, 0.2751, 0.2751, 0.2751, 0.2751, 0.2751, 0.2751, 0.2751, 0.2751, 0.2751, 0.4641, 0.4641, 0.4641, 0.4641, 0.4641, 0.4641, 0.4641, 0.4641, 0.4641, 0.4641, 0.4728, 0.4728, 0.4728, 0.4728, 0.4728, 0.4728, 0.4728, 0.4728, 0.4728, 0.4728, 0.1844, 0.1844, 0.1844, 0.1844, 0.1844, 0.1844, 0.1844, 0.1844, 0.1844, 0.1844, 0.5228, 0.5228, 0.5228, 0.5228, 0.5228, 0.5228, 0.5228, 0.5228, 0.5228, 0.5228, 0.3668, 0.3668, 0.3668, 0.3668, 0.3668, 0.3668, 0.3668, 0.3668, 0.3668, 0.3668, 0.3515, 0.3515, 0.3515, 0.3515, 0.3515, 0.3515, 0.3515, 0.3515, 0.3515, 0.3515, 0.2488, 0.2488, 0.2488, 0.2488, 0.2488, 0.2488, 0.2488, 0.2488, 0.2488, 0.2488, 0.3385, 0.3385, 0.3385, 0.3385, 0.3385, 0.3385, 0.3385, 0.3385, 0.3385, 0.3385, 0.3736, 0.3736, 0.3736, 0.3736, 0.3736, 0.3736, 0.3736, 0.3736, 0.3736, 0.3736, 0.3778, 0.3778, 0.3778, 0.3778, 0.3778, 0.3778, 0.3778, 0.3778, 0.3778, 0.3778, 0.4175, 0.4175, 0.4175, 0.4175, 0.4175, 0.4175, 0.4175, 0.4175, 0.4175, 0.4175, 0.4903, 0.4903, 0.4903, 0.4903, 0.4903, 0.4903, 0.4903, 0.4903, 0.4903, 0.4903, 0.3042, 0.3042, 0.3042, 0.3042, 0.3042, 0.3042, 0.3042, 0.3042, 0.3042, 0.3042, 0.1442, 0.1442, 0.1442, 0.1442, 0.1442, 0.1442, 0.1442, 0.1442, 0.1442, 0.1442, 0.2019, 0.2019, 0.2019, 0.2019, 0.2019, 0.2019, 0.2019, 0.2019, 0.2019, 0.2019, 0.2983, 0.2983, 0.2983, 0.2983, 0.2983, 0.2983, 0.2983, 0.2983, 0.2983, 0.2983, 0.6166, 0.6166, 0.6166, 0.6166, 0.6166, 0.6166, 0.6166, 0.6166, 0.6166, 0.6166, 0.2548, 0.2548, 0.2548, 0.2548, 0.2548, 0.2548, 0.2548, 0.2548, 0.2548, 0.2548, 0.4602, 0.4602, 0.4602, 0.4602, 0.4602, 0.4602, 0.4602, 0.4602, 0.4602, 0.4602, 0.2043, 0.2043, 0.2043, 0.2043, 0.2043, 0.2043, 0.2043, 0.2043, 0.2043, 0.2043, 0.4802, 0.4802, 0.4802, 0.4802, 0.4802, 0.4802, 0.4802, 0.4802, 0.4802, 0.4802, 0.1205, 0.1205, 0.1205, 0.1205, 0.1205, 0.1205, 0.1205, 0.1205, 0.1205, 0.1205, 0.3248, 0.3248, 0.3248, 0.3248, 0.3248, 0.3248, 0.3248, 0.3248, 0.3248, 0.3248, 0.3338, 0.3338, 0.3338, 0.3338, 0.3338, 0.3338, 0.3338, 0.3338, 0.3338, 0.3338, 0.1678, 0.1678, 0.1678, 0.1678, 0.1678, 0.1678, 0.1678, 0.1678, 0.1678, 0.1678, 0.1675, 0.1675, 0.1675, 0.1675, 0.1675, 0.1675, 0.1675, 0.1675, 0.1675, 0.1675, 0.0829, 0.0829, 0.0829, 0.0829, 0.0829, 0.0829, 0.0829, 0.0829, 0.0829, 0.0829, 0.2876, 0.2876, 0.2876, 0.2876, 0.2876, 0.2876, 0.2876, 0.2876, 0.2876, 0.2876, 0.2264, 0.2264, 0.2264, 0.2264, 0.2264, 0.2264, 0.2264, 0.2264, 0.2264, 0.2264, 0.2813, 0.2813, 0.2813, 0.2813, 0.2813, 0.2813, 0.2813, 0.2813, 0.2813, 0.2813, 0.4413, 0.4413, 0.4413, 0.4413, 0.4413, 0.4413, 0.4413, 0.4413, 0.4413, 0.4413, 0.2695, 0.2695, 0.2695, 0.2695, 0.2695, 0.2695, 0.2695, 0.2695, 0.2695, 0.2695, 0.3163, 0.3163, 0.3163, 0.3163, 0.3163, 0.3163, 0.3163, 0.3163, 0.3163, 0.3163, 0.0953, 0.0953, 0.0953, 0.0953, 0.0953, 0.0953, 0.0953, 0.0953, 0.0953, 0.0953, 0.1431, 0.1431, 0.1431, 0.1431, 0.1431, 0.1431, 0.1431, 0.1431, 0.1431, 0.1431, 0.2643, 0.2643, 0.2643, 0.2643, 0.2643, 0.2643, 0.2643, 0.2643, 0.2643, 0.2643, 0.2821, 0.2821, 0.2821, 0.2821, 0.2821, 0.2821, 0.2821, 0.2821, 0.2821, 0.2821, 0.2013, 0.2013, 0.2013, 0.2013, 0.2013, 0.2013, 0.2013, 0.2013, 0.2013, 0.2013, 0.3402, 0.3402, 0.3402, 0.3402, 0.3402, 0.3402, 0.3402, 0.3402, 0.3402, 0.3402, 0.0922, 0.0922, 0.0922, 0.0922, 0.0922, 0.0922, 0.0922, 0.0922, 0.0922, 0.0922, 0.391, 0.391, 0.391, 0.391, 0.391, 0.391, 0.391, 0.391, 0.391, 0.391, 0.3451, 0.3451, 0.3451, 0.3451, 0.3451, 0.3451, 0.3451, 0.3451, 0.3451, 0.3451, 0.3898, 0.3898, 0.3898, 0.3898, 0.3898, 0.3898, 0.3898, 0.3898, 0.3898, 0.3898, 0.1355, 0.1355, 0.1355, 0.1355, 0.1355, 0.1355, 0.1355, 0.1355, 0.1355, 0.1355, 0.6541, 0.6541, 0.6541, 0.6541, 0.6541, 0.6541, 0.6541, 0.6541, 0.6541, 0.6541, 0.2211, 0.2211, 0.2211, 0.2211, 0.2211, 0.2211, 0.2211, 0.2211, 0.2211, 0.2211, 0.1511, 0.1511, 0.1511, 0.1511, 0.1511, 0.1511, 0.1511, 0.1511, 0.1511, 0.1511, 0.4126, 0.4126, 0.4126, 0.4126, 0.4126, 0.4126, 0.4126, 0.4126, 0.4126, 0.4126, 0.4525, 0.4525, 0.4525, 0.4525, 0.4525, 0.4525, 0.4525, 0.4525, 0.4525, 0.4525, 0.2869, 0.2869, 0.2869, 0.2869, 0.2869, 0.2869, 0.2869, 0.2869, 0.2869, 0.2869, 0.292, 0.292, 0.292, 0.292, 0.292, 0.292, 0.292, 0.292, 0.292, 0.292, 0.1423, 0.1423, 0.1423, 0.1423, 0.1423, 0.1423, 0.1423, 0.1423, 0.1423, 0.1423, 0.1297, 0.1297, 0.1297, 0.1297, 0.1297, 0.1297, 0.1297, 0.1297, 0.1297, 0.1297, 0.2392, 0.2392, 0.2392, 0.2392, 0.2392, 0.2392, 0.2392, 0.2392, 0.2392, 0.2392, 0.2848, 0.2848, 0.2848, 0.2848, 0.2848, 0.2848, 0.2848, 0.2848, 0.2848, 0.2848, 0.1833, 0.1833, 0.1833, 0.1833, 0.1833, 0.1833, 0.1833, 0.1833, 0.1833, 0.1833, 0.2008, 0.2008, 0.2008, 0.2008, 0.2008, 0.2008, 0.2008, 0.2008, 0.2008, 0.2008, 0.4012, 0.4012, 0.4012, 0.4012, 0.4012, 0.4012, 0.4012, 0.4012, 0.4012, 0.4012, 0.2878, 0.2878, 0.2878, 0.2878, 0.2878, 0.2878, 0.2878, 0.2878, 0.2878, 0.2878, 0.2032, 0.2032, 0.2032, 0.2032, 0.2032, 0.2032, 0.2032, 0.2032, 0.2032, 0.2032, 0.2237, 0.2237, 0.2237, 0.2237, 0.2237, 0.2237, 0.2237, 0.2237, 0.2237, 0.2237, 0.2993, 0.2993, 0.2993, 0.2993, 0.2993, 0.2993, 0.2993, 0.2993, 0.2993, 0.2993, 0.1754, 0.1754, 0.1754, 0.1754, 0.1754, 0.1754, 0.1754, 0.1754, 0.1754, 0.1754, 0.0156, 0.0156, 0.0156, 0.0156, 0.0156, 0.0156, 0.0156, 0.0156, 0.0156, 0.0156, 0.3721, 0.3721, 0.3721, 0.3721, 0.3721, 0.3721, 0.3721, 0.3721, 0.3721, 0.3721, 0.171, 0.171, 0.171, 0.171, 0.171, 0.171, 0.171, 0.171, 0.171, 0.171, 0.1199, 0.1199, 0.1199, 0.1199, 0.1199, 0.1199, 0.1199, 0.1199, 0.1199, 0.1199, 0.4158, 0.4158, 0.4158, 0.4158, 0.4158, 0.4158, 0.4158, 0.4158, 0.4158, 0.4158, 0.2545, 0.2545, 0.2545, 0.2545, 0.2545, 0.2545, 0.2545, 0.2545, 0.2545, 0.2545, 0.0683, 0.0683, 0.0683, 0.0683, 0.0683, 0.0683, 0.0683, 0.0683, 0.0683, 0.0683, 0.2941, 0.2941, 0.2941, 0.2941, 0.2941, 0.2941, 0.2941, 0.2941, 0.2941, 0.2941, 0.2819, 0.2819, 0.2819, 0.2819, 0.2819, 0.2819, 0.2819, 0.2819, 0.2819, 0.2819, 0.2619, 0.2619, 0.2619, 0.2619, 0.2619, 0.2619, 0.2619, 0.2619, 0.2619, 0.2619, 0.2901, 0.2901, 0.2901, 0.2901, 0.2901, 0.2901, 0.2901, 0.2901, 0.2901, 0.2901, 0.262, 0.262, 0.262, 0.262, 0.262, 0.262, 0.262, 0.262, 0.262, 0.262, 0.2778, 0.2778, 0.2778, 0.2778, 0.2778, 0.2778, 0.2778, 0.2778, 0.2778, 0.2778, 0.3905, 0.3905, 0.3905, 0.3905, 0.3905, 0.3905, 0.3905, 0.3905, 0.3905, 0.3905, 0.4499, 0.4499, 0.4499, 0.4499, 0.4499, 0.4499, 0.4499, 0.4499, 0.4499, 0.4499, 0.252, 0.252, 0.252, 0.252, 0.252, 0.252, 0.252, 0.252, 0.252, 0.252, 0.1243, 0.1243, 0.1243, 0.1243, 0.1243, 0.1243, 0.1243, 0.1243, 0.1243, 0.1243, 0.137, 0.137, 0.137, 0.137, 0.137, 0.137, 0.137, 0.137, 0.137, 0.137, 0.3638, 0.3638, 0.3638, 0.3638, 0.3638, 0.3638, 0.3638, 0.3638, 0.3638, 0.3638, 0.0669, 0.0669, 0.0669, 0.0669, 0.0669, 0.0669, 0.0669, 0.0669, 0.0669, 0.0669, 0.0843, 0.0843, 0.0843, 0.0843, 0.0843, 0.0843, 0.0843, 0.0843, 0.0843, 0.0843, 0.6928, 0.6928, 0.6928, 0.6928, 0.6928, 0.6928, 0.6928, 0.6928, 0.6928, 0.6928, 0.3895, 0.3895, 0.3895, 0.3895, 0.3895, 0.3895, 0.3895, 0.3895, 0.3895, 0.3895, 0.2753, 0.2753, 0.2753, 0.2753, 0.2753, 0.2753, 0.2753, 0.2753, 0.2753, 0.2753, 0.5114, 0.5114, 0.5114, 0.5114, 0.5114, 0.5114, 0.5114, 0.5114, 0.5114, 0.5114, 0.1564, 0.1564, 0.1564, 0.1564, 0.1564, 0.1564, 0.1564, 0.1564, 0.1564, 0.1564, 0.0639, 0.0639, 0.0639, 0.0639, 0.0639, 0.0639, 0.0639, 0.0639, 0.0639, 0.0639, 0.2914, 0.2914, 0.2914, 0.2914, 0.2914, 0.2914, 0.2914, 0.2914, 0.2914, 0.2914, 0.2979, 0.2979, 0.2979, 0.2979, 0.2979, 0.2979, 0.2979, 0.2979, 0.2979, 0.2979, 0.2193, 0.2193, 0.2193, 0.2193, 0.2193, 0.2193, 0.2193, 0.2193, 0.2193, 0.2193, 0.0799, 0.0799, 0.0799, 0.0799, 0.0799, 0.0799, 0.0799, 0.0799, 0.0799, 0.0799, 0.404, 0.404, 0.404, 0.404, 0.404, 0.404, 0.404, 0.404, 0.404, 0.404, 0.0778, 0.0778, 0.0778, 0.0778, 0.0778, 0.0778, 0.0778, 0.0778, 0.0778, 0.0778, 0.2409, 0.2409, 0.2409, 0.2409, 0.2409, 0.2409, 0.2409, 0.2409, 0.2409, 0.2409, 0.1137, 0.1137, 0.1137, 0.1137, 0.1137, 0.1137, 0.1137, 0.1137, 0.1137, 0.1137, 0.153, 0.153, 0.153, 0.153, 0.153, 0.153, 0.153, 0.153, 0.153, 0.153, 0.196, 0.196, 0.196, 0.196, 0.196, 0.196, 0.196, 0.196, 0.196, 0.196, 0.4039, 0.4039, 0.4039, 0.4039, 0.4039, 0.4039, 0.4039, 0.4039, 0.4039, 0.4039, 0.1106, 0.1106, 0.1106, 0.1106, 0.1106, 0.1106, 0.1106, 0.1106, 0.1106, 0.1106, 0.2894, 0.2894, 0.2894, 0.2894, 0.2894, 0.2894, 0.2894, 0.2894, 0.2894, 0.2894, 0.2033, 0.2033, 0.2033, 0.2033, 0.2033, 0.2033, 0.2033, 0.2033, 0.2033, 0.2033, 0.5097, 0.5097, 0.5097, 0.5097, 0.5097, 0.5097, 0.5097, 0.5097, 0.5097, 0.5097, 0.175, 0.175, 0.175, 0.175, 0.175, 0.175, 0.175, 0.175, 0.175, 0.175, 0.1069, 0.1069, 0.1069, 0.1069, 0.1069, 0.1069, 0.1069, 0.1069, 0.1069, 0.1069, 0.4849, 0.4849, 0.4849, 0.4849, 0.4849, 0.4849, 0.4849, 0.4849, 0.4849, 0.4849, 0.3583, 0.3583, 0.3583, 0.3583, 0.3583, 0.3583, 0.3583, 0.3583, 0.3583, 0.3583, 0.1535, 0.1535, 0.1535, 0.1535, 0.1535, 0.1535, 0.1535, 0.1535, 0.1535, 0.1535, 0.0089, 0.0089, 0.0089, 0.0089, 0.0089, 0.0089, 0.0089, 0.0089, 0.0089, 0.0089, 0.106, 0.106, 0.106, 0.106, 0.106, 0.106, 0.106, 0.106, 0.106, 0.106, 0.1425, 0.1425, 0.1425, 0.1425, 0.1425, 0.1425, 0.1425, 0.1425, 0.1425, 0.1425, 0.156, 0.156, 0.156, 0.156, 0.156, 0.156, 0.156, 0.156, 0.156, 0.156, 0.1456, 0.1456, 0.1456, 0.1456, 0.1456, 0.1456, 0.1456, 0.1456, 0.1456, 0.1456, 0.3181, 0.3181, 0.3181, 0.3181, 0.3181, 0.3181, 0.3181, 0.3181, 0.3181, 0.3181, 0.3011, 0.3011, 0.3011, 0.3011, 0.3011, 0.3011, 0.3011, 0.3011, 0.3011, 0.3011, 0.3167, 0.3167, 0.3167, 0.3167, 0.3167, 0.3167, 0.3167, 0.3167, 0.3167, 0.3167, 0.126, 0.126, 0.126, 0.126, 0.126, 0.126, 0.126, 0.126, 0.126, 0.126, 0.148, 0.148, 0.148, 0.148, 0.148, 0.148, 0.148, 0.148, 0.148, 0.148, 0.202, 0.202, 0.202, 0.202, 0.202, 0.202, 0.202, 0.202, 0.202, 0.202, 0.2236, 0.2236, 0.2236, 0.2236, 0.2236, 0.2236, 0.2236, 0.2236, 0.2236, 0.2236, 0.1271, 0.1271, 0.1271, 0.1271, 0.1271, 0.1271, 0.1271, 0.1271, 0.1271, 0.1271, 0.3485, 0.3485, 0.3485, 0.3485, 0.3485, 0.3485, 0.3485, 0.3485, 0.3485, 0.3485, 0.3584, 0.3584, 0.3584, 0.3584, 0.3584, 0.3584, 0.3584, 0.3584, 0.3584, 0.3584, 0.2253, 0.2253, 0.2253, 0.2253, 0.2253, 0.2253, 0.2253, 0.2253, 0.2253, 0.2253, 0.2423, 0.2423, 0.2423, 0.2423, 0.2423, 0.2423, 0.2423, 0.2423, 0.2423, 0.2423, 0.0928, 0.0928, 0.0928, 0.0928, 0.0928, 0.0928, 0.0928, 0.0928, 0.0928, 0.0928, 0.115, 0.115, 0.115, 0.115, 0.115, 0.115, 0.115, 0.115, 0.115, 0.115, 0.3797, 0.3797, 0.3797, 0.3797, 0.3797, 0.3797, 0.3797, 0.3797, 0.3797, 0.3797, 0.0104, 0.0104, 0.0104, 0.0104, 0.0104, 0.0104, 0.0104, 0.0104, 0.0104, 0.0104, 0.2047, 0.2047, 0.2047, 0.2047, 0.2047, 0.2047, 0.2047, 0.2047, 0.2047, 0.2047, 0.095, 0.095, 0.095, 0.095, 0.095, 0.095, 0.095, 0.095, 0.095, 0.095, 0.2195, 0.2195, 0.2195, 0.2195, 0.2195, 0.2195, 0.2195, 0.2195, 0.2195, 0.2195, 0.1884, 0.1884, 0.1884, 0.1884, 0.1884, 0.1884, 0.1884, 0.1884, 0.1884, 0.1884, 0.12, 0.12, 0.12, 0.12, 0.12, 0.12, 0.12, 0.12, 0.12, 0.12, 0.2138, 0.2138, 0.2138, 0.2138, 0.2138, 0.2138, 0.2138, 0.2138, 0.2138, 0.2138, 0.117, 0.117, 0.117, 0.117, 0.117, 0.117, 0.117, 0.117, 0.117, 0.117, 0.1505, 0.1505, 0.1505, 0.1505, 0.1505, 0.1505, 0.1505, 0.1505, 0.1505, 0.1505, 0.1986, 0.1986, 0.1986, 0.1986, 0.1986, 0.1986, 0.1986, 0.1986, 0.1986, 0.1986, 0.2413, 0.2413, 0.2413, 0.2413, 0.2413, 0.2413, 0.2413, 0.2413, 0.2413, 0.2413, 0.2971, 0.2971, 0.2971, 0.2971, 0.2971, 0.2971, 0.2971, 0.2971, 0.2971, 0.2971, 0.1102, 0.1102, 0.1102, 0.1102, 0.1102, 0.1102, 0.1102, 0.1102, 0.1102, 0.1102, 0.2223, 0.2223, 0.2223, 0.2223, 0.2223, 0.2223, 0.2223, 0.2223, 0.2223, 0.2223, 0.076, 0.076, 0.076, 0.076, 0.076, 0.076, 0.076, 0.076, 0.076, 0.076, 0.2239, 0.2239, 0.2239, 0.2239, 0.2239, 0.2239, 0.2239, 0.2239, 0.2239, 0.2239, 0.1392, 0.1392, 0.1392, 0.1392, 0.1392, 0.1392, 0.1392, 0.1392, 0.1392, 0.1392, 0.4366, 0.4366, 0.4366, 0.4366, 0.4366, 0.4366, 0.4366, 0.4366, 0.4366, 0.4366, 0.1416, 0.1416, 0.1416, 0.1416, 0.1416, 0.1416, 0.1416, 0.1416, 0.1416, 0.1416, 0.1356, 0.1356, 0.1356, 0.1356, 0.1356, 0.1356, 0.1356, 0.1356, 0.1356, 0.1356, 0.3466, 0.3466, 0.3466, 0.3466, 0.3466, 0.3466, 0.3466, 0.3466, 0.3466, 0.3466, 0.1239, 0.1239, 0.1239, 0.1239, 0.1239, 0.1239, 0.1239, 0.1239, 0.1239, 0.1239, 0.3691, 0.3691, 0.3691, 0.3691, 0.3691, 0.3691, 0.3691, 0.3691, 0.3691, 0.3691, 0.1855, 0.1855, 0.1855, 0.1855, 0.1855, 0.1855, 0.1855, 0.1855, 0.1855, 0.1855, 0.5406, 0.5406, 0.5406, 0.5406, 0.5406, 0.5406, 0.5406, 0.5406, 0.5406, 0.5406, 0.1392, 0.1392, 0.1392, 0.1392, 0.1392, 0.1392, 0.1392, 0.1392, 0.1392, 0.1392, 0.0502, 0.0502, 0.0502, 0.0502, 0.0502, 0.0502, 0.0502, 0.0502, 0.0502, 0.0502, 0.0814, 0.0814, 0.0814, 0.0814, 0.0814, 0.0814, 0.0814, 0.0814, 0.0814, 0.0814, 0.0868, 0.0868, 0.0868, 0.0868, 0.0868, 0.0868, 0.0868, 0.0868, 0.0868, 0.0868, 0.1351, 0.1351, 0.1351, 0.1351, 0.1351, 0.1351, 0.1351, 0.1351, 0.1351, 0.1351, 0.0765, 0.0765, 0.0765, 0.0765, 0.0765, 0.0765, 0.0765, 0.0765, 0.0765, 0.0765, 0.2568, 0.2568, 0.2568, 0.2568, 0.2568, 0.2568, 0.2568, 0.2568, 0.2568, 0.2568, 0.0798, 0.0798, 0.0798, 0.0798, 0.0798, 0.0798, 0.0798, 0.0798, 0.0798, 0.0798, 0.128, 0.128, 0.128, 0.128, 0.128, 0.128, 0.128, 0.128, 0.128, 0.128, 0.2065, 0.2065, 0.2065, 0.2065, 0.2065, 0.2065, 0.2065, 0.2065, 0.2065, 0.2065, 0.1228, 0.1228, 0.1228, 0.1228, 0.1228, 0.1228, 0.1228, 0.1228, 0.1228, 0.1228, 0.3563, 0.3563, 0.3563, 0.3563, 0.3563, 0.3563, 0.3563, 0.3563, 0.3563, 0.3563, 0.216, 0.216, 0.216, 0.216, 0.216, 0.216, 0.216, 0.216, 0.216, 0.216, 0.0702, 0.0702, 0.0702, 0.0702, 0.0702, 0.0702, 0.0702, 0.0702, 0.0702, 0.0702, 0.0053, 0.0053, 0.0053, 0.0053, 0.0053, 0.0053, 0.0053, 0.0053, 0.0053, 0.0053, 0.1139, 0.1139, 0.1139, 0.1139, 0.1139, 0.1139, 0.1139, 0.1139, 0.1139, 0.1139, 0.0682, 0.0682, 0.0682, 0.0682, 0.0682, 0.0682, 0.0682, 0.0682, 0.0682, 0.0682, 0.2439, 0.2439, 0.2439, 0.2439, 0.2439, 0.2439, 0.2439, 0.2439, 0.2439, 0.2439, 0.1083, 0.1083, 0.1083, 0.1083, 0.1083, 0.1083, 0.1083, 0.1083, 0.1083, 0.1083, 0.0126, 0.0126, 0.0126, 0.0126, 0.0126, 0.0126, 0.0126, 0.0126, 0.0126, 0.0126, 0.203, 0.203, 0.203, 0.203, 0.203, 0.203, 0.203, 0.203, 0.203, 0.203, 0.1109, 0.1109, 0.1109, 0.1109, 0.1109, 0.1109, 0.1109, 0.1109, 0.1109, 0.1109, 0.35, 0.35, 0.35, 0.35, 0.35, 0.35, 0.35, 0.35, 0.35, 0.35, 0.3346, 0.3346, 0.3346, 0.3346, 0.3346, 0.3346, 0.3346, 0.3346, 0.3346, 0.3346, 0.0804, 0.0804, 0.0804, 0.0804, 0.0804, 0.0804, 0.0804, 0.0804, 0.0804, 0.0804, 0.0163, 0.0163, 0.0163, 0.0163, 0.0163, 0.0163, 0.0163, 0.0163, 0.0163, 0.0163, 0.2979, 0.2979, 0.2979, 0.2979, 0.2979, 0.2979, 0.2979, 0.2979, 0.2979, 0.2979, 0.0458, 0.0458, 0.0458, 0.0458, 0.0458, 0.0458, 0.0458, 0.0458, 0.0458, 0.0458, 0.1868, 0.1868, 0.1868, 0.1868, 0.1868, 0.1868, 0.1868, 0.1868, 0.1868, 0.1868, 0.1678, 0.1678, 0.1678, 0.1678, 0.1678, 0.1678, 0.1678, 0.1678, 0.1678, 0.1678, 0.2196, 0.2196, 0.2196, 0.2196, 0.2196, 0.2196, 0.2196, 0.2196, 0.2196, 0.2196, 0.4781, 0.4781, 0.4781, 0.4781, 0.4781, 0.4781, 0.4781, 0.4781, 0.4781, 0.4781, 0.2116, 0.2116, 0.2116, 0.2116, 0.2116, 0.2116, 0.2116, 0.2116, 0.2116, 0.2116, 0.2619, 0.2619, 0.2619, 0.2619, 0.2619, 0.2619, 0.2619, 0.2619, 0.2619, 0.2619, 0.1401, 0.1401, 0.1401, 0.1401, 0.1401, 0.1401, 0.1401, 0.1401, 0.1401, 0.1401, 0.1247, 0.1247, 0.1247, 0.1247, 0.1247, 0.1247, 0.1247, 0.1247, 0.1247, 0.1247, 0.161, 0.161, 0.161, 0.161, 0.161, 0.161, 0.161, 0.161, 0.161, 0.161, 0.0942, 0.0942, 0.0942, 0.0942, 0.0942, 0.0942, 0.0942, 0.0942, 0.0942, 0.0942, 0.0058, 0.0058, 0.0058, 0.0058, 0.0058, 0.0058, 0.0058, 0.0058, 0.0058, 0.0058, 0.2985, 0.2985, 0.2985, 0.2985, 0.2985, 0.2985, 0.2985, 0.2985, 0.2985, 0.2985, 0.0918, 0.0918, 0.0918, 0.0918, 0.0918, 0.0918, 0.0918, 0.0918, 0.0918, 0.0918, 0.2313, 0.2313, 0.2313, 0.2313, 0.2313, 0.2313, 0.2313, 0.2313, 0.2313, 0.2313, 0.0893, 0.0893, 0.0893, 0.0893, 0.0893, 0.0893, 0.0893, 0.0893, 0.0893, 0.0893, 0.2261, 0.2261, 0.2261, 0.2261, 0.2261, 0.2261, 0.2261, 0.2261, 0.2261, 0.2261, 0.1381, 0.1381, 0.1381, 0.1381, 0.1381, 0.1381, 0.1381, 0.1381, 0.1381, 0.1381, 0.094, 0.094, 0.094, 0.094, 0.094, 0.094, 0.094, 0.094, 0.094, 0.094, 0.1371, 0.1371, 0.1371, 0.1371, 0.1371, 0.1371, 0.1371, 0.1371, 0.1371, 0.1371, 0.2428, 0.2428, 0.2428, 0.2428, 0.2428, 0.2428, 0.2428, 0.2428, 0.2428, 0.2428, 0.2006, 0.2006, 0.2006, 0.2006, 0.2006, 0.2006, 0.2006, 0.2006, 0.2006, 0.2006, 0.1593, 0.1593, 0.1593, 0.1593, 0.1593, 0.1593, 0.1593, 0.1593, 0.1593, 0.1593, 0.0074, 0.0074, 0.0074, 0.0074, 0.0074, 0.0074, 0.0074, 0.0074, 0.0074, 0.0074, 0.1615, 0.1615, 0.1615, 0.1615, 0.1615, 0.1615, 0.1615, 0.1615, 0.1615, 0.1615, 0.1039, 0.1039, 0.1039, 0.1039, 0.1039, 0.1039, 0.1039, 0.1039, 0.1039, 0.1039, 0.2469, 0.2469, 0.2469, 0.2469, 0.2469, 0.2469, 0.2469, 0.2469, 0.2469, 0.2469, 0.111, 0.111, 0.111, 0.111, 0.111, 0.111, 0.111, 0.111, 0.111, 0.111, 0.2011, 0.2011, 0.2011, 0.2011, 0.2011, 0.2011, 0.2011, 0.2011, 0.2011, 0.2011, 0.1531, 0.1531, 0.1531, 0.1531, 0.1531, 0.1531, 0.1531, 0.1531, 0.1531, 0.1531, 0.0519, 0.0519, 0.0519, 0.0519, 0.0519, 0.0519, 0.0519, 0.0519, 0.0519, 0.0519, 0.1416, 0.1416, 0.1416, 0.1416, 0.1416, 0.1416, 0.1416, 0.1416, 0.1416, 0.1416, 0.0977, 0.0977, 0.0977, 0.0977, 0.0977, 0.0977, 0.0977, 0.0977, 0.0977, 0.0977, 0.463, 0.463, 0.463, 0.463, 0.463, 0.463, 0.463, 0.463, 0.463, 0.463, 0.063, 0.063, 0.063, 0.063, 0.063, 0.063, 0.063, 0.063, 0.063, 0.063, 0.0419, 0.0419, 0.0419, 0.0419, 0.0419, 0.0419, 0.0419, 0.0419, 0.0419, 0.0419, 0.4242, 0.4242, 0.4242, 0.4242, 0.4242, 0.4242, 0.4242, 0.4242, 0.4242, 0.4242, 0.1378, 0.1378, 0.1378, 0.1378, 0.1378, 0.1378, 0.1378, 0.1378, 0.1378, 0.1378, 0.2494, 0.2494, 0.2494, 0.2494, 0.2494, 0.2494, 0.2494, 0.2494, 0.2494, 0.2494, 0.0843, 0.0843, 0.0843, 0.0843, 0.0843, 0.0843, 0.0843, 0.0843, 0.0843, 0.0843, 0.1184, 0.1184, 0.1184, 0.1184, 0.1184, 0.1184, 0.1184, 0.1184, 0.1184, 0.1184, 0.2189, 0.2189, 0.2189, 0.2189, 0.2189, 0.2189, 0.2189, 0.2189, 0.2189, 0.2189, 0.1623, 0.1623, 0.1623, 0.1623, 0.1623, 0.1623, 0.1623, 0.1623, 0.1623, 0.1623, 0.5652, 0.5652, 0.5652, 0.5652, 0.5652, 0.5652, 0.5652, 0.5652, 0.5652, 0.5652, 0.1847, 0.1847, 0.1847, 0.1847, 0.1847, 0.1847, 0.1847, 0.1847, 0.1847, 0.1847, 0.0918, 0.0918, 0.0918, 0.0918, 0.0918, 0.0918, 0.0918, 0.0918, 0.0918, 0.0918, 0.2451, 0.2451, 0.2451, 0.2451, 0.2451, 0.2451, 0.2451, 0.2451, 0.2451, 0.2451, 0.0133, 0.0133, 0.0133, 0.0133, 0.0133, 0.0133, 0.0133, 0.0133, 0.0133, 0.0133, 0.1299, 0.1299, 0.1299, 0.1299, 0.1299, 0.1299, 0.1299, 0.1299, 0.1299, 0.1299, 0.2076, 0.2076, 0.2076, 0.2076, 0.2076, 0.2076, 0.2076, 0.2076, 0.2076, 0.2076, 0.1696, 0.1696, 0.1696, 0.1696, 0.1696, 0.1696, 0.1696, 0.1696, 0.1696, 0.1696, 0.3386, 0.3386, 0.3386, 0.3386, 0.3386, 0.3386, 0.3386, 0.3386, 0.3386, 0.3386, 0.193, 0.193, 0.193, 0.193, 0.193, 0.193, 0.193, 0.193, 0.193, 0.193, 0.1458, 0.1458, 0.1458, 0.1458, 0.1458, 0.1458, 0.1458, 0.1458, 0.1458, 0.1458, 0.1934, 0.1934, 0.1934, 0.1934, 0.1934, 0.1934, 0.1934, 0.1934, 0.1934, 0.1934, 0.3978, 0.3978, 0.3978, 0.3978, 0.3978, 0.3978, 0.3978, 0.3978, 0.3978, 0.3978, 0.1952, 0.1952, 0.1952, 0.1952, 0.1952, 0.1952, 0.1952, 0.1952, 0.1952, 0.1952, 0.2253, 0.2253, 0.2253, 0.2253, 0.2253, 0.2253, 0.2253, 0.2253, 0.2253, 0.2253, 0.2269, 0.2269, 0.2269, 0.2269, 0.2269, 0.2269, 0.2269, 0.2269, 0.2269, 0.2269, 0.1941, 0.1941, 0.1941, 0.1941, 0.1941, 0.1941, 0.1941, 0.1941, 0.1941, 0.1941, 0.2232, 0.2232, 0.2232, 0.2232, 0.2232, 0.2232, 0.2232, 0.2232, 0.2232, 0.2232, 0.1948, 0.1948, 0.1948, 0.1948, 0.1948, 0.1948, 0.1948, 0.1948, 0.1948, 0.1948, 0.0467, 0.0467, 0.0467, 0.0467, 0.0467, 0.0467, 0.0467, 0.0467, 0.0467, 0.0467, 0.1083, 0.1083, 0.1083, 0.1083, 0.1083, 0.1083, 0.1083, 0.1083, 0.1083, 0.1083, 0.0905, 0.0905, 0.0905, 0.0905, 0.0905, 0.0905, 0.0905, 0.0905, 0.0905, 0.0905, 0.1628, 0.1628, 0.1628, 0.1628, 0.1628, 0.1628, 0.1628, 0.1628, 0.1628, 0.1628, 0.0078, 0.0078, 0.0078, 0.0078, 0.0078, 0.0078, 0.0078, 0.0078, 0.0078, 0.0078, 0.1739, 0.1739, 0.1739, 0.1739, 0.1739, 0.1739, 0.1739, 0.1739, 0.1739, 0.1739, 0.1269, 0.1269, 0.1269, 0.1269, 0.1269, 0.1269, 0.1269, 0.1269, 0.1269, 0.1269, 0.2701, 0.2701, 0.2701, 0.2701, 0.2701, 0.2701, 0.2701, 0.2701, 0.2701, 0.2701, 0.1444, 0.1444, 0.1444, 0.1444, 0.1444, 0.1444, 0.1444, 0.1444, 0.1444, 0.1444, 0.0642, 0.0642, 0.0642, 0.0642, 0.0642, 0.0642, 0.0642, 0.0642, 0.0642, 0.0642, 0.1399, 0.1399, 0.1399, 0.1399, 0.1399, 0.1399, 0.1399, 0.1399, 0.1399, 0.1399, 0.1425, 0.1425, 0.1425, 0.1425, 0.1425, 0.1425, 0.1425, 0.1425, 0.1425, 0.1425, 0.1772, 0.1772, 0.1772, 0.1772, 0.1772, 0.1772, 0.1772, 0.1772, 0.1772, 0.1772, 0.1731, 0.1731, 0.1731, 0.1731, 0.1731, 0.1731, 0.1731, 0.1731, 0.1731, 0.1731, 0.2308, 0.2308, 0.2308, 0.2308, 0.2308, 0.2308, 0.2308, 0.2308, 0.2308, 0.2308, 0.1945, 0.1945, 0.1945, 0.1945, 0.1945, 0.1945, 0.1945, 0.1945, 0.1945, 0.1945, 0.0794, 0.0794, 0.0794, 0.0794, 0.0794, 0.0794, 0.0794, 0.0794, 0.0794, 0.0794, 0.0769, 0.0769, 0.0769, 0.0769, 0.0769, 0.0769, 0.0769, 0.0769, 0.0769, 0.0769, 0.0936, 0.0936, 0.0936, 0.0936, 0.0936, 0.0936, 0.0936, 0.0936, 0.0936, 0.0936, 0.1386, 0.1386, 0.1386, 0.1386, 0.1386, 0.1386, 0.1386, 0.1386, 0.1386, 0.1386, 0.1447, 0.1447, 0.1447, 0.1447, 0.1447, 0.1447, 0.1447, 0.1447, 0.1447, 0.1447, 0.0946, 0.0946, 0.0946, 0.0946, 0.0946, 0.0946, 0.0946, 0.0946, 0.0946, 0.0946, 0.2442, 0.2442, 0.2442, 0.2442, 0.2442, 0.2442, 0.2442, 0.2442, 0.2442, 0.2442, 0.1267, 0.1267, 0.1267, 0.1267, 0.1267, 0.1267, 0.1267, 0.1267, 0.1267, 0.1267, 0.3137, 0.3137, 0.3137, 0.3137, 0.3137, 0.3137, 0.3137, 0.3137, 0.3137, 0.3137, 0.0658, 0.0658, 0.0658, 0.0658, 0.0658, 0.0658, 0.0658, 0.0658, 0.0658, 0.0658, 0.1289, 0.1289, 0.1289, 0.1289, 0.1289, 0.1289, 0.1289, 0.1289, 0.1289, 0.1289, 0.3127, 0.3127, 0.3127, 0.3127, 0.3127, 0.3127, 0.3127, 0.3127, 0.3127, 0.3127, 0.0925, 0.0925, 0.0925, 0.0925, 0.0925, 0.0925, 0.0925, 0.0925, 0.0925, 0.0925, 0.0572, 0.0572, 0.0572, 0.0572, 0.0572, 0.0572, 0.0572, 0.0572, 0.0572, 0.0572, 0.1501, 0.1501, 0.1501, 0.1501, 0.1501, 0.1501, 0.1501, 0.1501, 0.1501, 0.1501, 0.1262, 0.1262, 0.1262, 0.1262, 0.1262, 0.1262, 0.1262, 0.1262, 0.1262, 0.1262, 0.2142, 0.2142, 0.2142, 0.2142, 0.2142, 0.2142, 0.2142, 0.2142, 0.2142, 0.2142, 0.2608, 0.2608, 0.2608, 0.2608, 0.2608, 0.2608, 0.2608, 0.2608, 0.2608, 0.2608, 0.2507, 0.2507, 0.2507, 0.2507, 0.2507, 0.2507, 0.2507, 0.2507, 0.2507, 0.2507, 0.3476, 0.3476, 0.3476, 0.3476, 0.3476, 0.3476, 0.3476, 0.3476, 0.3476, 0.3476, 0.01, 0.01, 0.01, 0.01, 0.01, 0.01, 0.01, 0.01, 0.01, 0.01, 0.1488, 0.1488, 0.1488, 0.1488, 0.1488, 0.1488, 0.1488, 0.1488, 0.1488, 0.1488, 0.2176, 0.2176, 0.2176, 0.2176, 0.2176, 0.2176, 0.2176, 0.2176, 0.2176, 0.2176, 0.2651, 0.2651, 0.2651, 0.2651, 0.2651, 0.2651, 0.2651, 0.2651, 0.2651, 0.2651, 0.3629, 0.3629, 0.3629, 0.3629, 0.3629, 0.3629, 0.3629, 0.3629, 0.3629, 0.3629, 0.1301, 0.1301, 0.1301, 0.1301, 0.1301, 0.1301, 0.1301, 0.1301, 0.1301, 0.1301, 0.1838, 0.1838, 0.1838, 0.1838, 0.1838, 0.1838, 0.1838, 0.1838, 0.1838, 0.1838, 0.0522, 0.0522, 0.0522, 0.0522, 0.0522, 0.0522, 0.0522, 0.0522, 0.0522, 0.0522, 0.0081, 0.0081, 0.0081, 0.0081, 0.0081, 0.0081, 0.0081, 0.0081, 0.0081, 0.0081, 0.1814, 0.1814, 0.1814, 0.1814, 0.1814, 0.1814, 0.1814, 0.1814, 0.1814, 0.1814, 0.006, 0.006, 0.006, 0.006, 0.006, 0.006, 0.006, 0.006, 0.006, 0.006, 0.2232, 0.2232, 0.2232, 0.2232, 0.2232, 0.2232, 0.2232, 0.2232, 0.2232, 0.2232, 0.1655, 0.1655, 0.1655, 0.1655, 0.1655, 0.1655, 0.1655, 0.1655, 0.1655, 0.1655, 0.0054, 0.0054, 0.0054, 0.0054, 0.0054, 0.0054, 0.0054, 0.0054, 0.0054, 0.0054, 0.2982, 0.2982, 0.2982, 0.2982, 0.2982, 0.2982, 0.2982, 0.2982, 0.2982, 0.2982, 0.2422, 0.2422, 0.2422, 0.2422, 0.2422, 0.2422, 0.2422, 0.2422, 0.2422, 0.2422, 0.228, 0.228, 0.228, 0.228, 0.228, 0.228, 0.228, 0.228, 0.228, 0.228, 0.0737, 0.0737, 0.0737, 0.0737, 0.0737, 0.0737, 0.0737, 0.0737, 0.0737, 0.0737, 0.2882, 0.2882, 0.2882, 0.2882, 0.2882, 0.2882, 0.2882, 0.2882, 0.2882, 0.2882, 0.1689, 0.1689, 0.1689, 0.1689, 0.1689, 0.1689, 0.1689, 0.1689, 0.1689, 0.1689, 0.2852, 0.2852, 0.2852, 0.2852, 0.2852, 0.2852, 0.2852, 0.2852, 0.2852, 0.2852, 0.1169, 0.1169, 0.1169, 0.1169, 0.1169, 0.1169, 0.1169, 0.1169, 0.1169, 0.1169, 0.1187, 0.1187, 0.1187, 0.1187, 0.1187, 0.1187, 0.1187, 0.1187, 0.1187, 0.1187, 0.005, 0.005, 0.005, 0.005, 0.005, 0.005, 0.005, 0.005, 0.005, 0.005, 0.5378, 0.5378, 0.5378, 0.5378, 0.5378, 0.5378, 0.5378, 0.5378, 0.5378, 0.5378, 0.162, 0.162, 0.162, 0.162, 0.162, 0.162, 0.162, 0.162, 0.162, 0.162, 0.1697, 0.1697, 0.1697, 0.1697, 0.1697, 0.1697, 0.1697, 0.1697, 0.1697, 0.1697, 0.2883, 0.2883, 0.2883, 0.2883, 0.2883, 0.2883, 0.2883, 0.2883, 0.2883, 0.2883, 0.1368, 0.1368, 0.1368, 0.1368, 0.1368, 0.1368, 0.1368, 0.1368, 0.1368, 0.1368, 0.1103, 0.1103, 0.1103, 0.1103, 0.1103, 0.1103, 0.1103, 0.1103, 0.1103, 0.1103, 0.0671, 0.0671, 0.0671, 0.0671, 0.0671, 0.0671, 0.0671, 0.0671, 0.0671, 0.0671, 0.2407, 0.2407, 0.2407, 0.2407, 0.2407, 0.2407, 0.2407, 0.2407, 0.2407, 0.2407, 0.1956, 0.1956, 0.1956, 0.1956, 0.1956, 0.1956, 0.1956, 0.1956, 0.1956, 0.1956, 0.1581, 0.1581, 0.1581, 0.1581, 0.1581, 0.1581, 0.1581, 0.1581, 0.1581, 0.1581, 0.0081, 0.0081, 0.0081, 0.0081, 0.0081, 0.0081, 0.0081, 0.0081, 0.0081, 0.0081, 0.2096, 0.2096, 0.2096, 0.2096, 0.2096, 0.2096, 0.2096, 0.2096, 0.2096, 0.2096, 0.0618, 0.0618, 0.0618, 0.0618, 0.0618, 0.0618, 0.0618, 0.0618, 0.0618, 0.0618, 0.1087, 0.1087, 0.1087, 0.1087, 0.1087, 0.1087, 0.1087, 0.1087, 0.1087, 0.1087, 0.0811, 0.0811, 0.0811, 0.0811, 0.0811, 0.0811, 0.0811, 0.0811, 0.0811, 0.0811, 0.0045, 0.0045, 0.0045, 0.0045, 0.0045, 0.0045, 0.0045, 0.0045, 0.0045, 0.0045, 0.0729, 0.0729, 0.0729, 0.0729, 0.0729, 0.0729, 0.0729, 0.0729, 0.0729, 0.0729, 0.078, 0.078, 0.078, 0.078, 0.078, 0.078, 0.078, 0.078, 0.078, 0.078, 0.292, 0.292, 0.292, 0.292, 0.292, 0.292, 0.292, 0.292, 0.292, 0.292, 0.0778, 0.0778, 0.0778, 0.0778, 0.0778, 0.0778, 0.0778, 0.0778, 0.0778, 0.0778, 0.0779, 0.0779, 0.0779, 0.0779, 0.0779, 0.0779, 0.0779, 0.0779, 0.0779, 0.0779, 0.0043, 0.0043, 0.0043, 0.0043, 0.0043, 0.0043, 0.0043, 0.0043, 0.0043, 0.0043, 0.0875, 0.0875, 0.0875, 0.0875, 0.0875, 0.0875, 0.0875, 0.0875, 0.0875, 0.0875, 0.1824, 0.1824, 0.1824, 0.1824, 0.1824, 0.1824, 0.1824, 0.1824, 0.1824, 0.1824, 0.0722, 0.0722, 0.0722, 0.0722, 0.0722, 0.0722, 0.0722, 0.0722, 0.0722, 0.0722, 0.3454, 0.3454, 0.3454, 0.3454, 0.3454, 0.3454, 0.3454, 0.3454, 0.3454, 0.3454, 0.1842, 0.1842, 0.1842, 0.1842, 0.1842, 0.1842, 0.1842, 0.1842, 0.1842, 0.1842, 0.2757, 0.2757, 0.2757, 0.2757, 0.2757, 0.2757, 0.2757, 0.2757, 0.2757, 0.2757, 0.2493, 0.2493, 0.2493, 0.2493, 0.2493, 0.2493, 0.2493, 0.2493, 0.2493, 0.2493, 0.2346, 0.2346, 0.2346, 0.2346, 0.2346, 0.2346, 0.2346, 0.2346, 0.2346, 0.2346, 0.1265, 0.1265, 0.1265, 0.1265, 0.1265, 0.1265, 0.1265, 0.1265, 0.1265, 0.1265, 0.079, 0.079, 0.079, 0.079, 0.079, 0.079, 0.079, 0.079, 0.079, 0.079, 0.3408, 0.3408, 0.3408, 0.3408, 0.3408, 0.3408, 0.3408, 0.3408, 0.3408, 0.3408, 0.0059, 0.0059, 0.0059, 0.0059, 0.0059, 0.0059, 0.0059, 0.0059, 0.0059, 0.0059, 0.0051, 0.0051, 0.0051, 0.0051, 0.0051, 0.0051, 0.0051, 0.0051, 0.0051, 0.0051, 0.2068, 0.2068, 0.2068, 0.2068, 0.2068, 0.2068, 0.2068, 0.2068, 0.2068, 0.2068, 0.15, 0.15, 0.15, 0.15, 0.15, 0.15, 0.15, 0.15, 0.15, 0.15, 0.0632, 0.0632, 0.0632, 0.0632, 0.0632, 0.0632, 0.0632, 0.0632, 0.0632, 0.0632, 0.1504, 0.1504, 0.1504, 0.1504, 0.1504, 0.1504, 0.1504, 0.1504, 0.1504, 0.1504, 0.0209, 0.0209, 0.0209, 0.0209, 0.0209, 0.0209, 0.0209, 0.0209, 0.0209, 0.0209, 0.0496, 0.0496, 0.0496, 0.0496, 0.0496, 0.0496, 0.0496, 0.0496, 0.0496, 0.0496, 0.0053, 0.0053, 0.0053, 0.0053, 0.0053, 0.0053, 0.0053, 0.0053, 0.0053, 0.0053, 0.0828, 0.0828, 0.0828, 0.0828, 0.0828, 0.0828, 0.0828, 0.0828, 0.0828, 0.0828, 0.0787, 0.0787, 0.0787, 0.0787, 0.0787, 0.0787, 0.0787, 0.0787, 0.0787, 0.0787, 0.06, 0.06, 0.06, 0.06, 0.06, 0.06, 0.06, 0.06, 0.06, 0.06, 0.1672, 0.1672, 0.1672, 0.1672, 0.1672, 0.1672, 0.1672, 0.1672, 0.1672, 0.1672, 0.1648, 0.1648, 0.1648, 0.1648, 0.1648, 0.1648, 0.1648, 0.1648, 0.1648, 0.1648, 0.1239, 0.1239, 0.1239, 0.1239, 0.1239, 0.1239, 0.1239, 0.1239, 0.1239, 0.1239, 0.3106, 0.3106, 0.3106, 0.3106, 0.3106, 0.3106, 0.3106, 0.3106, 0.3106, 0.3106, 0.0908, 0.0908, 0.0908, 0.0908, 0.0908, 0.0908, 0.0908, 0.0908, 0.0908, 0.0908, 0.2459, 0.2459, 0.2459, 0.2459, 0.2459, 0.2459, 0.2459, 0.2459, 0.2459, 0.2459, 0.0829, 0.0829, 0.0829, 0.0829, 0.0829, 0.0829, 0.0829, 0.0829, 0.0829, 0.0829, 0.1862, 0.1862, 0.1862, 0.1862, 0.1862, 0.1862, 0.1862, 0.1862, 0.1862, 0.1862, 0.2009, 0.2009, 0.2009, 0.2009, 0.2009, 0.2009, 0.2009, 0.2009, 0.2009, 0.2009, 0.0497, 0.0497, 0.0497, 0.0497, 0.0497, 0.0497, 0.0497, 0.0497, 0.0497, 0.0497, 0.1824, 0.1824, 0.1824, 0.1824, 0.1824, 0.1824, 0.1824, 0.1824, 0.1824, 0.1824, 0.0514, 0.0514, 0.0514, 0.0514, 0.0514, 0.0514, 0.0514, 0.0514, 0.0514, 0.0514, 0.1787, 0.1787, 0.1787, 0.1787, 0.1787, 0.1787, 0.1787, 0.1787, 0.1787, 0.1787, 0.1894, 0.1894, 0.1894, 0.1894, 0.1894, 0.1894, 0.1894, 0.1894, 0.1894, 0.1894, 0.0853, 0.0853, 0.0853, 0.0853, 0.0853, 0.0853, 0.0853, 0.0853, 0.0853, 0.0853, 0.1526, 0.1526, 0.1526, 0.1526, 0.1526, 0.1526, 0.1526, 0.1526, 0.1526, 0.1526, 0.0734, 0.0734, 0.0734, 0.0734, 0.0734, 0.0734, 0.0734, 0.0734, 0.0734, 0.0734, 0.1554, 0.1554, 0.1554, 0.1554, 0.1554, 0.1554, 0.1554, 0.1554, 0.1554, 0.1554, 0.2398, 0.2398, 0.2398, 0.2398, 0.2398, 0.2398, 0.2398, 0.2398, 0.2398, 0.2398, 0.0069, 0.0069, 0.0069, 0.0069, 0.0069, 0.0069, 0.0069, 0.0069, 0.0069, 0.0069, 0.0774, 0.0774, 0.0774, 0.0774, 0.0774, 0.0774, 0.0774, 0.0774, 0.0774, 0.0774, 0.2743, 0.2743, 0.2743, 0.2743, 0.2743, 0.2743, 0.2743, 0.2743, 0.2743, 0.2743, 0.0032, 0.0032, 0.0032, 0.0032, 0.0032, 0.0032, 0.0032, 0.0032, 0.0032, 0.0032, 0.0965, 0.0965, 0.0965, 0.0965, 0.0965, 0.0965, 0.0965, 0.0965, 0.0965, 0.0965, 0.2514, 0.2514, 0.2514, 0.2514, 0.2514, 0.2514, 0.2514, 0.2514, 0.2514, 0.2514, 0.0788, 0.0788, 0.0788, 0.0788, 0.0788, 0.0788, 0.0788, 0.0788, 0.0788, 0.0788, 0.1366, 0.1366, 0.1366, 0.1366, 0.1366, 0.1366, 0.1366, 0.1366, 0.1366, 0.1366, 0.042, 0.042, 0.042, 0.042, 0.042, 0.042, 0.042, 0.042, 0.042, 0.042, 0.0851, 0.0851, 0.0851, 0.0851, 0.0851, 0.0851, 0.0851, 0.0851, 0.0851, 0.0851, 0.3204, 0.3204, 0.3204, 0.3204, 0.3204, 0.3204, 0.3204, 0.3204, 0.3204, 0.3204, 0.0809, 0.0809, 0.0809, 0.0809, 0.0809, 0.0809, 0.0809, 0.0809, 0.0809, 0.0809, 0.0046, 0.0046, 0.0046, 0.0046, 0.0046, 0.0046, 0.0046, 0.0046, 0.0046, 0.0046, 0.068, 0.068, 0.068, 0.068, 0.068, 0.068, 0.068, 0.068, 0.068, 0.068, 0.1026, 0.1026, 0.1026, 0.1026, 0.1026, 0.1026, 0.1026, 0.1026, 0.1026, 0.1026, 0.0035, 0.0035, 0.0035, 0.0035, 0.0035, 0.0035, 0.0035, 0.0035, 0.0035, 0.0035, 0.0656, 0.0656, 0.0656, 0.0656, 0.0656, 0.0656, 0.0656, 0.0656, 0.0656, 0.0656, 0.1431, 0.1431, 0.1431, 0.1431, 0.1431, 0.1431, 0.1431, 0.1431, 0.1431, 0.1431, 0.0974, 0.0974, 0.0974, 0.0974, 0.0974, 0.0974, 0.0974, 0.0974, 0.0974, 0.0974, 0.1802, 0.1802, 0.1802, 0.1802, 0.1802, 0.1802, 0.1802, 0.1802, 0.1802, 0.1802, 0.2167, 0.2167, 0.2167, 0.2167, 0.2167, 0.2167, 0.2167, 0.2167, 0.2167, 0.2167, 0.1629, 0.1629, 0.1629, 0.1629, 0.1629, 0.1629, 0.1629, 0.1629, 0.1629, 0.1629, 0.0812, 0.0812, 0.0812, 0.0812, 0.0812, 0.0812, 0.0812, 0.0812, 0.0812, 0.0812, 0.0031, 0.0031, 0.0031, 0.0031, 0.0031, 0.0031, 0.0031, 0.0031, 0.0031, 0.0031, 0.0662, 0.0662, 0.0662, 0.0662, 0.0662, 0.0662, 0.0662, 0.0662, 0.0662, 0.0662, 0.0885, 0.0885, 0.0885, 0.0885, 0.0885, 0.0885, 0.0885, 0.0885, 0.0885, 0.0885, 0.0042, 0.0042, 0.0042, 0.0042, 0.0042, 0.0042, 0.0042, 0.0042, 0.0042, 0.0042, 0.1296, 0.1296, 0.1296, 0.1296, 0.1296, 0.1296, 0.1296, 0.1296, 0.1296, 0.1296, 0.0779, 0.0779, 0.0779, 0.0779, 0.0779, 0.0779, 0.0779, 0.0779, 0.0779, 0.0779, 0.003, 0.003, 0.003, 0.003, 0.003, 0.003, 0.003, 0.003, 0.003, 0.003, 0.1003, 0.1003, 0.1003, 0.1003, 0.1003, 0.1003, 0.1003, 0.1003, 0.1003, 0.1003, 0.2565, 0.2565, 0.2565, 0.2565, 0.2565, 0.2565, 0.2565, 0.2565, 0.2565, 0.2565, 0.0236, 0.0236, 0.0236, 0.0236, 0.0236, 0.0236, 0.0236, 0.0236, 0.0236, 0.0236, 0.1724, 0.1724, 0.1724, 0.1724, 0.1724, 0.1724, 0.1724, 0.1724, 0.1724, 0.1724, 0.0029, 0.0029, 0.0029, 0.0029, 0.0029, 0.0029, 0.0029, 0.0029, 0.0029, 0.0029, 0.176, 0.176, 0.176, 0.176, 0.176, 0.176, 0.176, 0.176, 0.176, 0.176, 0.183, 0.183, 0.183, 0.183, 0.183, 0.183, 0.183, 0.183, 0.183, 0.183, 0.0029, 0.0029, 0.0029, 0.0029, 0.0029, 0.0029, 0.0029, 0.0029, 0.0029, 0.0029, 0.1368, 0.1368, 0.1368, 0.1368, 0.1368, 0.1368, 0.1368, 0.1368, 0.1368, 0.1368, 0.157, 0.157, 0.157, 0.157, 0.157, 0.157, 0.157, 0.157, 0.157, 0.157, 0.0168, 0.0168, 0.0168, 0.0168, 0.0168, 0.0168, 0.0168, 0.0168, 0.0168, 0.0168, 0.0479, 0.0479, 0.0479, 0.0479, 0.0479, 0.0479, 0.0479, 0.0479, 0.0479, 0.0479, 0.0836, 0.0836, 0.0836, 0.0836, 0.0836, 0.0836, 0.0836, 0.0836, 0.0836, 0.0836, 0.0433, 0.0433, 0.0433, 0.0433, 0.0433, 0.0433, 0.0433, 0.0433, 0.0433, 0.0433, 0.0672, 0.0672, 0.0672, 0.0672, 0.0672, 0.0672, 0.0672, 0.0672, 0.0672, 0.0672, 0.0622, 0.0622, 0.0622, 0.0622, 0.0622, 0.0622, 0.0622, 0.0622, 0.0622, 0.0622, 0.1927, 0.1927, 0.1927, 0.1927, 0.1927, 0.1927, 0.1927, 0.1927, 0.1927, 0.1927, 0.0068, 0.0068, 0.0068, 0.0068, 0.0068, 0.0068, 0.0068, 0.0068, 0.0068, 0.0068, 0.0023, 0.0023, 0.0023, 0.0023, 0.0023, 0.0023, 0.0023, 0.0023, 0.0023, 0.0023, 0.1797, 0.1797, 0.1797, 0.1797, 0.1797, 0.1797, 0.1797, 0.1797, 0.1797, 0.1797, 0.0849, 0.0849, 0.0849, 0.0849, 0.0849, 0.0849, 0.0849, 0.0849, 0.0849, 0.0849, 0.0836, 0.0836, 0.0836, 0.0836, 0.0836, 0.0836, 0.0836, 0.0836, 0.0836, 0.0836, 0.0028, 0.0028, 0.0028, 0.0028, 0.0028, 0.0028, 0.0028, 0.0028, 0.0028, 0.0028, 0.0114, 0.0114, 0.0114, 0.0114, 0.0114, 0.0114, 0.0114, 0.0114, 0.0114, 0.0114, 0.0417, 0.0417, 0.0417, 0.0417, 0.0417, 0.0417, 0.0417, 0.0417, 0.0417, 0.0417, 0.1273, 0.1273, 0.1273, 0.1273, 0.1273, 0.1273, 0.1273, 0.1273, 0.1273, 0.1273, 0.0826, 0.0826, 0.0826, 0.0826, 0.0826, 0.0826, 0.0826, 0.0826, 0.0826, 0.0826, 0.135, 0.135, 0.135, 0.135, 0.135, 0.135, 0.135, 0.135, 0.135, 0.135, 0.0544, 0.0544, 0.0544, 0.0544, 0.0544, 0.0544, 0.0544, 0.0544, 0.0544, 0.0544, 0.101, 0.101, 0.101, 0.101, 0.101, 0.101, 0.101, 0.101, 0.101, 0.101, 0.1701, 0.1701, 0.1701, 0.1701, 0.1701, 0.1701, 0.1701, 0.1701, 0.1701, 0.1701, 0.0037, 0.0037, 0.0037, 0.0037, 0.0037, 0.0037, 0.0037, 0.0037, 0.0037, 0.0037, 0.2225, 0.2225, 0.2225, 0.2225, 0.2225, 0.2225, 0.2225, 0.2225, 0.2225, 0.2225, 0.0694, 0.0694, 0.0694, 0.0694, 0.0694, 0.0694, 0.0694, 0.0694, 0.0694, 0.0694, 0.0853, 0.0853, 0.0853, 0.0853, 0.0853, 0.0853, 0.0853, 0.0853, 0.0853, 0.0853, 0.0027, 0.0027, 0.0027, 0.0027, 0.0027, 0.0027, 0.0027, 0.0027, 0.0027, 0.0027, 0.2228, 0.2228, 0.2228, 0.2228, 0.2228, 0.2228, 0.2228, 0.2228, 0.2228, 0.2228, 0.1049, 0.1049, 0.1049, 0.1049, 0.1049, 0.1049, 0.1049, 0.1049, 0.1049, 0.1049, 0.0033, 0.0033, 0.0033, 0.0033, 0.0033, 0.0033, 0.0033, 0.0033, 0.0033, 0.0033, 0.0668, 0.0668, 0.0668, 0.0668, 0.0668, 0.0668, 0.0668, 0.0668, 0.0668, 0.0668, 0.0743, 0.0743, 0.0743, 0.0743, 0.0743, 0.0743, 0.0743, 0.0743, 0.0743, 0.0743, 0.0833, 0.0833, 0.0833, 0.0833, 0.0833, 0.0833, 0.0833, 0.0833, 0.0833, 0.0833, 0.0022, 0.0022, 0.0022, 0.0022, 0.0022, 0.0022, 0.0022, 0.0022, 0.0022, 0.0022, 0.1655, 0.1655, 0.1655, 0.1655, 0.1655, 0.1655, 0.1655, 0.1655, 0.1655, 0.1655, 0.1181, 0.1181, 0.1181, 0.1181, 0.1181, 0.1181, 0.1181, 0.1181, 0.1181, 0.1181, 0.1077, 0.1077, 0.1077, 0.1077, 0.1077, 0.1077, 0.1077, 0.1077, 0.1077, 0.1077, 0.0022, 0.0022, 0.0022, 0.0022, 0.0022, 0.0022, 0.0022, 0.0022, 0.0022, 0.0022, 0.0857, 0.0857, 0.0857, 0.0857, 0.0857, 0.0857, 0.0857, 0.0857, 0.0857, 0.0857, 0.0949, 0.0949, 0.0949, 0.0949, 0.0949, 0.0949, 0.0949, 0.0949, 0.0949, 0.0949, 0.1525, 0.1525, 0.1525, 0.1525, 0.1525, 0.1525, 0.1525, 0.1525, 0.1525, 0.1525, 0.002, 0.002, 0.002, 0.002, 0.002, 0.002, 0.002, 0.002, 0.002, 0.002, 0.1753, 0.1753, 0.1753, 0.1753, 0.1753, 0.1753, 0.1753, 0.1753, 0.1753, 0.1753, 0.1523, 0.1523, 0.1523, 0.1523, 0.1523, 0.1523, 0.1523, 0.1523, 0.1523, 0.1523, 0.003, 0.003, 0.003, 0.003, 0.003, 0.003, 0.003, 0.003, 0.003, 0.003, 0.002, 0.002, 0.002, 0.002, 0.002, 0.002, 0.002, 0.002, 0.002, 0.002, 0.0517, 0.0517, 0.0517, 0.0517, 0.0517, 0.0517, 0.0517, 0.0517, 0.0517, 0.0517, 0.1316, 0.1316, 0.1316, 0.1316, 0.1316, 0.1316, 0.1316, 0.1316, 0.1316, 0.1316, 0.0546, 0.0546, 0.0546, 0.0546, 0.0546, 0.0546, 0.0546, 0.0546, 0.0546, 0.0546, 0.0624, 0.0624, 0.0624, 0.0624, 0.0624, 0.0624, 0.0624, 0.0624, 0.0624, 0.0624, 0.002, 0.002, 0.002, 0.002, 0.002, 0.002, 0.002, 0.002, 0.002, 0.002, 0.2167, 0.2167, 0.2167, 0.2167, 0.2167, 0.2167, 0.2167, 0.2167, 0.2167, 0.2167, 0.0014, 0.0014, 0.0014, 0.0014, 0.0014, 0.0014, 0.0014, 0.0014, 0.0014, 0.0014, 0.1087, 0.1087, 0.1087, 0.1087, 0.1087, 0.1087, 0.1087, 0.1087, 0.1087, 0.1087, 0.1846, 0.1846, 0.1846, 0.1846, 0.1846, 0.1846, 0.1846, 0.1846, 0.1846, 0.1846, 0.145, 0.145, 0.145, 0.145, 0.145, 0.145, 0.145, 0.145, 0.145, 0.145, 0.1236, 0.1236, 0.1236, 0.1236, 0.1236, 0.1236, 0.1236, 0.1236, 0.1236, 0.1236, 0.0805, 0.0805, 0.0805, 0.0805, 0.0805, 0.0805, 0.0805, 0.0805, 0.0805, 0.0805, 0.0032, 0.0032, 0.0032, 0.0032, 0.0032, 0.0032, 0.0032, 0.0032, 0.0032, 0.0032, 0.0021, 0.0021, 0.0021, 0.0021, 0.0021, 0.0021, 0.0021, 0.0021, 0.0021, 0.0021, 0.1806, 0.1806, 0.1806, 0.1806, 0.1806, 0.1806, 0.1806, 0.1806, 0.1806, 0.1806, 0.0621, 0.0621, 0.0621, 0.0621, 0.0621, 0.0621, 0.0621, 0.0621, 0.0621, 0.0621, 0.0869, 0.0869, 0.0869, 0.0869, 0.0869, 0.0869, 0.0869, 0.0869, 0.0869, 0.0869, 0.0027, 0.0027, 0.0027, 0.0027, 0.0027, 0.0027, 0.0027, 0.0027, 0.0027, 0.0027, 0.1535, 0.1535, 0.1535, 0.1535, 0.1535, 0.1535, 0.1535, 0.1535, 0.1535, 0.1535, 0.339, 0.339, 0.339, 0.339, 0.339, 0.339, 0.339, 0.339, 0.339, 0.339, 0.1632, 0.1632, 0.1632, 0.1632, 0.1632, 0.1632, 0.1632, 0.1632, 0.1632, 0.1632, 0.0962, 0.0962, 0.0962, 0.0962, 0.0962, 0.0962, 0.0962, 0.0962, 0.0962, 0.0962, 0.1966, 0.1966, 0.1966, 0.1966, 0.1966, 0.1966, 0.1966, 0.1966, 0.1966, 0.1966, 0.0921, 0.0921, 0.0921, 0.0921, 0.0921, 0.0921, 0.0921, 0.0921, 0.0921, 0.0921, 0.0025, 0.0025, 0.0025, 0.0025, 0.0025, 0.0025, 0.0025, 0.0025, 0.0025, 0.0025, 0.0883, 0.0883, 0.0883, 0.0883, 0.0883, 0.0883, 0.0883, 0.0883, 0.0883, 0.0883, 0.0423, 0.0423, 0.0423, 0.0423, 0.0423, 0.0423, 0.0423, 0.0423, 0.0423, 0.0423, 0.0038, 0.0038, 0.0038, 0.0038, 0.0038, 0.0038, 0.0038, 0.0038, 0.0038, 0.0038, 0.0029, 0.0029, 0.0029, 0.0029, 0.0029, 0.0029, 0.0029, 0.0029, 0.0029, 0.0029, 0.1088, 0.1088, 0.1088, 0.1088, 0.1088, 0.1088, 0.1088, 0.1088, 0.1088, 0.1088, 0.003, 0.003, 0.003, 0.003, 0.003, 0.003, 0.003, 0.003, 0.003, 0.003, 0.0976, 0.0976, 0.0976, 0.0976, 0.0976, 0.0976, 0.0976, 0.0976, 0.0976, 0.0976, 0.0022, 0.0022, 0.0022, 0.0022, 0.0022, 0.0022, 0.0022, 0.0022, 0.0022, 0.0022, 0.1234, 0.1234, 0.1234, 0.1234, 0.1234, 0.1234, 0.1234, 0.1234, 0.1234, 0.1234, 0.0072, 0.0072, 0.0072, 0.0072, 0.0072, 0.0072, 0.0072, 0.0072, 0.0072, 0.0072, 0.0021, 0.0021, 0.0021, 0.0021, 0.0021, 0.0021, 0.0021, 0.0021, 0.0021, 0.0021, 0.0026, 0.0026, 0.0026, 0.0026, 0.0026, 0.0026, 0.0026, 0.0026, 0.0026, 0.0026, 0.0986, 0.0986, 0.0986, 0.0986, 0.0986, 0.0986, 0.0986, 0.0986, 0.0986, 0.0986, 0.2369, 0.2369, 0.2369, 0.2369, 0.2369, 0.2369, 0.2369, 0.2369, 0.2369, 0.2369, 0.0912, 0.0912, 0.0912, 0.0912, 0.0912, 0.0912, 0.0912, 0.0912, 0.0912, 0.0912, 0.0023, 0.0023, 0.0023, 0.0023, 0.0023, 0.0023, 0.0023, 0.0023, 0.0023, 0.0023, 0.084, 0.084, 0.084, 0.084, 0.084, 0.084, 0.084, 0.084, 0.084, 0.084, 0.0653, 0.0653, 0.0653, 0.0653, 0.0653, 0.0653, 0.0653, 0.0653, 0.0653, 0.0653, 0.003, 0.003, 0.003, 0.003, 0.003, 0.003, 0.003, 0.003, 0.003, 0.003, 0.1281, 0.1281, 0.1281, 0.1281, 0.1281, 0.1281, 0.1281, 0.1281, 0.1281, 0.1281, 0.0646, 0.0646, 0.0646, 0.0646, 0.0646, 0.0646, 0.0646, 0.0646, 0.0646, 0.0646, 0.0812, 0.0812, 0.0812, 0.0812, 0.0812, 0.0812, 0.0812, 0.0812, 0.0812, 0.0812, 0.0746, 0.0746, 0.0746, 0.0746, 0.0746, 0.0746, 0.0746, 0.0746, 0.0746, 0.0746, 0.2332, 0.2332, 0.2332, 0.2332, 0.2332, 0.2332, 0.2332, 0.2332, 0.2332, 0.2332, 0.0024, 0.0024, 0.0024, 0.0024, 0.0024, 0.0024, 0.0024, 0.0024, 0.0024, 0.0024, 0.1617, 0.1617, 0.1617, 0.1617, 0.1617, 0.1617, 0.1617, 0.1617, 0.1617, 0.1617, 0.1099, 0.1099, 0.1099, 0.1099, 0.1099, 0.1099, 0.1099, 0.1099, 0.1099, 0.1099, 0.0024, 0.0024, 0.0024, 0.0024, 0.0024, 0.0024, 0.0024, 0.0024, 0.0024, 0.0024, 0.1442, 0.1442, 0.1442, 0.1442, 0.1442, 0.1442, 0.1442, 0.1442, 0.1442, 0.1442, 0.0023, 0.0023, 0.0023, 0.0023, 0.0023, 0.0023, 0.0023, 0.0023, 0.0023, 0.0023, 0.0023, 0.0023, 0.0023, 0.0023, 0.0023, 0.0023, 0.0023, 0.0023, 0.0023, 0.0023, 0.059, 0.059, 0.059, 0.059, 0.059, 0.059, 0.059, 0.059, 0.059, 0.059, 0.0518, 0.0518, 0.0518, 0.0518, 0.0518, 0.0518, 0.0518, 0.0518, 0.0518, 0.0518, 0.2289, 0.2289, 0.2289, 0.2289, 0.2289, 0.2289, 0.2289, 0.2289, 0.2289, 0.2289, 0.0025, 0.0025, 0.0025, 0.0025, 0.0025, 0.0025, 0.0025, 0.0025, 0.0025, 0.0025, 0.2542, 0.2542, 0.2542, 0.2542, 0.2542, 0.2542, 0.2542, 0.2542, 0.2542, 0.2542, 0.08, 0.08, 0.08, 0.08, 0.08, 0.08, 0.08, 0.08, 0.08, 0.08, 0.1476, 0.1476, 0.1476, 0.1476, 0.1476, 0.1476, 0.1476, 0.1476, 0.1476, 0.1476, 0.0025, 0.0025, 0.0025, 0.0025, 0.0025, 0.0025, 0.0025, 0.0025, 0.0025, 0.0025, 0.0027, 0.0027, 0.0027, 0.0027, 0.0027, 0.0027, 0.0027, 0.0027, 0.0027, 0.0027, 0.1184, 0.1184, 0.1184, 0.1184, 0.1184, 0.1184, 0.1184, 0.1184, 0.1184, 0.1184, 0.1996, 0.1996, 0.1996, 0.1996, 0.1996, 0.1996, 0.1996, 0.1996, 0.1996, 0.1996, 0.078, 0.078, 0.078, 0.078, 0.078, 0.078, 0.078, 0.078, 0.078, 0.078, 0.0145, 0.0145, 0.0145, 0.0145, 0.0145, 0.0145, 0.0145, 0.0145, 0.0145, 0.0145, 0.0829, 0.0829, 0.0829, 0.0829, 0.0829, 0.0829, 0.0829, 0.0829, 0.0829, 0.0829, 0.0429, 0.0429, 0.0429, 0.0429, 0.0429, 0.0429, 0.0429, 0.0429, 0.0429, 0.0429, 0.1527, 0.1527, 0.1527, 0.1527, 0.1527, 0.1527, 0.1527, 0.1527, 0.1527, 0.1527, 0.1615, 0.1615, 0.1615, 0.1615, 0.1615, 0.1615, 0.1615, 0.1615, 0.1615, 0.1615, 0.0555, 0.0555, 0.0555, 0.0555, 0.0555, 0.0555, 0.0555, 0.0555, 0.0555, 0.0555, 0.0032, 0.0032, 0.0032, 0.0032, 0.0032, 0.0032, 0.0032, 0.0032, 0.0032, 0.0032, 0.0567, 0.0567, 0.0567, 0.0567, 0.0567, 0.0567, 0.0567, 0.0567, 0.0567, 0.0567, 0.006, 0.006, 0.006, 0.006, 0.006, 0.006, 0.006, 0.006, 0.006, 0.006, 0.1691, 0.1691, 0.1691, 0.1691, 0.1691, 0.1691, 0.1691, 0.1691, 0.1691, 0.1691, 0.065, 0.065, 0.065, 0.065, 0.065, 0.065, 0.065, 0.065, 0.065, 0.065, 0.0679, 0.0679, 0.0679, 0.0679, 0.0679, 0.0679, 0.0679, 0.0679, 0.0679, 0.0679, 0.0031, 0.0031, 0.0031, 0.0031, 0.0031, 0.0031, 0.0031, 0.0031, 0.0031, 0.0031, 0.097, 0.097, 0.097, 0.097, 0.097, 0.097, 0.097, 0.097, 0.097, 0.097, 0.053, 0.053, 0.053, 0.053, 0.053, 0.053, 0.053, 0.053, 0.053, 0.053, 0.0018, 0.0018, 0.0018, 0.0018, 0.0018, 0.0018, 0.0018, 0.0018, 0.0018, 0.0018, 0.042, 0.042, 0.042, 0.042, 0.042, 0.042, 0.042, 0.042, 0.042, 0.042, 0.035, 0.035, 0.035, 0.035, 0.035, 0.035, 0.035, 0.035, 0.035, 0.035, 0.0823, 0.0823, 0.0823, 0.0823, 0.0823, 0.0823, 0.0823, 0.0823, 0.0823, 0.0823, 0.1277, 0.1277, 0.1277, 0.1277, 0.1277, 0.1277, 0.1277, 0.1277, 0.1277, 0.1277, 0.0026, 0.0026, 0.0026, 0.0026, 0.0026, 0.0026, 0.0026, 0.0026, 0.0026, 0.0026, 0.0016, 0.0016, 0.0016, 0.0016, 0.0016, 0.0016, 0.0016, 0.0016, 0.0016, 0.0016, 0.0081, 0.0081, 0.0081, 0.0081, 0.0081, 0.0081, 0.0081, 0.0081, 0.0081, 0.0081, 0.0381, 0.0381, 0.0381, 0.0381, 0.0381, 0.0381, 0.0381, 0.0381, 0.0381, 0.0381, 0.0629, 0.0629, 0.0629, 0.0629, 0.0629, 0.0629, 0.0629, 0.0629, 0.0629, 0.0629, 0.0269, 0.0269, 0.0269, 0.0269, 0.0269, 0.0269, 0.0269, 0.0269, 0.0269, 0.0269, 0.0024, 0.0024, 0.0024, 0.0024, 0.0024, 0.0024, 0.0024, 0.0024, 0.0024, 0.0024, 0.2057, 0.2057, 0.2057, 0.2057, 0.2057, 0.2057, 0.2057, 0.2057, 0.2057, 0.2057, 0.006, 0.006, 0.006, 0.006, 0.006, 0.006, 0.006, 0.006, 0.006, 0.006, 0.0374, 0.0374, 0.0374, 0.0374, 0.0374, 0.0374, 0.0374, 0.0374, 0.0374, 0.0374, 0.1803, 0.1803, 0.1803, 0.1803, 0.1803, 0.1803, 0.1803, 0.1803, 0.1803, 0.1803]
Validation Loss:
[0.4877491891384125, 0.481412410736084, 0.3799475133419037, 0.49060285091400146, 0.5664162039756775, 0.5384820699691772, 0.596159815788269, 0.5758528709411621, 0.6084729433059692, 0.5988093614578247]
Train, Validation, Test split:
Train: 6233
Validation: 1759
Test: 889
