Accuracy: 0.9594137542277339
Classification Report:
                                          precision    recall  f1-score   support

                         2ndMill-1stHalf       0.96      0.89      0.92        27
                         2ndMill-2ndHalf       0.94      0.95      0.94       170
                     Hellenistic onwards       0.94      0.88      0.91        91
Neo-Assyrian; Neo-Babylonian; Achaemenid       0.97      0.98      0.97       599

                                accuracy                           0.96       887
                               macro avg       0.95      0.92      0.94       887
                            weighted avg       0.96      0.96      0.96       887

Training Loss:
[1.4483, 1.4483, 1.4483, 1.4483, 1.4483, 1.4483, 1.4483, 1.4483, 1.4483, 1.4483, 1.3467, 1.3467, 1.3467, 1.3467, 1.3467, 1.3467, 1.3467, 1.3467, 1.3467, 1.3467, 1.2976, 1.2976, 1.2976, 1.2976, 1.2976, 1.2976, 1.2976, 1.2976, 1.2976, 1.2976, 1.0251, 1.0251, 1.0251, 1.0251, 1.0251, 1.0251, 1.0251, 1.0251, 1.0251, 1.0251, 1.1121, 1.1121, 1.1121, 1.1121, 1.1121, 1.1121, 1.1121, 1.1121, 1.1121, 1.1121, 1.0961, 1.0961, 1.0961, 1.0961, 1.0961, 1.0961, 1.0961, 1.0961, 1.0961, 1.0961, 0.8736, 0.8736, 0.8736, 0.8736, 0.8736, 0.8736, 0.8736, 0.8736, 0.8736, 0.8736, 1.0098, 1.0098, 1.0098, 1.0098, 1.0098, 1.0098, 1.0098, 1.0098, 1.0098, 1.0098, 0.7977, 0.7977, 0.7977, 0.7977, 0.7977, 0.7977, 0.7977, 0.7977, 0.7977, 0.7977, 1.0618, 1.0618, 1.0618, 1.0618, 1.0618, 1.0618, 1.0618, 1.0618, 1.0618, 1.0618, 0.7348, 0.7348, 0.7348, 0.7348, 0.7348, 0.7348, 0.7348, 0.7348, 0.7348, 0.7348, 0.7882, 0.7882, 0.7882, 0.7882, 0.7882, 0.7882, 0.7882, 0.7882, 0.7882, 0.7882, 0.9903, 0.9903, 0.9903, 0.9903, 0.9903, 0.9903, 0.9903, 0.9903, 0.9903, 0.9903, 0.8522, 0.8522, 0.8522, 0.8522, 0.8522, 0.8522, 0.8522, 0.8522, 0.8522, 0.8522, 0.638, 0.638, 0.638, 0.638, 0.638, 0.638, 0.638, 0.638, 0.638, 0.638, 0.6682, 0.6682, 0.6682, 0.6682, 0.6682, 0.6682, 0.6682, 0.6682, 0.6682, 0.6682, 0.6317, 0.6317, 0.6317, 0.6317, 0.6317, 0.6317, 0.6317, 0.6317, 0.6317, 0.6317, 0.6341, 0.6341, 0.6341, 0.6341, 0.6341, 0.6341, 0.6341, 0.6341, 0.6341, 0.6341, 0.6053, 0.6053, 0.6053, 0.6053, 0.6053, 0.6053, 0.6053, 0.6053, 0.6053, 0.6053, 0.6627, 0.6627, 0.6627, 0.6627, 0.6627, 0.6627, 0.6627, 0.6627, 0.6627, 0.6627, 0.5975, 0.5975, 0.5975, 0.5975, 0.5975, 0.5975, 0.5975, 0.5975, 0.5975, 0.5975, 0.4909, 0.4909, 0.4909, 0.4909, 0.4909, 0.4909, 0.4909, 0.4909, 0.4909, 0.4909, 0.5046, 0.5046, 0.5046, 0.5046, 0.5046, 0.5046, 0.5046, 0.5046, 0.5046, 0.5046, 0.6221, 0.6221, 0.6221, 0.6221, 0.6221, 0.6221, 0.6221, 0.6221, 0.6221, 0.6221, 0.5851, 0.5851, 0.5851, 0.5851, 0.5851, 0.5851, 0.5851, 0.5851, 0.5851, 0.5851, 0.5429, 0.5429, 0.5429, 0.5429, 0.5429, 0.5429, 0.5429, 0.5429, 0.5429, 0.5429, 0.5809, 0.5809, 0.5809, 0.5809, 0.5809, 0.5809, 0.5809, 0.5809, 0.5809, 0.5809, 0.4376, 0.4376, 0.4376, 0.4376, 0.4376, 0.4376, 0.4376, 0.4376, 0.4376, 0.4376, 0.4218, 0.4218, 0.4218, 0.4218, 0.4218, 0.4218, 0.4218, 0.4218, 0.4218, 0.4218, 0.613, 0.613, 0.613, 0.613, 0.613, 0.613, 0.613, 0.613, 0.613, 0.613, 0.7559, 0.7559, 0.7559, 0.7559, 0.7559, 0.7559, 0.7559, 0.7559, 0.7559, 0.7559, 0.5384, 0.5384, 0.5384, 0.5384, 0.5384, 0.5384, 0.5384, 0.5384, 0.5384, 0.5384, 0.7474, 0.7474, 0.7474, 0.7474, 0.7474, 0.7474, 0.7474, 0.7474, 0.7474, 0.7474, 0.6937, 0.6937, 0.6937, 0.6937, 0.6937, 0.6937, 0.6937, 0.6937, 0.6937, 0.6937, 0.4953, 0.4953, 0.4953, 0.4953, 0.4953, 0.4953, 0.4953, 0.4953, 0.4953, 0.4953, 0.5204, 0.5204, 0.5204, 0.5204, 0.5204, 0.5204, 0.5204, 0.5204, 0.5204, 0.5204, 0.4351, 0.4351, 0.4351, 0.4351, 0.4351, 0.4351, 0.4351, 0.4351, 0.4351, 0.4351, 0.5335, 0.5335, 0.5335, 0.5335, 0.5335, 0.5335, 0.5335, 0.5335, 0.5335, 0.5335, 0.646, 0.646, 0.646, 0.646, 0.646, 0.646, 0.646, 0.646, 0.646, 0.646, 0.3927, 0.3927, 0.3927, 0.3927, 0.3927, 0.3927, 0.3927, 0.3927, 0.3927, 0.3927, 0.4448, 0.4448, 0.4448, 0.4448, 0.4448, 0.4448, 0.4448, 0.4448, 0.4448, 0.4448, 0.2555, 0.2555, 0.2555, 0.2555, 0.2555, 0.2555, 0.2555, 0.2555, 0.2555, 0.2555, 0.499, 0.499, 0.499, 0.499, 0.499, 0.499, 0.499, 0.499, 0.499, 0.499, 0.3671, 0.3671, 0.3671, 0.3671, 0.3671, 0.3671, 0.3671, 0.3671, 0.3671, 0.3671, 0.2771, 0.2771, 0.2771, 0.2771, 0.2771, 0.2771, 0.2771, 0.2771, 0.2771, 0.2771, 0.4452, 0.4452, 0.4452, 0.4452, 0.4452, 0.4452, 0.4452, 0.4452, 0.4452, 0.4452, 0.6004, 0.6004, 0.6004, 0.6004, 0.6004, 0.6004, 0.6004, 0.6004, 0.6004, 0.6004, 0.7405, 0.7405, 0.7405, 0.7405, 0.7405, 0.7405, 0.7405, 0.7405, 0.7405, 0.7405, 0.4495, 0.4495, 0.4495, 0.4495, 0.4495, 0.4495, 0.4495, 0.4495, 0.4495, 0.4495, 0.4656, 0.4656, 0.4656, 0.4656, 0.4656, 0.4656, 0.4656, 0.4656, 0.4656, 0.4656, 0.3446, 0.3446, 0.3446, 0.3446, 0.3446, 0.3446, 0.3446, 0.3446, 0.3446, 0.3446, 0.6387, 0.6387, 0.6387, 0.6387, 0.6387, 0.6387, 0.6387, 0.6387, 0.6387, 0.6387, 0.7161, 0.7161, 0.7161, 0.7161, 0.7161, 0.7161, 0.7161, 0.7161, 0.7161, 0.7161, 0.4693, 0.4693, 0.4693, 0.4693, 0.4693, 0.4693, 0.4693, 0.4693, 0.4693, 0.4693, 0.4598, 0.4598, 0.4598, 0.4598, 0.4598, 0.4598, 0.4598, 0.4598, 0.4598, 0.4598, 0.386, 0.386, 0.386, 0.386, 0.386, 0.386, 0.386, 0.386, 0.386, 0.386, 1.5494, 1.5494, 1.5494, 1.5494, 1.5494, 1.5494, 1.5494, 1.5494, 1.5494, 1.5494, 0.5022, 0.5022, 0.5022, 0.5022, 0.5022, 0.5022, 0.5022, 0.5022, 0.5022, 0.5022, 0.3444, 0.3444, 0.3444, 0.3444, 0.3444, 0.3444, 0.3444, 0.3444, 0.3444, 0.3444, 0.2312, 0.2312, 0.2312, 0.2312, 0.2312, 0.2312, 0.2312, 0.2312, 0.2312, 0.2312, 0.2017, 0.2017, 0.2017, 0.2017, 0.2017, 0.2017, 0.2017, 0.2017, 0.2017, 0.2017, 0.7215, 0.7215, 0.7215, 0.7215, 0.7215, 0.7215, 0.7215, 0.7215, 0.7215, 0.7215, 0.5252, 0.5252, 0.5252, 0.5252, 0.5252, 0.5252, 0.5252, 0.5252, 0.5252, 0.5252, 0.5056, 0.5056, 0.5056, 0.5056, 0.5056, 0.5056, 0.5056, 0.5056, 0.5056, 0.5056, 0.4986, 0.4986, 0.4986, 0.4986, 0.4986, 0.4986, 0.4986, 0.4986, 0.4986, 0.4986, 0.5938, 0.5938, 0.5938, 0.5938, 0.5938, 0.5938, 0.5938, 0.5938, 0.5938, 0.5938, 0.5857, 0.5857, 0.5857, 0.5857, 0.5857, 0.5857, 0.5857, 0.5857, 0.5857, 0.5857, 0.6121, 0.6121, 0.6121, 0.6121, 0.6121, 0.6121, 0.6121, 0.6121, 0.6121, 0.6121, 0.6137, 0.6137, 0.6137, 0.6137, 0.6137, 0.6137, 0.6137, 0.6137, 0.6137, 0.6137, 0.5285, 0.5285, 0.5285, 0.5285, 0.5285, 0.5285, 0.5285, 0.5285, 0.5285, 0.5285, 0.5578, 0.5578, 0.5578, 0.5578, 0.5578, 0.5578, 0.5578, 0.5578, 0.5578, 0.5578, 0.5809, 0.5809, 0.5809, 0.5809, 0.5809, 0.5809, 0.5809, 0.5809, 0.5809, 0.5809, 0.4754, 0.4754, 0.4754, 0.4754, 0.4754, 0.4754, 0.4754, 0.4754, 0.4754, 0.4754, 0.4364, 0.4364, 0.4364, 0.4364, 0.4364, 0.4364, 0.4364, 0.4364, 0.4364, 0.4364, 0.4652, 0.4652, 0.4652, 0.4652, 0.4652, 0.4652, 0.4652, 0.4652, 0.4652, 0.4652, 0.5685, 0.5685, 0.5685, 0.5685, 0.5685, 0.5685, 0.5685, 0.5685, 0.5685, 0.5685, 0.3953, 0.3953, 0.3953, 0.3953, 0.3953, 0.3953, 0.3953, 0.3953, 0.4471, 0.4471, 0.4471, 0.4471, 0.4471, 0.4471, 0.4471, 0.4471, 0.4471, 0.4471, 0.2126, 0.2126, 0.2126, 0.2126, 0.2126, 0.2126, 0.2126, 0.2126, 0.2126, 0.2126, 0.1529, 0.1529, 0.1529, 0.1529, 0.1529, 0.1529, 0.1529, 0.1529, 0.1529, 0.1529, 0.3778, 0.3778, 0.3778, 0.3778, 0.3778, 0.3778, 0.3778, 0.3778, 0.3778, 0.3778, 0.4118, 0.4118, 0.4118, 0.4118, 0.4118, 0.4118, 0.4118, 0.4118, 0.4118, 0.4118, 0.4364, 0.4364, 0.4364, 0.4364, 0.4364, 0.4364, 0.4364, 0.4364, 0.4364, 0.4364, 0.2015, 0.2015, 0.2015, 0.2015, 0.2015, 0.2015, 0.2015, 0.2015, 0.2015, 0.2015, 0.12, 0.12, 0.12, 0.12, 0.12, 0.12, 0.12, 0.12, 0.12, 0.12, 0.1704, 0.1704, 0.1704, 0.1704, 0.1704, 0.1704, 0.1704, 0.1704, 0.1704, 0.1704, 0.4404, 0.4404, 0.4404, 0.4404, 0.4404, 0.4404, 0.4404, 0.4404, 0.4404, 0.4404, 0.2539, 0.2539, 0.2539, 0.2539, 0.2539, 0.2539, 0.2539, 0.2539, 0.2539, 0.2539, 0.2176, 0.2176, 0.2176, 0.2176, 0.2176, 0.2176, 0.2176, 0.2176, 0.2176, 0.2176, 0.1047, 0.1047, 0.1047, 0.1047, 0.1047, 0.1047, 0.1047, 0.1047, 0.1047, 0.1047, 0.074, 0.074, 0.074, 0.074, 0.074, 0.074, 0.074, 0.074, 0.074, 0.074, 0.3861, 0.3861, 0.3861, 0.3861, 0.3861, 0.3861, 0.3861, 0.3861, 0.3861, 0.3861, 0.2963, 0.2963, 0.2963, 0.2963, 0.2963, 0.2963, 0.2963, 0.2963, 0.2963, 0.2963, 0.516, 0.516, 0.516, 0.516, 0.516, 0.516, 0.516, 0.516, 0.516, 0.516, 0.3504, 0.3504, 0.3504, 0.3504, 0.3504, 0.3504, 0.3504, 0.3504, 0.3504, 0.3504, 0.0785, 0.0785, 0.0785, 0.0785, 0.0785, 0.0785, 0.0785, 0.0785, 0.0785, 0.0785, 0.1536, 0.1536, 0.1536, 0.1536, 0.1536, 0.1536, 0.1536, 0.1536, 0.1536, 0.1536, 0.1991, 0.1991, 0.1991, 0.1991, 0.1991, 0.1991, 0.1991, 0.1991, 0.1991, 0.1991, 0.1173, 0.1173, 0.1173, 0.1173, 0.1173, 0.1173, 0.1173, 0.1173, 0.1173, 0.1173, 0.4112, 0.4112, 0.4112, 0.4112, 0.4112, 0.4112, 0.4112, 0.4112, 0.4112, 0.4112, 0.2435, 0.2435, 0.2435, 0.2435, 0.2435, 0.2435, 0.2435, 0.2435, 0.2435, 0.2435, 0.3022, 0.3022, 0.3022, 0.3022, 0.3022, 0.3022, 0.3022, 0.3022, 0.3022, 0.3022, 0.0663, 0.0663, 0.0663, 0.0663, 0.0663, 0.0663, 0.0663, 0.0663, 0.0663, 0.0663, 0.1737, 0.1737, 0.1737, 0.1737, 0.1737, 0.1737, 0.1737, 0.1737, 0.1737, 0.1737, 0.6846, 0.6846, 0.6846, 0.6846, 0.6846, 0.6846, 0.6846, 0.6846, 0.6846, 0.6846, 0.2706, 0.2706, 0.2706, 0.2706, 0.2706, 0.2706, 0.2706, 0.2706, 0.2706, 0.2706, 0.5065, 0.5065, 0.5065, 0.5065, 0.5065, 0.5065, 0.5065, 0.5065, 0.5065, 0.5065, 0.2613, 0.2613, 0.2613, 0.2613, 0.2613, 0.2613, 0.2613, 0.2613, 0.2613, 0.2613, 0.5713, 0.5713, 0.5713, 0.5713, 0.5713, 0.5713, 0.5713, 0.5713, 0.5713, 0.5713, 0.4279, 0.4279, 0.4279, 0.4279, 0.4279, 0.4279, 0.4279, 0.4279, 0.4279, 0.4279, 0.1834, 0.1834, 0.1834, 0.1834, 0.1834, 0.1834, 0.1834, 0.1834, 0.1834, 0.1834, 0.331, 0.331, 0.331, 0.331, 0.331, 0.331, 0.331, 0.331, 0.331, 0.331, 0.2546, 0.2546, 0.2546, 0.2546, 0.2546, 0.2546, 0.2546, 0.2546, 0.2546, 0.2546, 0.3392, 0.3392, 0.3392, 0.3392, 0.3392, 0.3392, 0.3392, 0.3392, 0.3392, 0.3392, 0.2328, 0.2328, 0.2328, 0.2328, 0.2328, 0.2328, 0.2328, 0.2328, 0.2328, 0.2328, 0.3167, 0.3167, 0.3167, 0.3167, 0.3167, 0.3167, 0.3167, 0.3167, 0.3167, 0.3167, 0.1172, 0.1172, 0.1172, 0.1172, 0.1172, 0.1172, 0.1172, 0.1172, 0.1172, 0.1172, 0.3771, 0.3771, 0.3771, 0.3771, 0.3771, 0.3771, 0.3771, 0.3771, 0.3771, 0.3771, 0.3495, 0.3495, 0.3495, 0.3495, 0.3495, 0.3495, 0.3495, 0.3495, 0.3495, 0.3495, 0.8297, 0.8297, 0.8297, 0.8297, 0.8297, 0.8297, 0.8297, 0.8297, 0.8297, 0.8297, 0.6807, 0.6807, 0.6807, 0.6807, 0.6807, 0.6807, 0.6807, 0.6807, 0.6807, 0.6807, 0.5347, 0.5347, 0.5347, 0.5347, 0.5347, 0.5347, 0.5347, 0.5347, 0.5347, 0.5347, 0.2685, 0.2685, 0.2685, 0.2685, 0.2685, 0.2685, 0.2685, 0.2685, 0.2685, 0.2685, 0.3406, 0.3406, 0.3406, 0.3406, 0.3406, 0.3406, 0.3406, 0.3406, 0.3406, 0.3406, 0.4186, 0.4186, 0.4186, 0.4186, 0.4186, 0.4186, 0.4186, 0.4186, 0.4186, 0.4186, 0.3009, 0.3009, 0.3009, 0.3009, 0.3009, 0.3009, 0.3009, 0.3009, 0.3009, 0.3009, 0.2603, 0.2603, 0.2603, 0.2603, 0.2603, 0.2603, 0.2603, 0.2603, 0.2603, 0.2603, 0.257, 0.257, 0.257, 0.257, 0.257, 0.257, 0.257, 0.257, 0.257, 0.257, 0.0827, 0.0827, 0.0827, 0.0827, 0.0827, 0.0827, 0.0827, 0.0827, 0.0827, 0.0827, 0.5028, 0.5028, 0.5028, 0.5028, 0.5028, 0.5028, 0.5028, 0.5028, 0.5028, 0.5028, 0.3703, 0.3703, 0.3703, 0.3703, 0.3703, 0.3703, 0.3703, 0.3703, 0.3703, 0.3703, 0.1871, 0.1871, 0.1871, 0.1871, 0.1871, 0.1871, 0.1871, 0.1871, 0.1871, 0.1871, 0.4118, 0.4118, 0.4118, 0.4118, 0.4118, 0.4118, 0.4118, 0.4118, 0.4118, 0.4118, 0.3186, 0.3186, 0.3186, 0.3186, 0.3186, 0.3186, 0.3186, 0.3186, 0.3186, 0.3186, 0.2304, 0.2304, 0.2304, 0.2304, 0.2304, 0.2304, 0.2304, 0.2304, 0.2304, 0.2304, 0.2839, 0.2839, 0.2839, 0.2839, 0.2839, 0.2839, 0.2839, 0.2839, 0.2839, 0.2839, 0.0779, 0.0779, 0.0779, 0.0779, 0.0779, 0.0779, 0.0779, 0.0779, 0.0779, 0.0779, 0.3491, 0.3491, 0.3491, 0.3491, 0.3491, 0.3491, 0.3491, 0.3491, 0.3491, 0.3491, 0.2621, 0.2621, 0.2621, 0.2621, 0.2621, 0.2621, 0.2621, 0.2621, 0.2621, 0.2621, 0.1728, 0.1728, 0.1728, 0.1728, 0.1728, 0.1728, 0.1728, 0.1728, 0.1728, 0.1728, 0.2824, 0.2824, 0.2824, 0.2824, 0.2824, 0.2824, 0.2824, 0.2824, 0.2824, 0.2824, 0.4506, 0.4506, 0.4506, 0.4506, 0.4506, 0.4506, 0.4506, 0.4506, 0.4506, 0.4506, 0.3028, 0.3028, 0.3028, 0.3028, 0.3028, 0.3028, 0.3028, 0.3028, 0.3028, 0.3028, 0.2492, 0.2492, 0.2492, 0.2492, 0.2492, 0.2492, 0.2492, 0.2492, 0.2492, 0.2492, 0.0888, 0.0888, 0.0888, 0.0888, 0.0888, 0.0888, 0.0888, 0.0888, 0.0888, 0.0888, 0.282, 0.282, 0.282, 0.282, 0.282, 0.282, 0.282, 0.282, 0.282, 0.282, 0.4583, 0.4583, 0.4583, 0.4583, 0.4583, 0.4583, 0.4583, 0.4583, 0.4583, 0.4583, 0.2721, 0.2721, 0.2721, 0.2721, 0.2721, 0.2721, 0.2721, 0.2721, 0.2721, 0.2721, 0.3508, 0.3508, 0.3508, 0.3508, 0.3508, 0.3508, 0.3508, 0.3508, 0.3508, 0.3508, 0.2204, 0.2204, 0.2204, 0.2204, 0.2204, 0.2204, 0.2204, 0.2204, 0.2204, 0.2204, 0.0614, 0.0614, 0.0614, 0.0614, 0.0614, 0.0614, 0.0614, 0.0614, 0.0614, 0.0614, 0.3785, 0.3785, 0.3785, 0.3785, 0.3785, 0.3785, 0.3785, 0.3785, 0.3785, 0.3785, 0.3339, 0.3339, 0.3339, 0.3339, 0.3339, 0.3339, 0.3339, 0.3339, 0.3339, 0.3339, 0.3427, 0.3427, 0.3427, 0.3427, 0.3427, 0.3427, 0.3427, 0.3427, 0.3427, 0.3427, 0.3254, 0.3254, 0.3254, 0.3254, 0.3254, 0.3254, 0.1591, 0.1591, 0.1591, 0.1591, 0.1591, 0.1591, 0.1591, 0.1591, 0.1591, 0.1591, 0.0961, 0.0961, 0.0961, 0.0961, 0.0961, 0.0961, 0.0961, 0.0961, 0.0961, 0.0961, 0.3111, 0.3111, 0.3111, 0.3111, 0.3111, 0.3111, 0.3111, 0.3111, 0.3111, 0.3111, 0.249, 0.249, 0.249, 0.249, 0.249, 0.249, 0.249, 0.249, 0.249, 0.249, 0.1967, 0.1967, 0.1967, 0.1967, 0.1967, 0.1967, 0.1967, 0.1967, 0.1967, 0.1967, 0.3177, 0.3177, 0.3177, 0.3177, 0.3177, 0.3177, 0.3177, 0.3177, 0.3177, 0.3177, 0.183, 0.183, 0.183, 0.183, 0.183, 0.183, 0.183, 0.183, 0.183, 0.183, 0.2417, 0.2417, 0.2417, 0.2417, 0.2417, 0.2417, 0.2417, 0.2417, 0.2417, 0.2417, 0.4704, 0.4704, 0.4704, 0.4704, 0.4704, 0.4704, 0.4704, 0.4704, 0.4704, 0.4704, 0.2987, 0.2987, 0.2987, 0.2987, 0.2987, 0.2987, 0.2987, 0.2987, 0.2987, 0.2987, 0.3014, 0.3014, 0.3014, 0.3014, 0.3014, 0.3014, 0.3014, 0.3014, 0.3014, 0.3014, 0.111, 0.111, 0.111, 0.111, 0.111, 0.111, 0.111, 0.111, 0.111, 0.111, 0.3876, 0.3876, 0.3876, 0.3876, 0.3876, 0.3876, 0.3876, 0.3876, 0.3876, 0.3876, 0.0335, 0.0335, 0.0335, 0.0335, 0.0335, 0.0335, 0.0335, 0.0335, 0.0335, 0.0335, 0.3209, 0.3209, 0.3209, 0.3209, 0.3209, 0.3209, 0.3209, 0.3209, 0.3209, 0.3209, 0.4209, 0.4209, 0.4209, 0.4209, 0.4209, 0.4209, 0.4209, 0.4209, 0.4209, 0.4209, 0.1345, 0.1345, 0.1345, 0.1345, 0.1345, 0.1345, 0.1345, 0.1345, 0.1345, 0.1345, 0.1198, 0.1198, 0.1198, 0.1198, 0.1198, 0.1198, 0.1198, 0.1198, 0.1198, 0.1198, 0.1424, 0.1424, 0.1424, 0.1424, 0.1424, 0.1424, 0.1424, 0.1424, 0.1424, 0.1424, 0.2541, 0.2541, 0.2541, 0.2541, 0.2541, 0.2541, 0.2541, 0.2541, 0.2541, 0.2541, 0.0266, 0.0266, 0.0266, 0.0266, 0.0266, 0.0266, 0.0266, 0.0266, 0.0266, 0.0266, 0.1426, 0.1426, 0.1426, 0.1426, 0.1426, 0.1426, 0.1426, 0.1426, 0.1426, 0.1426, 0.0806, 0.0806, 0.0806, 0.0806, 0.0806, 0.0806, 0.0806, 0.0806, 0.0806, 0.0806, 0.0296, 0.0296, 0.0296, 0.0296, 0.0296, 0.0296, 0.0296, 0.0296, 0.0296, 0.0296, 0.1657, 0.1657, 0.1657, 0.1657, 0.1657, 0.1657, 0.1657, 0.1657, 0.1657, 0.1657, 0.2327, 0.2327, 0.2327, 0.2327, 0.2327, 0.2327, 0.2327, 0.2327, 0.2327, 0.2327, 0.0643, 0.0643, 0.0643, 0.0643, 0.0643, 0.0643, 0.0643, 0.0643, 0.0643, 0.0643, 0.1525, 0.1525, 0.1525, 0.1525, 0.1525, 0.1525, 0.1525, 0.1525, 0.1525, 0.1525, 0.3707, 0.3707, 0.3707, 0.3707, 0.3707, 0.3707, 0.3707, 0.3707, 0.3707, 0.3707, 0.2508, 0.2508, 0.2508, 0.2508, 0.2508, 0.2508, 0.2508, 0.2508, 0.2508, 0.2508, 0.0787, 0.0787, 0.0787, 0.0787, 0.0787, 0.0787, 0.0787, 0.0787, 0.0787, 0.0787, 0.3738, 0.3738, 0.3738, 0.3738, 0.3738, 0.3738, 0.3738, 0.3738, 0.3738, 0.3738, 0.2567, 0.2567, 0.2567, 0.2567, 0.2567, 0.2567, 0.2567, 0.2567, 0.2567, 0.2567, 0.1481, 0.1481, 0.1481, 0.1481, 0.1481, 0.1481, 0.1481, 0.1481, 0.1481, 0.1481, 0.1247, 0.1247, 0.1247, 0.1247, 0.1247, 0.1247, 0.1247, 0.1247, 0.1247, 0.1247, 0.309, 0.309, 0.309, 0.309, 0.309, 0.309, 0.309, 0.309, 0.309, 0.309, 0.1415, 0.1415, 0.1415, 0.1415, 0.1415, 0.1415, 0.1415, 0.1415, 0.1415, 0.1415, 0.4003, 0.4003, 0.4003, 0.4003, 0.4003, 0.4003, 0.4003, 0.4003, 0.4003, 0.4003, 0.0075, 0.0075, 0.0075, 0.0075, 0.0075, 0.0075, 0.0075, 0.0075, 0.0075, 0.0075, 0.1764, 0.1764, 0.1764, 0.1764, 0.1764, 0.1764, 0.1764, 0.1764, 0.1764, 0.1764, 0.382, 0.382, 0.382, 0.382, 0.382, 0.382, 0.382, 0.382, 0.382, 0.382, 0.1641, 0.1641, 0.1641, 0.1641, 0.1641, 0.1641, 0.1641, 0.1641, 0.1641, 0.1641, 0.1446, 0.1446, 0.1446, 0.1446, 0.1446, 0.1446, 0.1446, 0.1446, 0.1446, 0.1446, 0.1678, 0.1678, 0.1678, 0.1678, 0.1678, 0.1678, 0.1678, 0.1678, 0.1678, 0.1678, 0.0882, 0.0882, 0.0882, 0.0882, 0.0882, 0.0882, 0.0882, 0.0882, 0.0882, 0.0882, 0.4681, 0.4681, 0.4681, 0.4681, 0.4681, 0.4681, 0.4681, 0.4681, 0.4681, 0.4681, 0.2756, 0.2756, 0.2756, 0.2756, 0.2756, 0.2756, 0.2756, 0.2756, 0.2756, 0.2756, 0.1407, 0.1407, 0.1407, 0.1407, 0.1407, 0.1407, 0.1407, 0.1407, 0.1407, 0.1407, 0.3494, 0.3494, 0.3494, 0.3494, 0.3494, 0.3494, 0.3494, 0.3494, 0.3494, 0.3494, 0.1449, 0.1449, 0.1449, 0.1449, 0.1449, 0.1449, 0.1449, 0.1449, 0.1449, 0.1449, 0.2507, 0.2507, 0.2507, 0.2507, 0.2507, 0.2507, 0.2507, 0.2507, 0.2507, 0.2507, 0.0881, 0.0881, 0.0881, 0.0881, 0.0881, 0.0881, 0.0881, 0.0881, 0.0881, 0.0881, 0.0057, 0.0057, 0.0057, 0.0057, 0.0057, 0.0057, 0.0057, 0.0057, 0.0057, 0.0057, 0.0749, 0.0749, 0.0749, 0.0749, 0.0749, 0.0749, 0.0749, 0.0749, 0.0749, 0.0749, 0.3809, 0.3809, 0.3809, 0.3809, 0.3809, 0.3809, 0.3809, 0.3809, 0.3809, 0.3809, 0.1474, 0.1474, 0.1474, 0.1474, 0.1474, 0.1474, 0.1474, 0.1474, 0.1474, 0.1474, 0.3159, 0.3159, 0.3159, 0.3159, 0.3159, 0.3159, 0.3159, 0.3159, 0.3159, 0.3159, 0.0442, 0.0442, 0.0442, 0.0442, 0.0442, 0.0442, 0.0442, 0.0442, 0.0442, 0.0442, 0.344, 0.344, 0.344, 0.344, 0.344, 0.344, 0.344, 0.344, 0.344, 0.344, 0.1378, 0.1378, 0.1378, 0.1378, 0.1378, 0.1378, 0.1378, 0.1378, 0.1378, 0.1378, 0.3405, 0.3405, 0.3405, 0.3405, 0.3405, 0.3405, 0.3405, 0.3405, 0.3405, 0.3405, 0.5185, 0.5185, 0.5185, 0.5185, 0.5185, 0.5185, 0.5185, 0.5185, 0.5185, 0.5185, 0.0597, 0.0597, 0.0597, 0.0597, 0.0597, 0.0597, 0.0597, 0.0597, 0.0597, 0.0597, 0.0568, 0.0568, 0.0568, 0.0568, 0.0568, 0.0568, 0.0568, 0.0568, 0.0568, 0.0568, 0.2058, 0.2058, 0.2058, 0.2058, 0.2058, 0.2058, 0.2058, 0.2058, 0.2058, 0.2058, 0.0046, 0.0046, 0.0046, 0.0046, 0.0046, 0.0046, 0.0046, 0.0046, 0.0046, 0.0046, 0.2652, 0.2652, 0.2652, 0.2652, 0.2652, 0.2652, 0.2652, 0.2652, 0.2652, 0.2652, 0.3025, 0.3025, 0.3025, 0.3025, 0.3025, 0.3025, 0.3025, 0.3025, 0.3025, 0.3025, 0.1905, 0.1905, 0.1905, 0.1905, 0.1905, 0.1905, 0.1905, 0.1905, 0.1905, 0.1905, 0.3147, 0.3147, 0.3147, 0.3147, 0.3147, 0.3147, 0.3147, 0.3147, 0.3147, 0.3147, 0.2212, 0.2212, 0.2212, 0.2212, 0.2212, 0.2212, 0.2212, 0.2212, 0.2212, 0.2212, 0.2632, 0.2632, 0.2632, 0.2632, 0.2632, 0.2632, 0.2632, 0.2632, 0.2632, 0.2632, 0.2452, 0.2452, 0.2452, 0.2452, 0.2452, 0.2452, 0.2452, 0.2452, 0.2452, 0.2452, 0.0634, 0.0634, 0.0634, 0.0634, 0.0634, 0.0634, 0.0634, 0.0634, 0.0634, 0.0634, 0.1936, 0.1936, 0.1936, 0.1936, 0.1936, 0.1936, 0.1936, 0.1936, 0.1936, 0.1936, 0.0574, 0.0574, 0.0574, 0.0574, 0.0574, 0.0574, 0.0574, 0.0574, 0.0574, 0.0574, 0.1738, 0.1738, 0.1738, 0.1738, 0.1738, 0.1738, 0.1738, 0.1738, 0.1738, 0.1738, 0.1419, 0.1419, 0.1419, 0.1419, 0.0044, 0.0044, 0.0044, 0.0044, 0.0044, 0.0044, 0.0044, 0.0044, 0.0044, 0.0044, 0.1063, 0.1063, 0.1063, 0.1063, 0.1063, 0.1063, 0.1063, 0.1063, 0.1063, 0.1063, 0.1786, 0.1786, 0.1786, 0.1786, 0.1786, 0.1786, 0.1786, 0.1786, 0.1786, 0.1786, 0.5147, 0.5147, 0.5147, 0.5147, 0.5147, 0.5147, 0.5147, 0.5147, 0.5147, 0.5147, 0.1689, 0.1689, 0.1689, 0.1689, 0.1689, 0.1689, 0.1689, 0.1689, 0.1689, 0.1689, 0.1274, 0.1274, 0.1274, 0.1274, 0.1274, 0.1274, 0.1274, 0.1274, 0.1274, 0.1274, 0.1731, 0.1731, 0.1731, 0.1731, 0.1731, 0.1731, 0.1731, 0.1731, 0.1731, 0.1731, 0.0566, 0.0566, 0.0566, 0.0566, 0.0566, 0.0566, 0.0566, 0.0566, 0.0566, 0.0566, 0.1127, 0.1127, 0.1127, 0.1127, 0.1127, 0.1127, 0.1127, 0.1127, 0.1127, 0.1127, 0.0038, 0.0038, 0.0038, 0.0038, 0.0038, 0.0038, 0.0038, 0.0038, 0.0038, 0.0038, 0.0023, 0.0023, 0.0023, 0.0023, 0.0023, 0.0023, 0.0023, 0.0023, 0.0023, 0.0023, 0.0068, 0.0068, 0.0068, 0.0068, 0.0068, 0.0068, 0.0068, 0.0068, 0.0068, 0.0068, 0.0985, 0.0985, 0.0985, 0.0985, 0.0985, 0.0985, 0.0985, 0.0985, 0.0985, 0.0985, 0.197, 0.197, 0.197, 0.197, 0.197, 0.197, 0.197, 0.197, 0.197, 0.197, 0.0761, 0.0761, 0.0761, 0.0761, 0.0761, 0.0761, 0.0761, 0.0761, 0.0761, 0.0761, 0.3291, 0.3291, 0.3291, 0.3291, 0.3291, 0.3291, 0.3291, 0.3291, 0.3291, 0.3291, 0.1846, 0.1846, 0.1846, 0.1846, 0.1846, 0.1846, 0.1846, 0.1846, 0.1846, 0.1846, 0.269, 0.269, 0.269, 0.269, 0.269, 0.269, 0.269, 0.269, 0.269, 0.269, 0.0056, 0.0056, 0.0056, 0.0056, 0.0056, 0.0056, 0.0056, 0.0056, 0.0056, 0.0056, 0.2239, 0.2239, 0.2239, 0.2239, 0.2239, 0.2239, 0.2239, 0.2239, 0.2239, 0.2239, 0.2957, 0.2957, 0.2957, 0.2957, 0.2957, 0.2957, 0.2957, 0.2957, 0.2957, 0.2957, 0.0626, 0.0626, 0.0626, 0.0626, 0.0626, 0.0626, 0.0626, 0.0626, 0.0626, 0.0626, 0.2796, 0.2796, 0.2796, 0.2796, 0.2796, 0.2796, 0.2796, 0.2796, 0.2796, 0.2796, 0.1571, 0.1571, 0.1571, 0.1571, 0.1571, 0.1571, 0.1571, 0.1571, 0.1571, 0.1571, 0.3617, 0.3617, 0.3617, 0.3617, 0.3617, 0.3617, 0.3617, 0.3617, 0.3617, 0.3617, 0.2049, 0.2049, 0.2049, 0.2049, 0.2049, 0.2049, 0.2049, 0.2049, 0.2049, 0.2049, 0.039, 0.039, 0.039, 0.039, 0.039, 0.039, 0.039, 0.039, 0.039, 0.039, 0.0769, 0.0769, 0.0769, 0.0769, 0.0769, 0.0769, 0.0769, 0.0769, 0.0769, 0.0769, 0.0781, 0.0781, 0.0781, 0.0781, 0.0781, 0.0781, 0.0781, 0.0781, 0.0781, 0.0781, 0.1267, 0.1267, 0.1267, 0.1267, 0.1267, 0.1267, 0.1267, 0.1267, 0.1267, 0.1267, 0.2074, 0.2074, 0.2074, 0.2074, 0.2074, 0.2074, 0.2074, 0.2074, 0.2074, 0.2074, 0.011, 0.011, 0.011, 0.011, 0.011, 0.011, 0.011, 0.011, 0.011, 0.011, 0.0035, 0.0035, 0.0035, 0.0035, 0.0035, 0.0035, 0.0035, 0.0035, 0.0035, 0.0035, 0.2625, 0.2625, 0.2625, 0.2625, 0.2625, 0.2625, 0.2625, 0.2625, 0.2625, 0.2625, 0.106, 0.106, 0.106, 0.106, 0.106, 0.106, 0.106, 0.106, 0.106, 0.106, 0.1463, 0.1463, 0.1463, 0.1463, 0.1463, 0.1463, 0.1463, 0.1463, 0.1463, 0.1463, 0.0021, 0.0021, 0.0021, 0.0021, 0.0021, 0.0021, 0.0021, 0.0021, 0.0021, 0.0021, 0.0792, 0.0792, 0.0792, 0.0792, 0.0792, 0.0792, 0.0792, 0.0792, 0.0792, 0.0792, 0.0025, 0.0025, 0.0025, 0.0025, 0.0025, 0.0025, 0.0025, 0.0025, 0.0025, 0.0025, 0.1596, 0.1596, 0.1596, 0.1596, 0.1596, 0.1596, 0.1596, 0.1596, 0.1596, 0.1596, 0.1429, 0.1429, 0.1429, 0.1429, 0.1429, 0.1429, 0.1429, 0.1429, 0.1429, 0.1429, 0.1206, 0.1206, 0.1206, 0.1206, 0.1206, 0.1206, 0.1206, 0.1206, 0.1206, 0.1206, 0.0035, 0.0035, 0.0035, 0.0035, 0.0035, 0.0035, 0.0035, 0.0035, 0.0035, 0.0035, 0.0831, 0.0831, 0.0831, 0.0831, 0.0831, 0.0831, 0.0831, 0.0831, 0.0831, 0.0831, 0.05, 0.05, 0.05, 0.05, 0.05, 0.05, 0.05, 0.05, 0.05, 0.05, 0.0025, 0.0025, 0.0025, 0.0025, 0.0025, 0.0025, 0.0025, 0.0025, 0.0025, 0.0025, 0.2757, 0.2757, 0.2757, 0.2757, 0.2757, 0.2757, 0.2757, 0.2757, 0.2757, 0.2757, 0.1328, 0.1328, 0.1328, 0.1328, 0.1328, 0.1328, 0.1328, 0.1328, 0.1328, 0.1328, 0.2276, 0.2276, 0.2276, 0.2276, 0.2276, 0.2276, 0.2276, 0.2276, 0.2276, 0.2276, 0.214, 0.214, 0.214, 0.214, 0.214, 0.214, 0.214, 0.214, 0.214, 0.214, 0.16, 0.16, 0.16, 0.16, 0.16, 0.16, 0.16, 0.16, 0.16, 0.16, 0.2384, 0.2384, 0.2384, 0.2384, 0.2384, 0.2384, 0.2384, 0.2384, 0.2384, 0.2384, 0.1534, 0.1534, 0.1534, 0.1534, 0.1534, 0.1534, 0.1534, 0.1534, 0.1534, 0.1534, 0.0709, 0.0709, 0.0709, 0.0709, 0.0709, 0.0709, 0.0709, 0.0709, 0.0709, 0.0709, 0.0027, 0.0027, 0.0027, 0.0027, 0.0027, 0.0027, 0.0027, 0.0027, 0.0027, 0.0027, 0.1199, 0.1199, 0.1199, 0.1199, 0.1199, 0.1199, 0.1199, 0.1199, 0.1199, 0.1199, 0.0637, 0.0637, 0.0637, 0.0637, 0.0637, 0.0637, 0.0637, 0.0637, 0.0637, 0.0637, 0.0723, 0.0723, 0.0723, 0.0723, 0.0723, 0.0723, 0.0723, 0.0723, 0.0723, 0.0723, 0.1056, 0.1056, 0.1056, 0.1056, 0.1056, 0.1056, 0.1056, 0.1056, 0.1056, 0.1056, 0.002, 0.002, 0.002, 0.002, 0.002, 0.002, 0.002, 0.002, 0.002, 0.002, 0.1655, 0.1655, 0.1655, 0.1655, 0.1655, 0.1655, 0.1655, 0.1655, 0.1655, 0.1655, 0.1529, 0.1529, 0.1529, 0.1529, 0.1529, 0.1529, 0.1529, 0.1529, 0.1529, 0.1529, 0.0015, 0.0015, 0.0015, 0.0015, 0.0015, 0.0015, 0.0015, 0.0015, 0.0015, 0.0015, 0.2052, 0.2052, 0.2052, 0.2052, 0.2052, 0.2052, 0.2052, 0.2052, 0.2052, 0.2052, 0.26, 0.26, 0.26, 0.26, 0.26, 0.26, 0.26, 0.26, 0.26, 0.26, 0.3401, 0.3401, 0.3401, 0.3401, 0.3401, 0.3401, 0.3401, 0.3401, 0.3401, 0.3401, 0.324, 0.324, 0.324, 0.324, 0.324, 0.324, 0.324, 0.324, 0.324, 0.324, 0.1744, 0.1744, 0.1744, 0.1744, 0.1744, 0.1744, 0.1744, 0.1744, 0.1744, 0.1744, 0.2474, 0.2474, 0.2474, 0.2474, 0.2474, 0.2474, 0.2474, 0.2474, 0.2474, 0.2474, 0.1053, 0.1053, 0.1053, 0.1053, 0.1053, 0.1053, 0.1053, 0.1053, 0.1053, 0.1053, 0.0354, 0.0354, 0.0354, 0.0354, 0.0354, 0.0354, 0.0354, 0.0354, 0.0354, 0.0354, 0.0597, 0.0597, 0.0597, 0.0597, 0.0597, 0.0597, 0.0597, 0.0597, 0.0597, 0.0597, 0.1257, 0.1257, 0.1257, 0.1257, 0.1257, 0.1257, 0.1257, 0.1257, 0.1257, 0.1257, 0.0107, 0.0107, 0.0107, 0.0107, 0.0107, 0.0107, 0.0107, 0.0107, 0.0107, 0.0107, 0.2532, 0.2532, 0.2532, 0.2532, 0.2532, 0.2532, 0.2532, 0.2532, 0.2532, 0.2532, 0.1374, 0.1374, 0.1374, 0.1374, 0.1374, 0.1374, 0.1374, 0.1374, 0.1374, 0.1374, 0.0968, 0.0968, 0.0968, 0.0968, 0.0968, 0.0968, 0.0968, 0.0968, 0.0968, 0.0968, 0.007, 0.007, 0.1241, 0.1241, 0.1241, 0.1241, 0.1241, 0.1241, 0.1241, 0.1241, 0.1241, 0.1241, 0.1097, 0.1097, 0.1097, 0.1097, 0.1097, 0.1097, 0.1097, 0.1097, 0.1097, 0.1097, 0.1221, 0.1221, 0.1221, 0.1221, 0.1221, 0.1221, 0.1221, 0.1221, 0.1221, 0.1221, 0.0332, 0.0332, 0.0332, 0.0332, 0.0332, 0.0332, 0.0332, 0.0332, 0.0332, 0.0332, 0.0661, 0.0661, 0.0661, 0.0661, 0.0661, 0.0661, 0.0661, 0.0661, 0.0661, 0.0661, 0.0053, 0.0053, 0.0053, 0.0053, 0.0053, 0.0053, 0.0053, 0.0053, 0.0053, 0.0053, 0.0944, 0.0944, 0.0944, 0.0944, 0.0944, 0.0944, 0.0944, 0.0944, 0.0944, 0.0944, 0.0778, 0.0778, 0.0778, 0.0778, 0.0778, 0.0778, 0.0778, 0.0778, 0.0778, 0.0778, 0.0858, 0.0858, 0.0858, 0.0858, 0.0858, 0.0858, 0.0858, 0.0858, 0.0858, 0.0858, 0.2467, 0.2467, 0.2467, 0.2467, 0.2467, 0.2467, 0.2467, 0.2467, 0.2467, 0.2467, 0.0595, 0.0595, 0.0595, 0.0595, 0.0595, 0.0595, 0.0595, 0.0595, 0.0595, 0.0595, 0.0019, 0.0019, 0.0019, 0.0019, 0.0019, 0.0019, 0.0019, 0.0019, 0.0019, 0.0019, 0.0718, 0.0718, 0.0718, 0.0718, 0.0718, 0.0718, 0.0718, 0.0718, 0.0718, 0.0718, 0.0017, 0.0017, 0.0017, 0.0017, 0.0017, 0.0017, 0.0017, 0.0017, 0.0017, 0.0017, 0.0023, 0.0023, 0.0023, 0.0023, 0.0023, 0.0023, 0.0023, 0.0023, 0.0023, 0.0023, 0.1168, 0.1168, 0.1168, 0.1168, 0.1168, 0.1168, 0.1168, 0.1168, 0.1168, 0.1168, 0.1237, 0.1237, 0.1237, 0.1237, 0.1237, 0.1237, 0.1237, 0.1237, 0.1237, 0.1237, 0.0021, 0.0021, 0.0021, 0.0021, 0.0021, 0.0021, 0.0021, 0.0021, 0.0021, 0.0021, 0.0031, 0.0031, 0.0031, 0.0031, 0.0031, 0.0031, 0.0031, 0.0031, 0.0031, 0.0031, 0.1466, 0.1466, 0.1466, 0.1466, 0.1466, 0.1466, 0.1466, 0.1466, 0.1466, 0.1466, 0.2404, 0.2404, 0.2404, 0.2404, 0.2404, 0.2404, 0.2404, 0.2404, 0.2404, 0.2404, 0.1868, 0.1868, 0.1868, 0.1868, 0.1868, 0.1868, 0.1868, 0.1868, 0.1868, 0.1868, 0.0019, 0.0019, 0.0019, 0.0019, 0.0019, 0.0019, 0.0019, 0.0019, 0.0019, 0.0019, 0.1936, 0.1936, 0.1936, 0.1936, 0.1936, 0.1936, 0.1936, 0.1936, 0.1936, 0.1936, 0.0032, 0.0032, 0.0032, 0.0032, 0.0032, 0.0032, 0.0032, 0.0032, 0.0032, 0.0032, 0.1862, 0.1862, 0.1862, 0.1862, 0.1862, 0.1862, 0.1862, 0.1862, 0.1862, 0.1862, 0.003, 0.003, 0.003, 0.003, 0.003, 0.003, 0.003, 0.003, 0.003, 0.003, 0.0028, 0.0028, 0.0028, 0.0028, 0.0028, 0.0028, 0.0028, 0.0028, 0.0028, 0.0028, 0.0149, 0.0149, 0.0149, 0.0149, 0.0149, 0.0149, 0.0149, 0.0149, 0.0149, 0.0149, 0.015, 0.015, 0.015, 0.015, 0.015, 0.015, 0.015, 0.015, 0.015, 0.015, 0.0725, 0.0725, 0.0725, 0.0725, 0.0725, 0.0725, 0.0725, 0.0725, 0.0725, 0.0725, 0.164, 0.164, 0.164, 0.164, 0.164, 0.164, 0.164, 0.164, 0.164, 0.164, 0.087, 0.087, 0.087, 0.087, 0.087, 0.087, 0.087, 0.087, 0.087, 0.087, 0.0021, 0.0021, 0.0021, 0.0021, 0.0021, 0.0021, 0.0021, 0.0021, 0.0021, 0.0021, 0.0022, 0.0022, 0.0022, 0.0022, 0.0022, 0.0022, 0.0022, 0.0022, 0.0022, 0.0022, 0.0013, 0.0013, 0.0013, 0.0013, 0.0013, 0.0013, 0.0013, 0.0013, 0.0013, 0.0013, 0.4405, 0.4405, 0.4405, 0.4405, 0.4405, 0.4405, 0.4405, 0.4405, 0.4405, 0.4405, 0.0037, 0.0037, 0.0037, 0.0037, 0.0037, 0.0037, 0.0037, 0.0037, 0.0037, 0.0037, 0.0038, 0.0038, 0.0038, 0.0038, 0.0038, 0.0038, 0.0038, 0.0038, 0.0038, 0.0038, 0.1362, 0.1362, 0.1362, 0.1362, 0.1362, 0.1362, 0.1362, 0.1362, 0.1362, 0.1362, 0.0893, 0.0893, 0.0893, 0.0893, 0.0893, 0.0893, 0.0893, 0.0893, 0.0893, 0.0893, 0.0025, 0.0025, 0.0025, 0.0025, 0.0025, 0.0025, 0.0025, 0.0025, 0.0025, 0.0025, 0.083, 0.083, 0.083, 0.083, 0.083, 0.083, 0.083, 0.083, 0.083, 0.083, 0.0781, 0.0781, 0.0781, 0.0781, 0.0781, 0.0781, 0.0781, 0.0781, 0.0781, 0.0781, 0.1983, 0.1983, 0.1983, 0.1983, 0.1983, 0.1983, 0.1983, 0.1983, 0.1983, 0.1983, 0.0435, 0.0435, 0.0435, 0.0435, 0.0435, 0.0435, 0.0435, 0.0435, 0.0435, 0.0435, 0.0023, 0.0023, 0.0023, 0.0023, 0.0023, 0.0023, 0.0023, 0.0023, 0.0023, 0.0023, 0.2068, 0.2068, 0.2068, 0.2068, 0.2068, 0.2068, 0.2068, 0.2068, 0.2068, 0.2068, 0.2824, 0.2824, 0.2824, 0.2824, 0.2824, 0.2824, 0.2824, 0.2824, 0.2824, 0.2824, 0.0839, 0.0839, 0.0839, 0.0839, 0.0839, 0.0839, 0.0839, 0.0839, 0.0839, 0.0839, 0.2019, 0.2019, 0.2019, 0.2019, 0.2019, 0.2019, 0.2019, 0.2019, 0.2019, 0.2019, 0.006, 0.006, 0.006, 0.006, 0.006, 0.006, 0.006, 0.006, 0.006, 0.006, 0.004, 0.004, 0.004, 0.004, 0.004, 0.004, 0.004, 0.004, 0.004, 0.004, 0.1454, 0.1454, 0.1454, 0.1454, 0.1454, 0.1454, 0.1454, 0.1454, 0.1454, 0.1454, 0.002, 0.002, 0.002, 0.002, 0.002, 0.002, 0.002, 0.002, 0.002, 0.002, 0.1883, 0.1883, 0.1883, 0.1883, 0.1883, 0.1883, 0.1883, 0.1883, 0.1883, 0.1883, 0.0025, 0.0025, 0.0025, 0.0025, 0.0025, 0.0025, 0.0025, 0.0025, 0.0025, 0.0025, 0.0021, 0.0021, 0.0021, 0.0021, 0.0021, 0.0021, 0.0021, 0.0021, 0.0021, 0.0021, 0.1169, 0.1169, 0.1169, 0.1169, 0.1169, 0.1169, 0.1169, 0.1169, 0.1169, 0.1169, 0.0048, 0.0048, 0.0048, 0.0048, 0.0048, 0.0048, 0.0048, 0.0048, 0.0048, 0.0048, 0.2392, 0.2392, 0.2392, 0.2392, 0.2392, 0.2392, 0.2392, 0.2392, 0.2392, 0.2392, 0.0129, 0.0129, 0.0129, 0.0129, 0.0129, 0.0129, 0.0129, 0.0129, 0.0129, 0.0129, 0.0725, 0.0725, 0.0725, 0.0725, 0.0725, 0.0725, 0.0725, 0.0725, 0.0725, 0.0725, 0.0188, 0.0188, 0.0188, 0.0188, 0.0188, 0.0188, 0.0188, 0.0188, 0.0188, 0.0188, 0.1088, 0.1088, 0.1088, 0.1088, 0.1088, 0.1088, 0.1088, 0.1088, 0.1088, 0.1088, 0.0579, 0.0579, 0.0579, 0.0579, 0.0579, 0.0579, 0.0579, 0.0579, 0.0579, 0.0579, 0.0018, 0.0018, 0.0018, 0.0018, 0.0018, 0.0018, 0.0018, 0.0018, 0.0018, 0.0018, 0.0013, 0.0013, 0.0013, 0.0013, 0.0013, 0.0013, 0.0013, 0.0013, 0.0013, 0.0013, 0.3676, 0.3676, 0.3676, 0.3676, 0.3676, 0.3676, 0.3676, 0.3676, 0.3676, 0.3676, 0.2352, 0.2352, 0.2352, 0.2352, 0.2352, 0.2352, 0.2352, 0.2352, 0.2352, 0.2352, 0.0829, 0.0829, 0.0829, 0.0829, 0.0829, 0.0829, 0.0829, 0.0829, 0.0829, 0.0829, 0.0013, 0.0013, 0.0013, 0.0013, 0.0013, 0.0013, 0.0013, 0.0013, 0.0013, 0.0013, 0.1985, 0.1985, 0.1985, 0.1985, 0.1985, 0.1985, 0.1985, 0.1985, 0.1985, 0.1985, 0.0045, 0.0045, 0.0045, 0.0045, 0.0045, 0.0045, 0.0045, 0.0045, 0.0045, 0.0045, 0.2214, 0.2214, 0.2214, 0.2214, 0.2214, 0.2214, 0.2214, 0.2214, 0.2214, 0.2214, 0.0468, 0.0468, 0.0468, 0.0468, 0.0468, 0.0468, 0.0468, 0.0468, 0.0468, 0.0468, 0.0467, 0.0467, 0.0467, 0.0467, 0.0467, 0.0467, 0.0467, 0.0467, 0.0467, 0.0467, 0.392, 0.392, 0.392, 0.392, 0.392, 0.392, 0.392, 0.392, 0.392, 0.392, 0.1432, 0.1432, 0.1432, 0.1432, 0.1432, 0.1432, 0.1432, 0.1432, 0.1432, 0.1432, 0.0018, 0.0018, 0.0018, 0.0018, 0.0018, 0.0018, 0.0018, 0.0018, 0.0018, 0.0018, 0.0016, 0.0016, 0.0016, 0.0016, 0.0016, 0.0016, 0.0016, 0.0016, 0.0016, 0.0016, 0.0819, 0.0819, 0.0819, 0.0819, 0.0819, 0.0819, 0.0819, 0.0819, 0.0819, 0.0819, 0.0709, 0.0709, 0.0709, 0.0709, 0.0709, 0.0709, 0.0709, 0.0709, 0.0709, 0.0709, 0.0016, 0.0016, 0.0016, 0.0016, 0.0016, 0.0016, 0.0016, 0.0016, 0.0016, 0.0016, 0.075, 0.075, 0.075, 0.075, 0.075, 0.075, 0.075, 0.075, 0.075, 0.075, 0.1221, 0.1221, 0.1221, 0.1221, 0.1221, 0.1221, 0.1221, 0.1221, 0.1221, 0.1221, 0.0023, 0.0023, 0.0023, 0.0023, 0.0023, 0.0023, 0.0023, 0.0023, 0.0023, 0.0023, 0.1024, 0.1024, 0.1024, 0.1024, 0.1024, 0.1024, 0.1024, 0.1024, 0.1024, 0.1024, 0.0104, 0.0104, 0.0104, 0.0104, 0.0104, 0.0104, 0.0104, 0.0104, 0.0104, 0.0104, 0.1867, 0.1867, 0.1867, 0.1867, 0.1867, 0.1867, 0.1867, 0.1867, 0.1867, 0.1867, 0.0032, 0.0032, 0.0032, 0.0032, 0.0032, 0.0032, 0.0032, 0.0032, 0.0032, 0.0032, 0.0566, 0.0566, 0.0566, 0.0566, 0.0566, 0.0566, 0.0566, 0.0566, 0.0566, 0.0566, 0.0931, 0.0931, 0.0931, 0.0931, 0.0931, 0.0931, 0.0931, 0.0931, 0.0931, 0.0931, 0.005, 0.005, 0.005, 0.005, 0.005, 0.005, 0.005, 0.005, 0.005, 0.005, 0.0018, 0.0018, 0.0018, 0.0018, 0.0018, 0.0018, 0.0018, 0.0018, 0.0018, 0.0018, 0.1693, 0.1693, 0.1693, 0.1693, 0.1693, 0.1693, 0.1693, 0.1693, 0.1693, 0.1693, 0.0016, 0.0016, 0.0016, 0.0016, 0.0016, 0.0016, 0.0016, 0.0016, 0.0016, 0.0016, 0.0768, 0.0768, 0.0768, 0.0768, 0.0768, 0.0768, 0.0768, 0.0768, 0.0768, 0.0768, 0.0018, 0.0018, 0.0018, 0.0018, 0.0018, 0.0018, 0.0018, 0.0018, 0.0018, 0.0018, 0.0025, 0.0025, 0.0025, 0.0025, 0.0025, 0.0025, 0.0025, 0.0025, 0.0025, 0.0025, 0.0887, 0.0887, 0.0887, 0.0887, 0.0887, 0.0887, 0.0887, 0.0887, 0.0887, 0.0887, 0.0011, 0.0011, 0.0011, 0.0011, 0.0011, 0.0011, 0.0011, 0.0011, 0.0011, 0.0011, 0.0645, 0.0645, 0.0645, 0.0645, 0.0645, 0.0645, 0.0645, 0.0645, 0.0645, 0.0645, 0.2007, 0.2007, 0.2007, 0.2007, 0.2007, 0.2007, 0.2007, 0.2007, 0.2007, 0.2007, 0.0916, 0.0916, 0.0916, 0.0916, 0.0916, 0.0916, 0.0916, 0.0916, 0.0916, 0.0916, 0.0014, 0.0014, 0.0014, 0.0014, 0.0014, 0.0014, 0.0014, 0.0014, 0.0014, 0.0014, 0.0015, 0.0015, 0.0015, 0.0015, 0.0015, 0.0015, 0.0015, 0.0015, 0.0015, 0.0015, 0.0781, 0.0781, 0.0781, 0.0781, 0.0781, 0.0781, 0.0781, 0.0781, 0.0781, 0.0781, 0.0944, 0.0944, 0.0944, 0.0944, 0.0944, 0.0944, 0.0944, 0.0944, 0.0944, 0.0944, 0.0692, 0.0692, 0.0692, 0.0692, 0.0692, 0.0692, 0.0692, 0.0692, 0.0692, 0.0692, 0.0567, 0.0567, 0.0567, 0.0567, 0.0567, 0.0567, 0.0567, 0.0567, 0.0567, 0.0567, 0.0016, 0.0016, 0.0016, 0.0016, 0.0016, 0.0016, 0.0016, 0.0016, 0.0016, 0.0016, 0.0017, 0.0017, 0.0017, 0.0017, 0.0017, 0.0017, 0.0017, 0.0017, 0.0017, 0.0017, 0.0013, 0.0013, 0.0013, 0.0013, 0.0013, 0.0013, 0.0013, 0.0013, 0.0013, 0.0013, 0.0011, 0.0011, 0.0011, 0.0011, 0.0011, 0.0011, 0.0011, 0.0011, 0.0011, 0.0011, 0.0009, 0.0009, 0.0009, 0.0009, 0.0009, 0.0009, 0.0009, 0.0009, 0.0009, 0.0009, 0.0009, 0.0009, 0.0009, 0.0009, 0.0009, 0.0009, 0.0009, 0.0009, 0.0009, 0.0009, 0.0184, 0.0184, 0.0184, 0.0184, 0.0184, 0.0184, 0.0184, 0.0184, 0.0184, 0.0184, 0.0006, 0.0006, 0.0006, 0.0006, 0.0006, 0.0006, 0.0006, 0.0006, 0.0006, 0.0006, 0.0956, 0.0956, 0.0956, 0.0956, 0.0956, 0.0956, 0.0956, 0.0956, 0.0956, 0.0956, 0.0749, 0.0749, 0.0749, 0.0749, 0.0749, 0.0749, 0.0749, 0.0749, 0.0749, 0.0749, 0.0012, 0.0012, 0.0012, 0.0012, 0.0012, 0.0012, 0.0012, 0.0012, 0.0012, 0.0012, 0.0009, 0.0009, 0.0009, 0.0009, 0.0009, 0.0009, 0.0009, 0.0009, 0.0009, 0.0009, 0.0011, 0.0011, 0.0011, 0.0011, 0.0011, 0.0011, 0.0011, 0.0011, 0.0011, 0.0011, 0.0008, 0.0008, 0.0008, 0.0008, 0.0008, 0.0008, 0.0008, 0.0008, 0.0008, 0.0008, 0.0008, 0.0008, 0.0008, 0.0008, 0.0008, 0.0008, 0.0008, 0.0008, 0.0008, 0.0008, 0.0007, 0.0007, 0.0007, 0.0007, 0.0007, 0.0007, 0.0007, 0.0007, 0.0007, 0.0007, 0.0862, 0.0862, 0.0862, 0.0862, 0.0862, 0.0862, 0.0862, 0.0862, 0.0862, 0.0862, 0.0792, 0.0792, 0.0792, 0.0792, 0.0792, 0.0792, 0.0792, 0.0792, 0.0792, 0.0792, 0.0017, 0.0017, 0.0017, 0.0017, 0.0017, 0.0017, 0.0017, 0.0017, 0.0017, 0.0017, 0.0991, 0.0991, 0.0991, 0.0991, 0.0991, 0.0991, 0.0991, 0.0991, 0.0991, 0.0991, 0.0016, 0.0016, 0.0016, 0.0016, 0.0016, 0.0016, 0.0016, 0.0016, 0.0016, 0.0016, 0.001, 0.001, 0.001, 0.001, 0.001, 0.001, 0.001, 0.001, 0.001, 0.001, 0.0007, 0.0007, 0.0007, 0.0007, 0.0007, 0.0007, 0.0007, 0.0007, 0.0007, 0.0007, 0.0747, 0.0747, 0.0747, 0.0747, 0.0747, 0.0747, 0.0747, 0.0747, 0.0747, 0.0747, 0.2396, 0.2396, 0.2396, 0.2396, 0.2396, 0.2396, 0.2396, 0.2396, 0.2396, 0.2396, 0.0018, 0.0018, 0.0018, 0.0018, 0.0018, 0.0018, 0.0018, 0.0018, 0.0018, 0.0018, 0.0012, 0.0012, 0.0012, 0.0012, 0.0012, 0.0012, 0.0012, 0.0012, 0.0012, 0.0012, 0.0011, 0.0011, 0.0011, 0.0011, 0.0011, 0.0011, 0.0011, 0.0011, 0.0011, 0.0011, 0.105, 0.105, 0.105, 0.105, 0.105, 0.105, 0.105, 0.105, 0.105, 0.105, 0.0014, 0.0014, 0.0014, 0.0014, 0.0014, 0.0014, 0.0014, 0.0014, 0.0014, 0.0014, 0.0007, 0.0007, 0.0007, 0.0007, 0.0007, 0.0007, 0.0007, 0.0007, 0.0007, 0.0007, 0.0008, 0.0008, 0.0008, 0.0008, 0.0008, 0.0008, 0.0008, 0.0008, 0.0008, 0.0008, 0.0141, 0.0141, 0.0141, 0.0141, 0.0141, 0.0141, 0.0141, 0.0141, 0.0141, 0.0141, 0.0902, 0.0902, 0.0902, 0.0902, 0.0902, 0.0902, 0.0902, 0.0902, 0.0902, 0.0902, 0.1897, 0.1897, 0.1897, 0.1897, 0.1897, 0.1897, 0.1897, 0.1897, 0.1897, 0.1897, 0.176, 0.176, 0.176, 0.176, 0.176, 0.176, 0.176, 0.176, 0.176, 0.176, 0.0465, 0.0465, 0.0465, 0.0465, 0.0465, 0.0465, 0.0465, 0.0465, 0.0465, 0.0465, 0.0656, 0.0656, 0.0656, 0.0656, 0.0656, 0.0656, 0.0656, 0.0656, 0.0656, 0.0656, 0.019, 0.019, 0.019, 0.019, 0.019, 0.019, 0.019, 0.019, 0.019, 0.019, 0.0007, 0.0007, 0.0007, 0.0007, 0.0007, 0.0007, 0.0007, 0.0007, 0.0007, 0.0007, 0.0006, 0.0006, 0.0006, 0.0006, 0.0006, 0.0006, 0.0006, 0.0006, 0.0006, 0.0006, 0.0882, 0.0882, 0.0882, 0.0882, 0.0882, 0.0882, 0.0882, 0.0882, 0.0882, 0.0882, 0.0006, 0.0006, 0.0006, 0.0006, 0.0006, 0.0006, 0.0006, 0.0006, 0.2113, 0.2113, 0.2113, 0.2113, 0.2113, 0.2113, 0.2113, 0.2113, 0.2113, 0.2113, 0.0206, 0.0206, 0.0206, 0.0206, 0.0206, 0.0206, 0.0206, 0.0206, 0.0206, 0.0206, 0.0193, 0.0193, 0.0193, 0.0193, 0.0193, 0.0193, 0.0193, 0.0193, 0.0193, 0.0193, 0.079, 0.079, 0.079, 0.079, 0.079, 0.079, 0.079, 0.079, 0.079, 0.079, 0.0006, 0.0006, 0.0006, 0.0006, 0.0006, 0.0006, 0.0006, 0.0006, 0.0006, 0.0006, 0.1209, 0.1209, 0.1209, 0.1209, 0.1209, 0.1209, 0.1209, 0.1209, 0.1209, 0.1209, 0.082, 0.082, 0.082, 0.082, 0.082, 0.082, 0.082, 0.082, 0.082, 0.082, 0.0008, 0.0008, 0.0008, 0.0008, 0.0008, 0.0008, 0.0008, 0.0008, 0.0008, 0.0008, 0.3476, 0.3476, 0.3476, 0.3476, 0.3476, 0.3476, 0.3476, 0.3476, 0.3476, 0.3476, 0.0947, 0.0947, 0.0947, 0.0947, 0.0947, 0.0947, 0.0947, 0.0947, 0.0947, 0.0947, 0.0211, 0.0211, 0.0211, 0.0211, 0.0211, 0.0211, 0.0211, 0.0211, 0.0211, 0.0211, 0.0071, 0.0071, 0.0071, 0.0071, 0.0071, 0.0071, 0.0071, 0.0071, 0.0071, 0.0071, 0.0005, 0.0005, 0.0005, 0.0005, 0.0005, 0.0005, 0.0005, 0.0005, 0.0005, 0.0005, 0.0007, 0.0007, 0.0007, 0.0007, 0.0007, 0.0007, 0.0007, 0.0007, 0.0007, 0.0007, 0.0006, 0.0006, 0.0006, 0.0006, 0.0006, 0.0006, 0.0006, 0.0006, 0.0006, 0.0006, 0.0005, 0.0005, 0.0005, 0.0005, 0.0005, 0.0005, 0.0005, 0.0005, 0.0005, 0.0005, 0.0006, 0.0006, 0.0006, 0.0006, 0.0006, 0.0006, 0.0006, 0.0006, 0.0006, 0.0006, 0.0718, 0.0718, 0.0718, 0.0718, 0.0718, 0.0718, 0.0718, 0.0718, 0.0718, 0.0718, 0.0912, 0.0912, 0.0912, 0.0912, 0.0912, 0.0912, 0.0912, 0.0912, 0.0912, 0.0912, 0.0016, 0.0016, 0.0016, 0.0016, 0.0016, 0.0016, 0.0016, 0.0016, 0.0016, 0.0016, 0.0006, 0.0006, 0.0006, 0.0006, 0.0006, 0.0006, 0.0006, 0.0006, 0.0006, 0.0006, 0.0017, 0.0017, 0.0017, 0.0017, 0.0017, 0.0017, 0.0017, 0.0017, 0.0017, 0.0017, 0.1233, 0.1233, 0.1233, 0.1233, 0.1233, 0.1233, 0.1233, 0.1233, 0.1233, 0.1233, 0.0977, 0.0977, 0.0977, 0.0977, 0.0977, 0.0977, 0.0977, 0.0977, 0.0977, 0.0977, 0.001, 0.001, 0.001, 0.001, 0.001, 0.001, 0.001, 0.001, 0.001, 0.001, 0.0005, 0.0005, 0.0005, 0.0005, 0.0005, 0.0005, 0.0005, 0.0005, 0.0005, 0.0005, 0.0004, 0.0004, 0.0004, 0.0004, 0.0004, 0.0004, 0.0004, 0.0004, 0.0004, 0.0004, 0.0004, 0.0004, 0.0004, 0.0004, 0.0004, 0.0004, 0.0004, 0.0004, 0.0004, 0.0004, 0.0009, 0.0009, 0.0009, 0.0009, 0.0009, 0.0009, 0.0009, 0.0009, 0.0009, 0.0009, 0.0005, 0.0005, 0.0005, 0.0005, 0.0005, 0.0005, 0.0005, 0.0005, 0.0005, 0.0005, 0.0004, 0.0004, 0.0004, 0.0004, 0.0004, 0.0004, 0.0004, 0.0004, 0.0004, 0.0004, 0.0004, 0.0004, 0.0004, 0.0004, 0.0004, 0.0004, 0.0004, 0.0004, 0.0004, 0.0004, 0.0003, 0.0003, 0.0003, 0.0003, 0.0003, 0.0003, 0.0003, 0.0003, 0.0003, 0.0003, 0.0003, 0.0003, 0.0003, 0.0003, 0.0003, 0.0003, 0.0003, 0.0003, 0.0003, 0.0003, 0.0004, 0.0004, 0.0004, 0.0004, 0.0004, 0.0004, 0.0004, 0.0004, 0.0004, 0.0004, 0.0003, 0.0003, 0.0003, 0.0003, 0.0003, 0.0003, 0.0003, 0.0003, 0.0003, 0.0003, 0.0847, 0.0847, 0.0847, 0.0847, 0.0847, 0.0847, 0.0847, 0.0847, 0.0847, 0.0847, 0.1708, 0.1708, 0.1708, 0.1708, 0.1708, 0.1708, 0.1708, 0.1708, 0.1708, 0.1708, 0.0003, 0.0003, 0.0003, 0.0003, 0.0003, 0.0003, 0.0003, 0.0003, 0.0003, 0.0003, 0.0877, 0.0877, 0.0877, 0.0877, 0.0877, 0.0877, 0.0877, 0.0877, 0.0877, 0.0877, 0.0037, 0.0037, 0.0037, 0.0037, 0.0037, 0.0037, 0.0037, 0.0037, 0.0037, 0.0037, 0.0478, 0.0478, 0.0478, 0.0478, 0.0478, 0.0478, 0.0478, 0.0478, 0.0478, 0.0478, 0.0003, 0.0003, 0.0003, 0.0003, 0.0003, 0.0003, 0.0003, 0.0003, 0.0003, 0.0003, 0.0002, 0.0002, 0.0002, 0.0002, 0.0002, 0.0002, 0.0002, 0.0002, 0.0002, 0.0002, 0.0003, 0.0003, 0.0003, 0.0003, 0.0003, 0.0003, 0.0003, 0.0003, 0.0003, 0.0003, 0.0779, 0.0779, 0.0779, 0.0779, 0.0779, 0.0779, 0.0779, 0.0779, 0.0779, 0.0779, 0.0005, 0.0005, 0.0005, 0.0005, 0.0005, 0.0005, 0.0005, 0.0005, 0.0005, 0.0005, 0.0977, 0.0977, 0.0977, 0.0977, 0.0977, 0.0977, 0.0977, 0.0977, 0.0977, 0.0977, 0.0008, 0.0008, 0.0008, 0.0008, 0.0008, 0.0008, 0.0008, 0.0008, 0.0008, 0.0008, 0.0003, 0.0003, 0.0003, 0.0003, 0.0003, 0.0003, 0.0003, 0.0003, 0.0003, 0.0003, 0.0003, 0.0003, 0.0003, 0.0003, 0.0003, 0.0003, 0.0003, 0.0003, 0.0003, 0.0003, 0.0943, 0.0943, 0.0943, 0.0943, 0.0943, 0.0943, 0.0943, 0.0943, 0.0943, 0.0943, 0.0003, 0.0003, 0.0003, 0.0003, 0.0003, 0.0003, 0.0003, 0.0003, 0.0003, 0.0003, 0.082, 0.082, 0.082, 0.082, 0.082, 0.082, 0.082, 0.082, 0.082, 0.082, 0.0004, 0.0004, 0.0004, 0.0004, 0.0004, 0.0004, 0.0004, 0.0004, 0.0004, 0.0004, 0.0006, 0.0006, 0.0006, 0.0006, 0.0006, 0.0006, 0.0006, 0.0006, 0.0006, 0.0006, 0.0004, 0.0004, 0.0004, 0.0004, 0.0004, 0.0004, 0.0004, 0.0004, 0.0004, 0.0004, 0.0871, 0.0871, 0.0871, 0.0871, 0.0871, 0.0871, 0.0871, 0.0871, 0.0871, 0.0871, 0.0436, 0.0436, 0.0436, 0.0436, 0.0436, 0.0436, 0.0436, 0.0436, 0.0436, 0.0436, 0.219, 0.219, 0.219, 0.219, 0.219, 0.219, 0.219, 0.219, 0.219, 0.219, 0.0004, 0.0004, 0.0004, 0.0004, 0.0004, 0.0004, 0.0004, 0.0004, 0.0004, 0.0004, 0.0007, 0.0007, 0.0007, 0.0007, 0.0007, 0.0007, 0.0007, 0.0007, 0.0007, 0.0007, 0.0005, 0.0005, 0.0005, 0.0005, 0.0005, 0.0005, 0.0005, 0.0005, 0.0005, 0.0005, 0.0007, 0.0007, 0.0007, 0.0007, 0.0007, 0.0007, 0.0007, 0.0007, 0.0007, 0.0007, 0.0003, 0.0003, 0.0003, 0.0003, 0.0003, 0.0003, 0.0003, 0.0003, 0.0003, 0.0003, 0.0004, 0.0004, 0.0004, 0.0004, 0.0004, 0.0004, 0.0004, 0.0004, 0.0004, 0.0004, 0.1787, 0.1787, 0.1787, 0.1787, 0.1787, 0.1787, 0.1787, 0.1787, 0.1787, 0.1787, 0.1852, 0.1852, 0.1852, 0.1852, 0.1852, 0.1852, 0.1852, 0.1852, 0.1852, 0.1852, 0.0279, 0.0279, 0.0279, 0.0279, 0.0279, 0.0279, 0.0279, 0.0279, 0.0279, 0.0279, 0.1407, 0.1407, 0.1407, 0.1407, 0.1407, 0.1407, 0.1407, 0.1407, 0.1407, 0.1407, 0.001, 0.001, 0.001, 0.001, 0.001, 0.001, 0.001, 0.001, 0.001, 0.001, 0.078, 0.078, 0.078, 0.078, 0.078, 0.078, 0.078, 0.078, 0.078, 0.078, 0.0009, 0.0009, 0.0009, 0.0009, 0.0009, 0.0009, 0.0009, 0.0009, 0.0009, 0.0009, 0.0006, 0.0006, 0.0006, 0.0006, 0.0006, 0.0006, 0.0006, 0.0006, 0.0006, 0.0006, 0.0007, 0.0007, 0.0007, 0.0007, 0.0007, 0.0007, 0.0007, 0.0007, 0.0007, 0.0007, 0.0006, 0.0006, 0.0006, 0.0006, 0.0006, 0.0006, 0.0006, 0.0006, 0.0006, 0.0006, 0.0009, 0.0009, 0.0009, 0.0009, 0.0009, 0.0009, 0.0009, 0.0009, 0.0009, 0.0009, 0.0005, 0.0005, 0.0005, 0.0005, 0.0005, 0.0005, 0.0004, 0.0004, 0.0004, 0.0004, 0.0004, 0.0004, 0.0004, 0.0004, 0.0004, 0.0004, 0.0005, 0.0005, 0.0005, 0.0005, 0.0005, 0.0005, 0.0005, 0.0005, 0.0005, 0.0005, 0.0004, 0.0004, 0.0004, 0.0004, 0.0004, 0.0004, 0.0004, 0.0004, 0.0004, 0.0004, 0.0004, 0.0004, 0.0004, 0.0004, 0.0004, 0.0004, 0.0004, 0.0004, 0.0004, 0.0004, 0.0003, 0.0003, 0.0003, 0.0003, 0.0003, 0.0003, 0.0003, 0.0003, 0.0003, 0.0003, 0.0004, 0.0004, 0.0004, 0.0004, 0.0004, 0.0004, 0.0004, 0.0004, 0.0004, 0.0004, 0.0007, 0.0007, 0.0007, 0.0007, 0.0007, 0.0007, 0.0007, 0.0007, 0.0007, 0.0007, 0.0969, 0.0969, 0.0969, 0.0969, 0.0969, 0.0969, 0.0969, 0.0969, 0.0969, 0.0969, 0.1473, 0.1473, 0.1473, 0.1473, 0.1473, 0.1473, 0.1473, 0.1473, 0.1473, 0.1473, 0.0003, 0.0003, 0.0003, 0.0003, 0.0003, 0.0003, 0.0003, 0.0003, 0.0003, 0.0003, 0.0004, 0.0004, 0.0004, 0.0004, 0.0004, 0.0004, 0.0004, 0.0004, 0.0004, 0.0004, 0.0004, 0.0004, 0.0004, 0.0004, 0.0004, 0.0004, 0.0004, 0.0004, 0.0004, 0.0004, 0.0003, 0.0003, 0.0003, 0.0003, 0.0003, 0.0003, 0.0003, 0.0003, 0.0003, 0.0003, 0.0002, 0.0002, 0.0002, 0.0002, 0.0002, 0.0002, 0.0002, 0.0002, 0.0002, 0.0002, 0.0728, 0.0728, 0.0728, 0.0728, 0.0728, 0.0728, 0.0728, 0.0728, 0.0728, 0.0728, 0.0003, 0.0003, 0.0003, 0.0003, 0.0003, 0.0003, 0.0003, 0.0003, 0.0003, 0.0003, 0.0604, 0.0604, 0.0604, 0.0604, 0.0604, 0.0604, 0.0604, 0.0604, 0.0604, 0.0604, 0.0005, 0.0005, 0.0005, 0.0005, 0.0005, 0.0005, 0.0005, 0.0005, 0.0005, 0.0005, 0.0002, 0.0002, 0.0002, 0.0002, 0.0002, 0.0002, 0.0002, 0.0002, 0.0002, 0.0002, 0.0003, 0.0003, 0.0003, 0.0003, 0.0003, 0.0003, 0.0003, 0.0003, 0.0003, 0.0003, 0.1988, 0.1988, 0.1988, 0.1988, 0.1988, 0.1988, 0.1988, 0.1988, 0.1988, 0.1988, 0.0005, 0.0005, 0.0005, 0.0005, 0.0005, 0.0005, 0.0005, 0.0005, 0.0005, 0.0005, 0.0004, 0.0004, 0.0004, 0.0004, 0.0004, 0.0004, 0.0004, 0.0004, 0.0004, 0.0004, 0.0004, 0.0004, 0.0004, 0.0004, 0.0004, 0.0004, 0.0004, 0.0004, 0.0004, 0.0004, 0.1121, 0.1121, 0.1121, 0.1121, 0.1121, 0.1121, 0.1121, 0.1121, 0.1121, 0.1121, 0.0003, 0.0003, 0.0003, 0.0003, 0.0003, 0.0003, 0.0003, 0.0003, 0.0003, 0.0003, 0.0002, 0.0002, 0.0002, 0.0002, 0.0002, 0.0002, 0.0002, 0.0002, 0.0002, 0.0002, 0.0004, 0.0004, 0.0004, 0.0004, 0.0004, 0.0004, 0.0004, 0.0004, 0.0004, 0.0004, 0.0068, 0.0068, 0.0068, 0.0068, 0.0068, 0.0068, 0.0068, 0.0068, 0.0068, 0.0068, 0.0002, 0.0002, 0.0002, 0.0002, 0.0002, 0.0002, 0.0002, 0.0002, 0.0002, 0.0002, 0.0002, 0.0002, 0.0002, 0.0002, 0.0002, 0.0002, 0.0002, 0.0002, 0.0002, 0.0002, 0.0068, 0.0068, 0.0068, 0.0068, 0.0068, 0.0068, 0.0068, 0.0068, 0.0068, 0.0068, 0.0002, 0.0002, 0.0002, 0.0002, 0.0002, 0.0002, 0.0002, 0.0002, 0.0002, 0.0002, 0.0002, 0.0002, 0.0002, 0.0002, 0.0002, 0.0002, 0.0002, 0.0002, 0.0002, 0.0002, 0.0558, 0.0558, 0.0558, 0.0558, 0.0558, 0.0558, 0.0558, 0.0558, 0.0558, 0.0558, 0.0773, 0.0773, 0.0773, 0.0773, 0.0773, 0.0773, 0.0773, 0.0773, 0.0773, 0.0773, 0.0004, 0.0004, 0.0004, 0.0004, 0.0004, 0.0004, 0.0004, 0.0004, 0.0004, 0.0004, 0.0002, 0.0002, 0.0002, 0.0002, 0.0002, 0.0002, 0.0002, 0.0002, 0.0002, 0.0002, 0.0002, 0.0002, 0.0002, 0.0002, 0.0002, 0.0002, 0.0002, 0.0002, 0.0002, 0.0002, 0.0002, 0.0002, 0.0002, 0.0002, 0.0002, 0.0002, 0.0002, 0.0002, 0.0002, 0.0002, 0.0001, 0.0001, 0.0001, 0.0001, 0.0001, 0.0001, 0.0001, 0.0001, 0.0001, 0.0001, 0.0002, 0.0002, 0.0002, 0.0002, 0.0002, 0.0002, 0.0002, 0.0002, 0.0002, 0.0002, 0.0926, 0.0926, 0.0926, 0.0926, 0.0926, 0.0926, 0.0926, 0.0926, 0.0926, 0.0926, 0.0002, 0.0002, 0.0002, 0.0002, 0.0002, 0.0002, 0.0002, 0.0002, 0.0002, 0.0002, 0.0002, 0.0002, 0.0002, 0.0002, 0.0002, 0.0002, 0.0002, 0.0002, 0.0002, 0.0002, 0.0002, 0.0002, 0.0002, 0.0002, 0.0002, 0.0002, 0.0002, 0.0002, 0.0002, 0.0002, 0.0003, 0.0003, 0.0003, 0.0003, 0.0003, 0.0003, 0.0003, 0.0003, 0.0003, 0.0003, 0.1048, 0.1048, 0.1048, 0.1048, 0.1048, 0.1048, 0.1048, 0.1048, 0.1048, 0.1048, 0.0002, 0.0002, 0.0002, 0.0002, 0.0002, 0.0002, 0.0002, 0.0002, 0.0002, 0.0002, 0.1369, 0.1369, 0.1369, 0.1369, 0.1369, 0.1369, 0.1369, 0.1369, 0.1369, 0.1369, 0.0002, 0.0002, 0.0002, 0.0002, 0.0002, 0.0002, 0.0002, 0.0002, 0.0002, 0.0002, 0.0002, 0.0002, 0.0002, 0.0002, 0.0002, 0.0002, 0.0002, 0.0002, 0.0002, 0.0002, 0.0002, 0.0002, 0.0002, 0.0002, 0.0002, 0.0002, 0.0002, 0.0002, 0.0002, 0.0002, 0.0001, 0.0001, 0.0001, 0.0001, 0.0001, 0.0001, 0.0001, 0.0001, 0.0001, 0.0001, 0.0001, 0.0001, 0.0001, 0.0001, 0.0001, 0.0001, 0.0001, 0.0001, 0.0001, 0.0001, 0.0002, 0.0002, 0.0002, 0.0002, 0.0002, 0.0002, 0.0002, 0.0002, 0.0002, 0.0002, 0.0002, 0.0002, 0.0002, 0.0002, 0.0002, 0.0002, 0.0002, 0.0002, 0.0002, 0.0002, 0.0665, 0.0665, 0.0665, 0.0665, 0.0665, 0.0665, 0.0665, 0.0665, 0.0665, 0.0665, 0.0002, 0.0002, 0.0002, 0.0002, 0.0002, 0.0002, 0.0002, 0.0002, 0.0002, 0.0002, 0.0001, 0.0001, 0.0001, 0.0001, 0.0001, 0.0001, 0.0001, 0.0001, 0.0001, 0.0001, 0.0002, 0.0002, 0.0002, 0.0002, 0.0002, 0.0002, 0.0002, 0.0002, 0.0002, 0.0002, 0.0002, 0.0002, 0.0002, 0.0002, 0.0002, 0.0002, 0.0002, 0.0002, 0.0002, 0.0002, 0.0001, 0.0001, 0.0001, 0.0001, 0.0001, 0.0001, 0.0001, 0.0001, 0.0001, 0.0001, 0.0666, 0.0666, 0.0666, 0.0666, 0.0666, 0.0666, 0.0666, 0.0666, 0.0666, 0.0666, 0.0437, 0.0437, 0.0437, 0.0437, 0.0437, 0.0437, 0.0437, 0.0437, 0.0437, 0.0437, 0.0002, 0.0002, 0.0002, 0.0002, 0.0002, 0.0002, 0.0002, 0.0002, 0.0002, 0.0002, 0.0016, 0.0016, 0.0016, 0.0016, 0.0016, 0.0016, 0.0016, 0.0016, 0.0016, 0.0016, 0.1333, 0.1333, 0.1333, 0.1333, 0.1333, 0.1333, 0.1333, 0.1333, 0.1333, 0.1333, 0.0002, 0.0002, 0.0002, 0.0002, 0.0002, 0.0002, 0.0002, 0.0002, 0.0002, 0.0002, 0.0003, 0.0003, 0.0003, 0.0003, 0.0003, 0.0003, 0.0003, 0.0003, 0.0003, 0.0003, 0.0003, 0.0003, 0.0003, 0.0003, 0.0003, 0.0003, 0.0003, 0.0003, 0.0003, 0.0003, 0.0003, 0.0003, 0.0003, 0.0003, 0.0003, 0.0003, 0.0003, 0.0003, 0.0003, 0.0003, 0.0002, 0.0002, 0.0002, 0.0002, 0.0002, 0.0002, 0.0002, 0.0002, 0.0002, 0.0002, 0.0944, 0.0944, 0.0944, 0.0944, 0.0944, 0.0944, 0.0944, 0.0944, 0.0944, 0.0944, 0.0004, 0.0004, 0.0004, 0.0004, 0.0004, 0.0004, 0.0004, 0.0004, 0.0004, 0.0004, 0.0006, 0.0006, 0.0006, 0.0006, 0.0006, 0.0006, 0.0006, 0.0006, 0.0006, 0.0006, 0.1096, 0.1096, 0.1096, 0.1096, 0.1096, 0.1096, 0.1096, 0.1096, 0.1096, 0.1096, 0.0005, 0.0005, 0.0005, 0.0005, 0.0006, 0.0006, 0.0006, 0.0006, 0.0006, 0.0006, 0.0006, 0.0006, 0.0006, 0.0006, 0.0005, 0.0005, 0.0005, 0.0005, 0.0005, 0.0005, 0.0005, 0.0005, 0.0005, 0.0005, 0.0005, 0.0005, 0.0005, 0.0005, 0.0005, 0.0005, 0.0005, 0.0005, 0.0005, 0.0005, 0.0004, 0.0004, 0.0004, 0.0004, 0.0004, 0.0004, 0.0004, 0.0004, 0.0004, 0.0004, 0.0003, 0.0003, 0.0003, 0.0003, 0.0003, 0.0003, 0.0003, 0.0003, 0.0003, 0.0003, 0.0003, 0.0003, 0.0003, 0.0003, 0.0003, 0.0003, 0.0003, 0.0003, 0.0003, 0.0003, 0.0004, 0.0004, 0.0004, 0.0004, 0.0004, 0.0004, 0.0004, 0.0004, 0.0004, 0.0004, 0.0003, 0.0003, 0.0003, 0.0003, 0.0003, 0.0003, 0.0003, 0.0003, 0.0003, 0.0003, 0.0003, 0.0003, 0.0003, 0.0003, 0.0003, 0.0003, 0.0003, 0.0003, 0.0003, 0.0003, 0.0003, 0.0003, 0.0003, 0.0003, 0.0003, 0.0003, 0.0003, 0.0003, 0.0003, 0.0003, 0.0003, 0.0003, 0.0003, 0.0003, 0.0003, 0.0003, 0.0003, 0.0003, 0.0003, 0.0003, 0.0003, 0.0003, 0.0003, 0.0003, 0.0003, 0.0003, 0.0003, 0.0003, 0.0003, 0.0003, 0.068, 0.068, 0.068, 0.068, 0.068, 0.068, 0.068, 0.068, 0.068, 0.068, 0.0003, 0.0003, 0.0003, 0.0003, 0.0003, 0.0003, 0.0003, 0.0003, 0.0003, 0.0003, 0.0003, 0.0003, 0.0003, 0.0003, 0.0003, 0.0003, 0.0003, 0.0003, 0.0003, 0.0003, 0.0003, 0.0003, 0.0003, 0.0003, 0.0003, 0.0003, 0.0003, 0.0003, 0.0003, 0.0003, 0.0003, 0.0003, 0.0003, 0.0003, 0.0003, 0.0003, 0.0003, 0.0003, 0.0003, 0.0003, 0.0003, 0.0003, 0.0003, 0.0003, 0.0003, 0.0003, 0.0003, 0.0003, 0.0003, 0.0003, 0.0002, 0.0002, 0.0002, 0.0002, 0.0002, 0.0002, 0.0002, 0.0002, 0.0002, 0.0002, 0.0002, 0.0002, 0.0002, 0.0002, 0.0002, 0.0002, 0.0002, 0.0002, 0.0002, 0.0002, 0.0002, 0.0002, 0.0002, 0.0002, 0.0002, 0.0002, 0.0002, 0.0002, 0.0002, 0.0002, 0.0003, 0.0003, 0.0003, 0.0003, 0.0003, 0.0003, 0.0003, 0.0003, 0.0003, 0.0003, 0.0003, 0.0003, 0.0003, 0.0003, 0.0003, 0.0003, 0.0003, 0.0003, 0.0003, 0.0003, 0.0003, 0.0003, 0.0003, 0.0003, 0.0003, 0.0003, 0.0003, 0.0003, 0.0003, 0.0003, 0.0003, 0.0003, 0.0003, 0.0003, 0.0003, 0.0003, 0.0003, 0.0003, 0.0003, 0.0003, 0.0002, 0.0002, 0.0002, 0.0002, 0.0002, 0.0002, 0.0002, 0.0002, 0.0002, 0.0002, 0.0002, 0.0002, 0.0002, 0.0002, 0.0002, 0.0002, 0.0002, 0.0002, 0.0002, 0.0002, 0.0002, 0.0002, 0.0002, 0.0002, 0.0002, 0.0002, 0.0002, 0.0002, 0.0002, 0.0002, 0.0848, 0.0848, 0.0848, 0.0848, 0.0848, 0.0848, 0.0848, 0.0848, 0.0848, 0.0848, 0.0002, 0.0002, 0.0002, 0.0002, 0.0002, 0.0002, 0.0002, 0.0002, 0.0002, 0.0002, 0.0002, 0.0002, 0.0002, 0.0002, 0.0002, 0.0002, 0.0002, 0.0002, 0.0002, 0.0002, 0.0002, 0.0002, 0.0002, 0.0002, 0.0002, 0.0002, 0.0002, 0.0002, 0.0002, 0.0002, 0.0002, 0.0002, 0.0002, 0.0002, 0.0002, 0.0002, 0.0002, 0.0002, 0.0002, 0.0002, 0.0002, 0.0002, 0.0002, 0.0002, 0.0002, 0.0002, 0.0002, 0.0002, 0.0002, 0.0002, 0.0002, 0.0002, 0.0002, 0.0002, 0.0002, 0.0002, 0.0002, 0.0002, 0.0002, 0.0002, 0.0002, 0.0002, 0.0002, 0.0002, 0.0002, 0.0002, 0.0002, 0.0002, 0.0002, 0.0002, 0.0002, 0.0002, 0.0002, 0.0002, 0.0002, 0.0002, 0.0002, 0.0002, 0.0002, 0.0002, 0.1091, 0.1091, 0.1091, 0.1091, 0.1091, 0.1091, 0.1091, 0.1091, 0.1091, 0.1091, 0.0002, 0.0002, 0.0002, 0.0002, 0.0002, 0.0002, 0.0002, 0.0002, 0.0002, 0.0002, 0.0001, 0.0001, 0.0001, 0.0001, 0.0001, 0.0001, 0.0001, 0.0001, 0.0001, 0.0001, 0.0002, 0.0002, 0.0002, 0.0002, 0.0002, 0.0002, 0.0002, 0.0002, 0.0002, 0.0002, 0.0002, 0.0002, 0.0002, 0.0002, 0.0002, 0.0002, 0.0002, 0.0002, 0.0002, 0.0002, 0.0001, 0.0001, 0.0001, 0.0001, 0.0001, 0.0001, 0.0001, 0.0001, 0.0001, 0.0001, 0.0002, 0.0002, 0.0002, 0.0002, 0.0002, 0.0002, 0.0002, 0.0002, 0.0002, 0.0002, 0.0002, 0.0002, 0.0002, 0.0002, 0.0002, 0.0002, 0.0002, 0.0002, 0.0002, 0.0002, 0.0001, 0.0001, 0.0001, 0.0001, 0.0001, 0.0001, 0.0001, 0.0001, 0.0001, 0.0001, 0.0002, 0.0002, 0.0002, 0.0002, 0.0002, 0.0002, 0.0002, 0.0002, 0.0002, 0.0002, 0.0002, 0.0002, 0.0002, 0.0002, 0.0002, 0.0002, 0.0002, 0.0002, 0.0002, 0.0002, 0.0001, 0.0001, 0.0001, 0.0001, 0.0001, 0.0001, 0.0001, 0.0001, 0.0001, 0.0001, 0.0745, 0.0745, 0.0745, 0.0745, 0.0745, 0.0745, 0.0745, 0.0745, 0.0745, 0.0745, 0.0723, 0.0723, 0.0723, 0.0723, 0.0723, 0.0723, 0.0723, 0.0723, 0.0723, 0.0723, 0.0002, 0.0002, 0.0002, 0.0002, 0.0002, 0.0002, 0.0002, 0.0002, 0.0002, 0.0002, 0.1619, 0.1619, 0.1619, 0.1619, 0.1619, 0.1619, 0.1619, 0.1619, 0.1619, 0.1619, 0.0002, 0.0002, 0.0002, 0.0002, 0.0002, 0.0002, 0.0002, 0.0002, 0.0002, 0.0002, 0.0002, 0.0002, 0.0002, 0.0002, 0.0002, 0.0002, 0.0002, 0.0002, 0.0002, 0.0002, 0.0003, 0.0003, 0.0003, 0.0003, 0.0003, 0.0003, 0.0003, 0.0003, 0.0003, 0.0003, 0.0002, 0.0002, 0.0002, 0.0002, 0.0002, 0.0002, 0.0002, 0.0002, 0.0002, 0.0002, 0.0003, 0.0003, 0.0003, 0.0003, 0.0003, 0.0003, 0.0003, 0.0003, 0.0003, 0.0003, 0.0002, 0.0002, 0.0002, 0.0002, 0.0002, 0.0002, 0.0002, 0.0002, 0.0002, 0.0002, 0.0001, 0.0001, 0.0001, 0.0001, 0.0001, 0.0001, 0.0001, 0.0001, 0.0001, 0.0001, 0.0002, 0.0002, 0.0002, 0.0002, 0.0002, 0.0002, 0.0002, 0.0002, 0.0002, 0.0002, 0.0002, 0.0002, 0.0002, 0.0002, 0.0002, 0.0002, 0.0002, 0.0002, 0.0002, 0.0002, 0.0002, 0.0002, 0.0002, 0.0002, 0.0002, 0.0002, 0.0002, 0.0002, 0.0002, 0.0002, 0.0001, 0.0001, 0.0001, 0.0001, 0.0001, 0.0001, 0.0001, 0.0001, 0.0001, 0.0001, 0.0001, 0.0001, 0.0001, 0.0001, 0.0001, 0.0001, 0.0001, 0.0001, 0.0001, 0.0001, 0.0002, 0.0002, 0.0002, 0.0002, 0.0002, 0.0002, 0.0002, 0.0002, 0.0002, 0.0002, 0.0002, 0.0002, 0.0002, 0.0002, 0.0002, 0.0002, 0.0002, 0.0002, 0.0002, 0.0002, 0.0002, 0.0002, 0.0002, 0.0002, 0.0002, 0.0002, 0.0002, 0.0002, 0.0002, 0.0002, 0.1181, 0.1181, 0.1181, 0.1181, 0.1181, 0.1181, 0.1181, 0.1181, 0.1181, 0.1181, 0.0002, 0.0002, 0.0002, 0.0002, 0.0002, 0.0002, 0.0002, 0.0002, 0.0002, 0.0002, 0.0002, 0.0002, 0.0002, 0.0002, 0.0002, 0.0002, 0.0002, 0.0002, 0.0002, 0.0002, 0.1119, 0.1119, 0.1119, 0.1119, 0.1119, 0.1119, 0.1119, 0.1119, 0.1119, 0.1119, 0.0002, 0.0002, 0.0002, 0.0002, 0.0002, 0.0002, 0.0002, 0.0002, 0.0002, 0.0002, 0.0003, 0.0003, 0.0003, 0.0003, 0.0003, 0.0003, 0.0003, 0.0003, 0.0003, 0.0003, 0.0003, 0.0003, 0.0003, 0.0003, 0.0003, 0.0003, 0.0003, 0.0003, 0.0003, 0.0003, 0.0003, 0.0003, 0.0003, 0.0003, 0.0003, 0.0003, 0.0003, 0.0003, 0.0003, 0.0003, 0.0002, 0.0002, 0.0002, 0.0002, 0.0002, 0.0002, 0.0002, 0.0002, 0.0002, 0.0002, 0.0002, 0.0002, 0.0002, 0.0002, 0.0002, 0.0002, 0.0002, 0.0002, 0.0002, 0.0002, 0.0002, 0.0002, 0.0002, 0.0002, 0.0002, 0.0002, 0.0002, 0.0002, 0.0002, 0.0002, 0.0002, 0.0002, 0.0002, 0.0002, 0.0002, 0.0002, 0.0002, 0.0002, 0.0002, 0.0002, 0.0002, 0.0002, 0.0002, 0.0002, 0.0002, 0.0002, 0.0002, 0.0002, 0.0002, 0.0002, 0.0002, 0.0002, 0.0002, 0.0002, 0.0002, 0.0002, 0.0002, 0.0002, 0.0002, 0.0002, 0.0002, 0.0002, 0.0003, 0.0003, 0.0003, 0.0003, 0.0003, 0.0003, 0.0003, 0.0003, 0.0003, 0.0003, 0.0002, 0.0002, 0.0002, 0.0002, 0.0002, 0.0002, 0.0002, 0.0002, 0.0002, 0.0002, 0.0002, 0.0002, 0.0002, 0.0002, 0.0002, 0.0002, 0.0002, 0.0002, 0.0002, 0.0002, 0.0002, 0.0002, 0.0002, 0.0002, 0.0002, 0.0002, 0.0002, 0.0002, 0.0002, 0.0002, 0.0002, 0.0002, 0.0002, 0.0002, 0.0002, 0.0002, 0.0002, 0.0002, 0.0002, 0.0002, 0.0002, 0.0002, 0.0002, 0.0002, 0.0002, 0.0002, 0.0002, 0.0002, 0.0002, 0.0002, 0.0002, 0.0002, 0.0002, 0.0002, 0.0002, 0.0002, 0.0002, 0.0002, 0.0002, 0.0002, 0.0002, 0.0002, 0.0002, 0.0002, 0.0002, 0.0002, 0.0002, 0.0002, 0.0002, 0.0002, 0.0002, 0.0002, 0.0002, 0.0002, 0.0002, 0.0002, 0.0002, 0.0002, 0.0002, 0.0002, 0.0002, 0.0002, 0.0002, 0.0002, 0.0002, 0.0002, 0.0002, 0.0002, 0.0002, 0.0002, 0.0002, 0.0002, 0.0002, 0.0002, 0.0002, 0.0002, 0.0002, 0.0002, 0.0002, 0.0002, 0.0002, 0.0002, 0.0002, 0.0002, 0.0002, 0.0002, 0.0002, 0.0002, 0.0002, 0.0002, 0.0002, 0.0002, 0.0002, 0.0002, 0.0002, 0.0002, 0.0002, 0.0002, 0.0002, 0.0002, 0.0002, 0.0002, 0.0002, 0.0002, 0.0002, 0.0002, 0.0002, 0.0002, 0.0002, 0.0002, 0.0002, 0.0002, 0.0002, 0.0002, 0.0002, 0.0002, 0.0002, 0.0002, 0.0002, 0.0002, 0.0002, 0.0002, 0.0002, 0.0002, 0.0002, 0.0002, 0.0002, 0.0002, 0.0002, 0.0002, 0.0998, 0.0998, 0.0998, 0.0998, 0.0998, 0.0998, 0.0998, 0.0998, 0.0998, 0.0998, 0.0002, 0.0002, 0.0002, 0.0002, 0.0002, 0.0002, 0.0002, 0.0002, 0.0002, 0.0002, 0.0002, 0.0002, 0.0002, 0.0002, 0.0002, 0.0002, 0.0002, 0.0002, 0.0002, 0.0002, 0.0002, 0.0002, 0.0002, 0.0002, 0.0002, 0.0002, 0.0002, 0.0002, 0.0002, 0.0002, 0.0003, 0.0003, 0.0003, 0.0003, 0.0003, 0.0003, 0.0003, 0.0003, 0.0003, 0.0003, 0.0002, 0.0002, 0.0002, 0.0002, 0.0002, 0.0002, 0.0002, 0.0002, 0.0002, 0.0002, 0.0002, 0.0002, 0.0002, 0.0002, 0.0002, 0.0002, 0.0002, 0.0002, 0.0002, 0.0002, 0.0002, 0.0002, 0.0002, 0.0002, 0.0002, 0.0002, 0.0002, 0.0002, 0.0002, 0.0002, 0.0002, 0.0002, 0.0002, 0.0002, 0.0002, 0.0002, 0.0002, 0.0002, 0.0002, 0.0002, 0.0963, 0.0963, 0.0963, 0.0963, 0.0963, 0.0963, 0.0963, 0.0963, 0.0963, 0.0963, 0.0002, 0.0002, 0.0002, 0.0002, 0.0002, 0.0002, 0.0002, 0.0002, 0.0002, 0.0002, 0.0002, 0.0002, 0.0002, 0.0002, 0.0002, 0.0002, 0.0002, 0.0002, 0.0002, 0.0002, 0.0002, 0.0002, 0.0002, 0.0002, 0.0002, 0.0002, 0.0002, 0.0002, 0.0002, 0.0002, 0.0809, 0.0809, 0.0809, 0.0809, 0.0809, 0.0809, 0.0809, 0.0809, 0.0809, 0.0809, 0.0002, 0.0002, 0.0002, 0.0002, 0.0002, 0.0002, 0.0002, 0.0002, 0.0002, 0.0002, 0.0002, 0.0002, 0.0002, 0.0002, 0.0002, 0.0002, 0.0002, 0.0002, 0.0002, 0.0002, 0.0002, 0.0002, 0.0002, 0.0002, 0.0002, 0.0002, 0.0002, 0.0002, 0.0002, 0.0002, 0.0002, 0.0002, 0.0002, 0.0002, 0.0002, 0.0002, 0.0002, 0.0002, 0.0002, 0.0002, 0.0002, 0.0002, 0.0002, 0.0002, 0.0002, 0.0002, 0.0002, 0.0002, 0.0002, 0.0002, 0.0002, 0.0002, 0.0002, 0.0002, 0.0002, 0.0002, 0.0002, 0.0002, 0.0002, 0.0002, 0.0002, 0.0002, 0.0002, 0.0002, 0.0002, 0.0002, 0.0002, 0.0002, 0.0002, 0.0002, 0.0002, 0.0002, 0.0002, 0.0002, 0.0002, 0.0002, 0.0002, 0.0002, 0.0002, 0.0002, 0.0002, 0.0002, 0.0002, 0.0002, 0.0002, 0.0002, 0.0002, 0.0002, 0.0002, 0.0002, 0.0002, 0.0002, 0.0002, 0.0002, 0.0002, 0.0002, 0.0002, 0.0002, 0.0002, 0.0002, 0.0002, 0.0002, 0.0002, 0.0002, 0.0002, 0.0002, 0.0002, 0.0002, 0.0002, 0.0002, 0.0001, 0.0001, 0.0001, 0.0001, 0.0001, 0.0001, 0.0001, 0.0001, 0.0001, 0.0001, 0.0002, 0.0002, 0.0002, 0.0002, 0.0002, 0.0002, 0.0002, 0.0002, 0.0002, 0.0002, 0.0002, 0.0002, 0.0002, 0.0002, 0.0002, 0.0002, 0.0002, 0.0002, 0.0002, 0.0002, 0.0001, 0.0001, 0.0001, 0.0001, 0.0001, 0.0001, 0.0001, 0.0001, 0.0001, 0.0001, 0.0003, 0.0003, 0.0003, 0.0003, 0.0003, 0.0003, 0.0003, 0.0003, 0.0003, 0.0003, 0.0002, 0.0002, 0.0002, 0.0002, 0.0002, 0.0002, 0.0002, 0.0002, 0.0002, 0.0002, 0.0003, 0.0003, 0.0003, 0.0003, 0.0003, 0.0003, 0.0003, 0.0003, 0.0003, 0.0003, 0.0001, 0.0001, 0.0001, 0.0001, 0.0001, 0.0001, 0.0001, 0.0001, 0.0001, 0.0001, 0.0002, 0.0002, 0.0002, 0.0002, 0.0002, 0.0002, 0.0002, 0.0002, 0.0002, 0.0002, 0.0002, 0.0002, 0.0002, 0.0002, 0.0002, 0.0002, 0.0002, 0.0002, 0.0002, 0.0002, 0.0002, 0.0002, 0.0002, 0.0002, 0.0002, 0.0002, 0.0002, 0.0002, 0.0002, 0.0002, 0.0001, 0.0001, 0.0001, 0.0001, 0.0001, 0.0001, 0.0001, 0.0001, 0.0001, 0.0001, 0.0002, 0.0002, 0.0002, 0.0002, 0.0002, 0.0002, 0.0002, 0.0002, 0.0002, 0.0002, 0.0001, 0.0001, 0.0001, 0.0001, 0.0001, 0.0001, 0.0001, 0.0001, 0.0001, 0.0001, 0.0002, 0.0002, 0.0002, 0.0002, 0.0002, 0.0002, 0.0002, 0.0002, 0.0002, 0.0002, 0.0001, 0.0001, 0.0001, 0.0001, 0.0001, 0.0001, 0.0001, 0.0001, 0.0001, 0.0001, 0.0002, 0.0002, 0.0002, 0.0002, 0.0002, 0.0002, 0.0002, 0.0002, 0.0002, 0.0002, 0.0002, 0.0002, 0.0002, 0.0002, 0.0002, 0.0002, 0.0002, 0.0002, 0.0002, 0.0002, 0.0007, 0.0007, 0.0007, 0.0007, 0.0007, 0.0007, 0.0007, 0.0007, 0.0007, 0.0007, 0.0002, 0.0002, 0.0002, 0.0002, 0.0002, 0.0002, 0.0002, 0.0002, 0.0002, 0.0002, 0.0001, 0.0001, 0.0001, 0.0001, 0.0001, 0.0001, 0.0001, 0.0001, 0.0001, 0.0001, 0.0001, 0.0001, 0.0001, 0.0001, 0.0001, 0.0001, 0.0001, 0.0001, 0.0001, 0.0001, 0.0002, 0.0002, 0.0002, 0.0002, 0.0002, 0.0002, 0.0002, 0.0002, 0.0002, 0.0002, 0.0002, 0.0002, 0.0002, 0.0002, 0.0002, 0.0002, 0.0002, 0.0002, 0.0002, 0.0002, 0.0002, 0.0002, 0.0002, 0.0002, 0.0002, 0.0002, 0.0002, 0.0002, 0.0002, 0.0002, 0.0001, 0.0001, 0.0001, 0.0001, 0.0001, 0.0001, 0.0001, 0.0001, 0.0001, 0.0001, 0.0002, 0.0002, 0.0002, 0.0002, 0.0002, 0.0002, 0.0002, 0.0002, 0.0002, 0.0002, 0.0004, 0.0004, 0.0004, 0.0004, 0.0004, 0.0004, 0.0004, 0.0004, 0.0004, 0.0004, 0.0002, 0.0002, 0.0002, 0.0002, 0.0002, 0.0002, 0.0002, 0.0002, 0.0002, 0.0002, 0.0002, 0.0002, 0.0002, 0.0002, 0.0002, 0.0002, 0.0002, 0.0002, 0.0002, 0.0002, 0.0002, 0.0002, 0.0002, 0.0002, 0.0002, 0.0002, 0.0002, 0.0002, 0.0002, 0.0002]
Validation Loss:
[0.39317548274993896, 0.28079769015312195, 0.2629932165145874, 0.27742254734039307, 0.3997531533241272, 0.4178028702735901, 0.34222412109375, 0.3458133339881897, 0.3727132976055145, 0.361521452665329]
Train, Validation, Test split:
Train: 6222
Validation: 1755
Test: 887
