Accuracy: 0.8728908886389202
Classification Report:
              precision    recall  f1-score   support

     Assyria       0.92      0.95      0.93       608
   Babylonia       0.78      0.94      0.85       202
        West       0.48      0.15      0.23        79

    accuracy                           0.87       889
   macro avg       0.73      0.68      0.67       889
weighted avg       0.85      0.87      0.85       889

Training Loss:
[0.985, 0.985, 0.985, 0.985, 0.985, 0.985, 0.985, 0.985, 0.985, 0.985, 0.9138, 0.9138, 0.9138, 0.9138, 0.9138, 0.9138, 0.9138, 0.9138, 0.9138, 0.9138, 0.7876, 0.7876, 0.7876, 0.7876, 0.7876, 0.7876, 0.7876, 0.7876, 0.7876, 0.7876, 0.8358, 0.8358, 0.8358, 0.8358, 0.8358, 0.8358, 0.8358, 0.8358, 0.8358, 0.8358, 0.7623, 0.7623, 0.7623, 0.7623, 0.7623, 0.7623, 0.7623, 0.7623, 0.7623, 0.7623, 0.8023, 0.8023, 0.8023, 0.8023, 0.8023, 0.8023, 0.8023, 0.8023, 0.8023, 0.8023, 0.6358, 0.6358, 0.6358, 0.6358, 0.6358, 0.6358, 0.6358, 0.6358, 0.6358, 0.6358, 0.7794, 0.7794, 0.7794, 0.7794, 0.7794, 0.7794, 0.7794, 0.7794, 0.7794, 0.7794, 0.7878, 0.7878, 0.7878, 0.7878, 0.7878, 0.7878, 0.7878, 0.7878, 0.7878, 0.7878, 0.675, 0.675, 0.675, 0.675, 0.675, 0.675, 0.675, 0.675, 0.675, 0.675, 0.7772, 0.7772, 0.7772, 0.7772, 0.7772, 0.7772, 0.7772, 0.7772, 0.7772, 0.7772, 0.5941, 0.5941, 0.5941, 0.5941, 0.5941, 0.5941, 0.5941, 0.5941, 0.5941, 0.5941, 0.8603, 0.8603, 0.8603, 0.8603, 0.8603, 0.8603, 0.8603, 0.8603, 0.8603, 0.8603, 0.6665, 0.6665, 0.6665, 0.6665, 0.6665, 0.6665, 0.6665, 0.6665, 0.6665, 0.6665, 0.5729, 0.5729, 0.5729, 0.5729, 0.5729, 0.5729, 0.5729, 0.5729, 0.5729, 0.5729, 0.7512, 0.7512, 0.7512, 0.7512, 0.7512, 0.7512, 0.7512, 0.7512, 0.7512, 0.7512, 0.6111, 0.6111, 0.6111, 0.6111, 0.6111, 0.6111, 0.6111, 0.6111, 0.6111, 0.6111, 0.5379, 0.5379, 0.5379, 0.5379, 0.5379, 0.5379, 0.5379, 0.5379, 0.5379, 0.5379, 0.5298, 0.5298, 0.5298, 0.5298, 0.5298, 0.5298, 0.5298, 0.5298, 0.5298, 0.5298, 0.5374, 0.5374, 0.5374, 0.5374, 0.5374, 0.5374, 0.5374, 0.5374, 0.5374, 0.5374, 0.6051, 0.6051, 0.6051, 0.6051, 0.6051, 0.6051, 0.6051, 0.6051, 0.6051, 0.6051, 0.6234, 0.6234, 0.6234, 0.6234, 0.6234, 0.6234, 0.6234, 0.6234, 0.6234, 0.6234, 0.6053, 0.6053, 0.6053, 0.6053, 0.6053, 0.6053, 0.6053, 0.6053, 0.6053, 0.6053, 0.659, 0.659, 0.659, 0.659, 0.659, 0.659, 0.659, 0.659, 0.659, 0.659, 0.6265, 0.6265, 0.6265, 0.6265, 0.6265, 0.6265, 0.6265, 0.6265, 0.6265, 0.6265, 0.5664, 0.5664, 0.5664, 0.5664, 0.5664, 0.5664, 0.5664, 0.5664, 0.5664, 0.5664, 0.4956, 0.4956, 0.4956, 0.4956, 0.4956, 0.4956, 0.4956, 0.4956, 0.4956, 0.4956, 0.6892, 0.6892, 0.6892, 0.6892, 0.6892, 0.6892, 0.6892, 0.6892, 0.6892, 0.6892, 0.4992, 0.4992, 0.4992, 0.4992, 0.4992, 0.4992, 0.4992, 0.4992, 0.4992, 0.4992, 0.4532, 0.4532, 0.4532, 0.4532, 0.4532, 0.4532, 0.4532, 0.4532, 0.4532, 0.4532, 0.5967, 0.5967, 0.5967, 0.5967, 0.5967, 0.5967, 0.5967, 0.5967, 0.5967, 0.5967, 0.3901, 0.3901, 0.3901, 0.3901, 0.3901, 0.3901, 0.3901, 0.3901, 0.3901, 0.3901, 0.4405, 0.4405, 0.4405, 0.4405, 0.4405, 0.4405, 0.4405, 0.4405, 0.4405, 0.4405, 0.6603, 0.6603, 0.6603, 0.6603, 0.6603, 0.6603, 0.6603, 0.6603, 0.6603, 0.6603, 0.5042, 0.5042, 0.5042, 0.5042, 0.5042, 0.5042, 0.5042, 0.5042, 0.5042, 0.5042, 0.8595, 0.8595, 0.8595, 0.8595, 0.8595, 0.8595, 0.8595, 0.8595, 0.8595, 0.8595, 0.8458, 0.8458, 0.8458, 0.8458, 0.8458, 0.8458, 0.8458, 0.8458, 0.8458, 0.8458, 0.5262, 0.5262, 0.5262, 0.5262, 0.5262, 0.5262, 0.5262, 0.5262, 0.5262, 0.5262, 0.3695, 0.3695, 0.3695, 0.3695, 0.3695, 0.3695, 0.3695, 0.3695, 0.3695, 0.3695, 0.489, 0.489, 0.489, 0.489, 0.489, 0.489, 0.489, 0.489, 0.489, 0.489, 0.8192, 0.8192, 0.8192, 0.8192, 0.8192, 0.8192, 0.8192, 0.8192, 0.8192, 0.8192, 0.5291, 0.5291, 0.5291, 0.5291, 0.5291, 0.5291, 0.5291, 0.5291, 0.5291, 0.5291, 0.4596, 0.4596, 0.4596, 0.4596, 0.4596, 0.4596, 0.4596, 0.4596, 0.4596, 0.4596, 0.6447, 0.6447, 0.6447, 0.6447, 0.6447, 0.6447, 0.6447, 0.6447, 0.6447, 0.6447, 0.5429, 0.5429, 0.5429, 0.5429, 0.5429, 0.5429, 0.5429, 0.5429, 0.5429, 0.5429, 0.2904, 0.2904, 0.2904, 0.2904, 0.2904, 0.2904, 0.2904, 0.2904, 0.2904, 0.2904, 0.8562, 0.8562, 0.8562, 0.8562, 0.8562, 0.8562, 0.8562, 0.8562, 0.8562, 0.8562, 0.5658, 0.5658, 0.5658, 0.5658, 0.5658, 0.5658, 0.5658, 0.5658, 0.5658, 0.5658, 0.6293, 0.6293, 0.6293, 0.6293, 0.6293, 0.6293, 0.6293, 0.6293, 0.6293, 0.6293, 0.6324, 0.6324, 0.6324, 0.6324, 0.6324, 0.6324, 0.6324, 0.6324, 0.6324, 0.6324, 0.5869, 0.5869, 0.5869, 0.5869, 0.5869, 0.5869, 0.5869, 0.5869, 0.5869, 0.5869, 0.6272, 0.6272, 0.6272, 0.6272, 0.6272, 0.6272, 0.6272, 0.6272, 0.6272, 0.6272, 0.6744, 0.6744, 0.6744, 0.6744, 0.6744, 0.6744, 0.6744, 0.6744, 0.6744, 0.6744, 0.3951, 0.3951, 0.3951, 0.3951, 0.3951, 0.3951, 0.3951, 0.3951, 0.3951, 0.3951, 0.5364, 0.5364, 0.5364, 0.5364, 0.5364, 0.5364, 0.5364, 0.5364, 0.5364, 0.5364, 0.5538, 0.5538, 0.5538, 0.5538, 0.5538, 0.5538, 0.5538, 0.5538, 0.5538, 0.5538, 0.7294, 0.7294, 0.7294, 0.7294, 0.7294, 0.7294, 0.7294, 0.7294, 0.7294, 0.7294, 0.466, 0.466, 0.466, 0.466, 0.466, 0.466, 0.466, 0.466, 0.466, 0.466, 0.3362, 0.3362, 0.3362, 0.3362, 0.3362, 0.3362, 0.3362, 0.3362, 0.3362, 0.3362, 0.3515, 0.3515, 0.3515, 0.3515, 0.3515, 0.3515, 0.3515, 0.3515, 0.3515, 0.3515, 0.6799, 0.6799, 0.6799, 0.6799, 0.6799, 0.6799, 0.6799, 0.6799, 0.6799, 0.6799, 0.5809, 0.5809, 0.5809, 0.5809, 0.5809, 0.5809, 0.5809, 0.5809, 0.5809, 0.5809, 0.4854, 0.4854, 0.4854, 0.4854, 0.4854, 0.4854, 0.4854, 0.4854, 0.4854, 0.4854, 0.5344, 0.5344, 0.5344, 0.5344, 0.5344, 0.5344, 0.5344, 0.5344, 0.5344, 0.5344, 0.5767, 0.5767, 0.5767, 0.5767, 0.5767, 0.5767, 0.5767, 0.5767, 0.5767, 0.5767, 0.3884, 0.3884, 0.3884, 0.3884, 0.3884, 0.3884, 0.3884, 0.3884, 0.3884, 0.3884, 0.6095, 0.6095, 0.6095, 0.6095, 0.6095, 0.6095, 0.6095, 0.6095, 0.6095, 0.6095, 0.444, 0.444, 0.444, 0.444, 0.444, 0.444, 0.444, 0.444, 0.444, 0.444, 0.7088, 0.7088, 0.7088, 0.7088, 0.7088, 0.7088, 0.7088, 0.7088, 0.7088, 0.7088, 0.4906, 0.4906, 0.4906, 0.4906, 0.4906, 0.4906, 0.4906, 0.4906, 0.4906, 0.4906, 0.4897, 0.4897, 0.4897, 0.4897, 0.4897, 0.4897, 0.4897, 0.4897, 0.4897, 0.4897, 0.5269, 0.5269, 0.5269, 0.5269, 0.5269, 0.5269, 0.5269, 0.5269, 0.5269, 0.5269, 0.5624, 0.5624, 0.5624, 0.5624, 0.5624, 0.5624, 0.5624, 0.5624, 0.5624, 0.5624, 0.5457, 0.5457, 0.5457, 0.5457, 0.5457, 0.5457, 0.5457, 0.5457, 0.5457, 0.5457, 0.4361, 0.4361, 0.4361, 0.4361, 0.4361, 0.4361, 0.4361, 0.4361, 0.4361, 0.4361, 0.6575, 0.6575, 0.6575, 0.6575, 0.6575, 0.6575, 0.6575, 0.6575, 0.6575, 0.6575, 0.5619, 0.5619, 0.5619, 0.5619, 0.5619, 0.5619, 0.5619, 0.5619, 0.5619, 0.5619, 0.5357, 0.5357, 0.5357, 0.5357, 0.5357, 0.5357, 0.5357, 0.5357, 0.5357, 0.5357, 0.3076, 0.3076, 0.3076, 0.3076, 0.3076, 0.3076, 0.3076, 0.3076, 0.3076, 0.3076, 0.7732, 0.7732, 0.7732, 0.7732, 0.7732, 0.7732, 0.7732, 0.7732, 0.7732, 0.7732, 0.5358, 0.5358, 0.5358, 0.5358, 0.5358, 0.5358, 0.5358, 0.5358, 0.5358, 0.5358, 0.4861, 0.4861, 0.4861, 0.4861, 0.4861, 0.4861, 0.4861, 0.4861, 0.4861, 0.4861, 0.5325, 0.5325, 0.5325, 0.5325, 0.5325, 0.5325, 0.5325, 0.5325, 0.5325, 0.5325, 0.3885, 0.3885, 0.3885, 0.3885, 0.3885, 0.3885, 0.3885, 0.3885, 0.3885, 0.3885, 0.3714, 0.3714, 0.3714, 0.3714, 0.3714, 0.3714, 0.3714, 0.3714, 0.3714, 0.3714, 0.6915, 0.6915, 0.6915, 0.6915, 0.6915, 0.6915, 0.6915, 0.6915, 0.6915, 0.6915, 0.5819, 0.5819, 0.5819, 0.5819, 0.5819, 0.5819, 0.5819, 0.5819, 0.5819, 0.5819, 0.4492, 0.4492, 0.4492, 0.4492, 0.4492, 0.4492, 0.4492, 0.4492, 0.4492, 0.4492, 0.3193, 0.3193, 0.3193, 0.3193, 0.3193, 0.3193, 0.3193, 0.3193, 0.3193, 0.3193, 0.3884, 0.3884, 0.3884, 0.3884, 0.3884, 0.3884, 0.3884, 0.3884, 0.3884, 0.3884, 0.3661, 0.3661, 0.3661, 0.3661, 0.3661, 0.3661, 0.3661, 0.3661, 0.3661, 0.3661, 0.4468, 0.4468, 0.4468, 0.4468, 0.4468, 0.4468, 0.4468, 0.4468, 0.4468, 0.4468, 0.3883, 0.3883, 0.3883, 0.3883, 0.3883, 0.3883, 0.3883, 0.3883, 0.3883, 0.3883, 0.7353, 0.7353, 0.7353, 0.7353, 0.7353, 0.7353, 0.7353, 0.7353, 0.7353, 0.7353, 0.5563, 0.5563, 0.5563, 0.5563, 0.5563, 0.5563, 0.5563, 0.5563, 0.5563, 0.5563, 0.4122, 0.4122, 0.4122, 0.4122, 0.4122, 0.4122, 0.4122, 0.4122, 0.4122, 0.4122, 0.8557, 0.8557, 0.8557, 0.8557, 0.8557, 0.8557, 0.8557, 0.8557, 0.8557, 0.8557, 0.6578, 0.6578, 0.6578, 0.6578, 0.6578, 0.6578, 0.6578, 0.6578, 0.6578, 0.6578, 0.9125, 0.9125, 0.9125, 0.9125, 0.9125, 0.9125, 0.9125, 0.9125, 0.9125, 0.9125, 0.7774, 0.7774, 0.7774, 0.7774, 0.7774, 0.7774, 0.7774, 0.7774, 0.7774, 0.7774, 0.7719, 0.7719, 0.7719, 0.7719, 0.7719, 0.7719, 0.7719, 0.7719, 0.7719, 0.7719, 0.5301, 0.5301, 0.5301, 0.5301, 0.5301, 0.5301, 0.5301, 0.5301, 0.5301, 0.5301, 0.4795, 0.4795, 0.4795, 0.4795, 0.4795, 0.4795, 0.4795, 0.4795, 0.4795, 0.4795, 0.459, 0.459, 0.459, 0.459, 0.459, 0.459, 0.459, 0.459, 0.459, 0.459, 0.5909, 0.5909, 0.5909, 0.5909, 0.5909, 0.5909, 0.5909, 0.5909, 0.5909, 0.5909, 0.4476, 0.4476, 0.4476, 0.4476, 0.4476, 0.4476, 0.4476, 0.4476, 0.4476, 0.4476, 0.4721, 0.4721, 0.4721, 0.4721, 0.4721, 0.4721, 0.4721, 0.4721, 0.4721, 0.4721, 0.1764, 0.1764, 0.1764, 0.1764, 0.1764, 0.1764, 0.1764, 0.1764, 0.1764, 0.1764, 0.557, 0.557, 0.557, 0.557, 0.557, 0.557, 0.557, 0.557, 0.557, 0.557, 1.0419, 1.0419, 1.0419, 1.0419, 1.0419, 1.0419, 1.0419, 1.0419, 1.0419, 1.0419, 1.1864, 1.1864, 1.1864, 1.1864, 1.1864, 1.1864, 1.1864, 1.1864, 1.1864, 1.1864, 0.7322, 0.7322, 0.7322, 0.7322, 0.7322, 0.7322, 0.7322, 0.7322, 0.7322, 0.7322, 0.5489, 0.5489, 0.5489, 0.5489, 0.5489, 0.5489, 0.5489, 0.5489, 0.5489, 0.5489, 0.4914, 0.4914, 0.4914, 0.4914, 0.4914, 0.4914, 0.4914, 0.4914, 0.4914, 0.4914, 0.5825, 0.5825, 0.5825, 0.5825, 0.5825, 0.5825, 0.5825, 0.5825, 0.5825, 0.5825, 0.3004, 0.3004, 0.3004, 0.3004, 0.3004, 0.3004, 0.3004, 0.3004, 0.3004, 0.3004, 0.393, 0.393, 0.393, 0.393, 0.393, 0.393, 0.393, 0.393, 0.393, 0.393, 0.3114, 0.3114, 0.3114, 0.3114, 0.3114, 0.3114, 0.3114, 0.3114, 0.3114, 0.3114, 0.6949, 0.6949, 0.6949, 0.6949, 0.6949, 0.6949, 0.6949, 0.6949, 0.6949, 0.6949, 0.4814, 0.4814, 0.4814, 0.4814, 0.4814, 0.4814, 0.4814, 0.4814, 0.4814, 0.4814, 0.634, 0.634, 0.634, 0.634, 0.634, 0.634, 0.634, 0.634, 0.634, 0.634, 0.4969, 0.4969, 0.4969, 0.4969, 0.4969, 0.4969, 0.4969, 0.4969, 0.4969, 0.4969, 0.3841, 0.3841, 0.3841, 0.3841, 0.3841, 0.3841, 0.3841, 0.3841, 0.3841, 0.3841, 0.412, 0.412, 0.412, 0.412, 0.412, 0.412, 0.412, 0.412, 0.412, 0.412, 0.5452, 0.5452, 0.5452, 0.5452, 0.5452, 0.5452, 0.5452, 0.5452, 0.5452, 0.5452, 0.262, 0.262, 0.262, 0.262, 0.262, 0.262, 0.262, 0.262, 0.262, 0.262, 0.2576, 0.2576, 0.2576, 0.2576, 0.2576, 0.2576, 0.2576, 0.2576, 0.2576, 0.2576, 0.6953, 0.6953, 0.6953, 0.6953, 0.6953, 0.6953, 0.6953, 0.6953, 0.6953, 0.6953, 0.5025, 0.5025, 0.5025, 0.5025, 0.5025, 0.5025, 0.5025, 0.5025, 0.5025, 0.5025, 0.7283, 0.7283, 0.7283, 0.7283, 0.7283, 0.7283, 0.7283, 0.7283, 0.7283, 0.7283, 0.6569, 0.6569, 0.6569, 0.6569, 0.6569, 0.6569, 0.6569, 0.6569, 0.6569, 0.6569, 0.5353, 0.5353, 0.5353, 0.5353, 0.5353, 0.5353, 0.5353, 0.5353, 0.5353, 0.5353, 0.5342, 0.5342, 0.5342, 0.5342, 0.5342, 0.5342, 0.5342, 0.5342, 0.5342, 0.5342, 0.5716, 0.5716, 0.5716, 0.5716, 0.5716, 0.5716, 0.5716, 0.5716, 0.5716, 0.5716, 0.5841, 0.5841, 0.5841, 0.5841, 0.5841, 0.5841, 0.5841, 0.5841, 0.5841, 0.5841, 0.4329, 0.4329, 0.4329, 0.4329, 0.4329, 0.4329, 0.4329, 0.4329, 0.4329, 0.4329, 0.4555, 0.4555, 0.4555, 0.4555, 0.4555, 0.4555, 0.4555, 0.4555, 0.4555, 0.4555, 0.5372, 0.5372, 0.5372, 0.5372, 0.5372, 0.5372, 0.5372, 0.5372, 0.5372, 0.5372, 0.5912, 0.5912, 0.5912, 0.5912, 0.5912, 0.5912, 0.5912, 0.5912, 0.5912, 0.5912, 0.301, 0.301, 0.301, 0.301, 0.301, 0.301, 0.301, 0.301, 0.301, 0.301, 0.5799, 0.5799, 0.5799, 0.5799, 0.5799, 0.5799, 0.5799, 0.5799, 0.5799, 0.5799, 0.6174, 0.6174, 0.6174, 0.6174, 0.6174, 0.6174, 0.6174, 0.6174, 0.6174, 0.6174, 0.7193, 0.7193, 0.7193, 0.7193, 0.7193, 0.7193, 0.7193, 0.7193, 0.7193, 0.7193, 0.5229, 0.5229, 0.5229, 0.5229, 0.5229, 0.5229, 0.5229, 0.5229, 0.5229, 0.5229, 0.7283, 0.7283, 0.7283, 0.7283, 0.7283, 0.7283, 0.7283, 0.7283, 0.7283, 0.7283, 0.5813, 0.5813, 0.5813, 0.5813, 0.5813, 0.5813, 0.5813, 0.5813, 0.5813, 0.5813, 0.3682, 0.3682, 0.3682, 0.3682, 0.3682, 0.3682, 0.3682, 0.3682, 0.3682, 0.3682, 0.6242, 0.6242, 0.6242, 0.6242, 0.6242, 0.6242, 0.6242, 0.6242, 0.6242, 0.6242, 0.4808, 0.4808, 0.4808, 0.4808, 0.4808, 0.4808, 0.4808, 0.4808, 0.4808, 0.4808, 0.5165, 0.5165, 0.5165, 0.5165, 0.5165, 0.5165, 0.5165, 0.5165, 0.5165, 0.5165, 0.4788, 0.4788, 0.4788, 0.4788, 0.4788, 0.4788, 0.4788, 0.4788, 0.4788, 0.4788, 0.4248, 0.4248, 0.4248, 0.4248, 0.4248, 0.4248, 0.4248, 0.4248, 0.4248, 0.4248, 0.573, 0.573, 0.573, 0.573, 0.573, 0.573, 0.573, 0.573, 0.573, 0.573, 0.7305, 0.7305, 0.7305, 0.7305, 0.7305, 0.7305, 0.7305, 0.7305, 0.7305, 0.7305, 0.5336, 0.5336, 0.5336, 0.5336, 0.5336, 0.5336, 0.5336, 0.5336, 0.5336, 0.5336, 0.3704, 0.3704, 0.3704, 0.3704, 0.3704, 0.3704, 0.3704, 0.3704, 0.3704, 0.3704, 0.3523, 0.3523, 0.3523, 0.3523, 0.3523, 0.3523, 0.3523, 0.3523, 0.3523, 0.3523, 0.702, 0.702, 0.702, 0.702, 0.702, 0.702, 0.702, 0.702, 0.702, 0.702, 0.4705, 0.4705, 0.4705, 0.4705, 0.4705, 0.4705, 0.4705, 0.4705, 0.4705, 0.4705, 0.5147, 0.5147, 0.5147, 0.5147, 0.5147, 0.5147, 0.5147, 0.5147, 0.5147, 0.5147, 0.4009, 0.4009, 0.4009, 0.4009, 0.4009, 0.4009, 0.4009, 0.4009, 0.4009, 0.4009, 0.4411, 0.4411, 0.4411, 0.4411, 0.4411, 0.4411, 0.4411, 0.4411, 0.4411, 0.4411, 0.5058, 0.5058, 0.5058, 0.5058, 0.5058, 0.5058, 0.5058, 0.5058, 0.5058, 0.5058, 0.7309, 0.7309, 0.7309, 0.7309, 0.7309, 0.7309, 0.7309, 0.7309, 0.7309, 0.7309, 0.4865, 0.4865, 0.4865, 0.4865, 0.4865, 0.4865, 0.4865, 0.4865, 0.4865, 0.4865, 0.7603, 0.7603, 0.7603, 0.7603, 0.7603, 0.7603, 0.7603, 0.7603, 0.7603, 0.7603, 0.5914, 0.5914, 0.5914, 0.5914, 0.5914, 0.5914, 0.5914, 0.5914, 0.5914, 0.5914, 0.6645, 0.6645, 0.6645, 0.6645, 0.6645, 0.6645, 0.6645, 0.6645, 0.6645, 0.6645, 0.4278, 0.4278, 0.4278, 0.4278, 0.4278, 0.4278, 0.4278, 0.4278, 0.4278, 0.4278, 0.461, 0.461, 0.461, 0.461, 0.461, 0.461, 0.461, 0.461, 0.461, 0.461, 0.473, 0.473, 0.473, 0.473, 0.473, 0.473, 0.473, 0.473, 0.473, 0.473, 0.6448, 0.6448, 0.6448, 0.6448, 0.6448, 0.6448, 0.6448, 0.6448, 0.6448, 0.6448, 0.5177, 0.5177, 0.5177, 0.5177, 0.5177, 0.5177, 0.5177, 0.5177, 0.5177, 0.5177, 0.5836, 0.5836, 0.5836, 0.5836, 0.5836, 0.5836, 0.5836, 0.5836, 0.5836, 0.5836, 0.8199, 0.8199, 0.8199, 0.8199, 0.8199, 0.8199, 0.8199, 0.8199, 0.8199, 0.8199, 0.8841, 0.8841, 0.8841, 0.8841, 0.8841, 0.8841, 0.8841, 0.8841, 0.8841, 0.8841, 0.7551, 0.7551, 0.7551, 0.7551, 0.7551, 0.7551, 0.7551, 0.7551, 0.7551, 0.7551, 0.6805, 0.6805, 0.6805, 0.6805, 0.6805, 0.6805, 0.6805, 0.6805, 0.6805, 0.6805, 0.8628, 0.8628, 0.8628, 0.8628, 0.8628, 0.8628, 0.8628, 0.8628, 0.8628, 0.8628, 0.8571, 0.8571, 0.8571, 0.8571, 0.8571, 0.8571, 0.8571, 0.8571, 0.8571, 0.8571, 0.8626, 0.8626, 0.8626, 0.8626, 0.8626, 0.8626, 0.8626, 0.8626, 0.8626, 0.8626, 0.835, 0.835, 0.835, 0.835, 0.835, 0.835, 0.835, 0.835, 0.835, 0.835, 0.8184, 0.8184, 0.8184, 0.8184, 0.8184, 0.8184, 0.8184, 0.8184, 0.8184, 0.8184, 0.8586, 0.8586, 0.8586, 0.8586, 0.8586, 0.8586, 0.8586, 0.8586, 0.8586, 0.8586, 0.8923, 0.8923, 0.8923, 0.8923, 0.8923, 0.8923, 0.8923, 0.8923, 0.8923, 0.8923, 0.8546, 0.8546, 0.8546, 0.8546, 0.8546, 0.8546, 0.8546, 0.8546, 0.8546, 0.8546, 0.9281, 0.9281, 0.9281, 0.9281, 0.9281, 0.9281, 0.9281, 0.9281, 0.9281, 0.9281, 0.8039, 0.8039, 0.8039, 0.8039, 0.8039, 0.8039, 0.8039, 0.8039, 0.8039, 0.8039, 0.9246, 0.9246, 0.9246, 0.9246, 0.9246, 0.9246, 0.9246, 0.9246, 0.9246, 0.9246, 0.7427, 0.7427, 0.7427, 0.7427, 0.7427, 0.7427, 0.7427, 0.7427, 0.7427, 0.7427, 0.7832, 0.7832, 0.7832, 0.7832, 0.7832, 0.7832, 0.7832, 0.7832, 0.7832, 0.7832, 0.8147, 0.8147, 0.8147, 0.8147, 0.8147, 0.8147, 0.8147, 0.8147, 0.8147, 0.8147, 0.7584, 0.7584, 0.7584, 0.7584, 0.7584, 0.7584, 0.7584, 0.7584, 0.7584, 0.7584, 0.6316, 0.6316, 0.6316, 0.6316, 0.6316, 0.6316, 0.6316, 0.6316, 0.6316, 0.6316, 0.7968, 0.7968, 0.7968, 0.7968, 0.7968, 0.7968, 0.7968, 0.7968, 0.7968, 0.7968, 0.7356, 0.7356, 0.7356, 0.7356, 0.7356, 0.7356, 0.7356, 0.7356, 0.7356, 0.7356, 0.5619, 0.5619, 0.5619, 0.5619, 0.5619, 0.5619, 0.5619, 0.5619, 0.5619, 0.5619, 0.4354, 0.4354, 0.4354, 0.4354, 0.4354, 0.4354, 0.4354, 0.4354, 0.4354, 0.4354, 0.6278, 0.6278, 0.6278, 0.6278, 0.6278, 0.6278, 0.6278, 0.6278, 0.6278, 0.6278, 0.7388, 0.7388, 0.7388, 0.7388, 0.7388, 0.7388, 0.7388, 0.7388, 0.7388, 0.7388, 0.4461, 0.4461, 0.4461, 0.4461, 0.4461, 0.4461, 0.4461, 0.4461, 0.4461, 0.4461, 0.5992, 0.5992, 0.5992, 0.5992, 0.5992, 0.5992, 0.5992, 0.5992, 0.5992, 0.5992, 0.5025, 0.5025, 0.5025, 0.5025, 0.5025, 0.5025, 0.5025, 0.5025, 0.5025, 0.5025, 0.6503, 0.6503, 0.6503, 0.6503, 0.6503, 0.6503, 0.6503, 0.6503, 0.6503, 0.6503, 0.5373, 0.5373, 0.5373, 0.5373, 0.5373, 0.5373, 0.5373, 0.5373, 0.5373, 0.5373, 0.5231, 0.5231, 0.5231, 0.5231, 0.5231, 0.5231, 0.5231, 0.5231, 0.5231, 0.5231, 0.7838, 0.7838, 0.7838, 0.7838, 0.7838, 0.7838, 0.7838, 0.7838, 0.7838, 0.7838, 0.3327, 0.3327, 0.3327, 0.3327, 0.3327, 0.3327, 0.3327, 0.3327, 0.3327, 0.3327, 0.3672, 0.3672, 0.3672, 0.3672, 0.3672, 0.3672, 0.3672, 0.3672, 0.3672, 0.3672, 0.4039, 0.4039, 0.4039, 0.4039, 0.4039, 0.4039, 0.4039, 0.4039, 0.4039, 0.4039, 0.7189, 0.7189, 0.7189, 0.7189, 0.7189, 0.7189, 0.7189, 0.7189, 0.7189, 0.7189, 0.4432, 0.4432, 0.4432, 0.4432, 0.4432, 0.4432, 0.4432, 0.4432, 0.4432, 0.4432, 0.5409, 0.5409, 0.5409, 0.5409, 0.5409, 0.5409, 0.5409, 0.5409, 0.5409, 0.5409, 0.4912, 0.4912, 0.4912, 0.4912, 0.4912, 0.4912, 0.4912, 0.4912, 0.4912, 0.4912, 0.483, 0.483, 0.483, 0.483, 0.483, 0.483, 0.483, 0.483, 0.483, 0.483, 0.6036, 0.6036, 0.6036, 0.6036, 0.6036, 0.6036, 0.6036, 0.6036, 0.6036, 0.6036, 0.6118, 0.6118, 0.6118, 0.6118, 0.6118, 0.6118, 0.6118, 0.6118, 0.6118, 0.6118, 0.7161, 0.7161, 0.7161, 0.7161, 0.7161, 0.7161, 0.7161, 0.7161, 0.7161, 0.7161, 0.6064, 0.6064, 0.6064, 0.6064, 0.6064, 0.6064, 0.6064, 0.6064, 0.6064, 0.6064, 0.4828, 0.4828, 0.4828, 0.4828, 0.4828, 0.4828, 0.4828, 0.4828, 0.4828, 0.4828, 0.441, 0.441, 0.441, 0.441, 0.441, 0.441, 0.441, 0.441, 0.441, 0.441, 0.614, 0.614, 0.614, 0.614, 0.614, 0.614, 0.614, 0.614, 0.614, 0.614, 0.5936, 0.5936, 0.5936, 0.5936, 0.5936, 0.5936, 0.5936, 0.5936, 0.5936, 0.5936, 0.487, 0.487, 0.487, 0.487, 0.487, 0.487, 0.487, 0.487, 0.487, 0.487, 0.3759, 0.3759, 0.3759, 0.3759, 0.3759, 0.3759, 0.3759, 0.3759, 0.3759, 0.3759, 0.4869, 0.4869, 0.4869, 0.4869, 0.4869, 0.4869, 0.4869, 0.4869, 0.4869, 0.4869, 0.5217, 0.5217, 0.5217, 0.5217, 0.5217, 0.5217, 0.5217, 0.5217, 0.5217, 0.5217, 0.5657, 0.5657, 0.5657, 0.5657, 0.5657, 0.5657, 0.5657, 0.5657, 0.5657, 0.5657, 0.4491, 0.4491, 0.4491, 0.4491, 0.4491, 0.4491, 0.4491, 0.4491, 0.4491, 0.4491, 0.5686, 0.5686, 0.5686, 0.5686, 0.5686, 0.5686, 0.5686, 0.5686, 0.5686, 0.5686, 0.5046, 0.5046, 0.5046, 0.5046, 0.5046, 0.5046, 0.5046, 0.5046, 0.5046, 0.5046, 0.435, 0.435, 0.435, 0.435, 0.435, 0.435, 0.435, 0.435, 0.435, 0.435, 0.9633, 0.9633, 0.9633, 0.9633, 0.9633, 0.9633, 0.9633, 0.9633, 0.9633, 0.9633, 0.6278, 0.6278, 0.6278, 0.6278, 0.6278, 0.6278, 0.6278, 0.6278, 0.6278, 0.6278, 0.4971, 0.4971, 0.4971, 0.4971, 0.4971, 0.4971, 0.4971, 0.4971, 0.4971, 0.4971, 0.582, 0.582, 0.582, 0.582, 0.582, 0.582, 0.582, 0.582, 0.582, 0.582, 0.7604, 0.7604, 0.7604, 0.7604, 0.7604, 0.7604, 0.7604, 0.7604, 0.7604, 0.7604, 0.5814, 0.5814, 0.5814, 0.5814, 0.5814, 0.5814, 0.5814, 0.5814, 0.5814, 0.5814, 0.4985, 0.4985, 0.4985, 0.4985, 0.4985, 0.4985, 0.4985, 0.4985, 0.4985, 0.4985, 0.5533, 0.5533, 0.5533, 0.5533, 0.5533, 0.5533, 0.5533, 0.5533, 0.5533, 0.5533, 0.5338, 0.5338, 0.5338, 0.5338, 0.5338, 0.5338, 0.5338, 0.5338, 0.5338, 0.5338, 0.5405, 0.5405, 0.5405, 0.5405, 0.5405, 0.5405, 0.5405, 0.5405, 0.5405, 0.5405, 0.2669, 0.2669, 0.2669, 0.2669, 0.2669, 0.2669, 0.2669, 0.2669, 0.2669, 0.2669, 0.4213, 0.4213, 0.4213, 0.4213, 0.4213, 0.4213, 0.4213, 0.4213, 0.4213, 0.4213, 0.4386, 0.4386, 0.4386, 0.4386, 0.4386, 0.4386, 0.4386, 0.4386, 0.4386, 0.4386, 0.3194, 0.3194, 0.3194, 0.3194, 0.3194, 0.3194, 0.3194, 0.3194, 0.3194, 0.3194, 0.4963, 0.4963, 0.4963, 0.4963, 0.4963, 0.4963, 0.4963, 0.4963, 0.4963, 0.4963, 0.572, 0.572, 0.572, 0.572, 0.572, 0.572, 0.572, 0.572, 0.572, 0.572, 0.5444, 0.5444, 0.5444, 0.5444, 0.5444, 0.5444, 0.5444, 0.5444, 0.5444, 0.5444, 0.527, 0.527, 0.527, 0.527, 0.527, 0.527, 0.527, 0.527, 0.527, 0.527, 0.3939, 0.3939, 0.3939, 0.3939, 0.3939, 0.3939, 0.3939, 0.3939, 0.3939, 0.3939, 0.2303, 0.2303, 0.2303, 0.2303, 0.2303, 0.2303, 0.2303, 0.2303, 0.2303, 0.2303, 0.5149, 0.5149, 0.5149, 0.5149, 0.5149, 0.5149, 0.5149, 0.5149, 0.5149, 0.5149, 0.5753, 0.5753, 0.5753, 0.5753, 0.5753, 0.5753, 0.5753, 0.5753, 0.5753, 0.5753, 0.4926, 0.4926, 0.4926, 0.4926, 0.4926, 0.4926, 0.4926, 0.4926, 0.4926, 0.4926, 0.5052, 0.5052, 0.5052, 0.5052, 0.5052, 0.5052, 0.5052, 0.5052, 0.5052, 0.5052, 0.555, 0.555, 0.555, 0.555, 0.555, 0.555, 0.555, 0.555, 0.555, 0.555, 0.4271, 0.4271, 0.4271, 0.4271, 0.4271, 0.4271, 0.4271, 0.4271, 0.4271, 0.4271, 0.4431, 0.4431, 0.4431, 0.4431, 0.4431, 0.4431, 0.4431, 0.4431, 0.4431, 0.4431, 0.4397, 0.4397, 0.4397, 0.4397, 0.4397, 0.4397, 0.4397, 0.4397, 0.4397, 0.4397, 0.3965, 0.3965, 0.3965, 0.3965, 0.3965, 0.3965, 0.3965, 0.3965, 0.3965, 0.3965, 0.5294, 0.5294, 0.5294, 0.5294, 0.5294, 0.5294, 0.5294, 0.5294, 0.5294, 0.5294, 0.8581, 0.8581, 0.8581, 0.8581, 0.8581, 0.8581, 0.8581, 0.8581, 0.8581, 0.8581, 0.2758, 0.2758, 0.2758, 0.2758, 0.2758, 0.2758, 0.2758, 0.2758, 0.2758, 0.2758, 0.3875, 0.3875, 0.3875, 0.3875, 0.3875, 0.3875, 0.3875, 0.3875, 0.3875, 0.3875, 0.6015, 0.6015, 0.6015, 0.6015, 0.6015, 0.6015, 0.6015, 0.6015, 0.6015, 0.6015, 0.8361, 0.8361, 0.8361, 0.8361, 0.8361, 0.8361, 0.8361, 0.8361, 0.8361, 0.8361, 0.8696, 0.8696, 0.8696, 0.8696, 0.8696, 0.8696, 0.8696, 0.8696, 0.8696, 0.8696, 0.531, 0.531, 0.531, 0.531, 0.531, 0.531, 0.531, 0.531, 0.531, 0.531, 0.4434, 0.4434, 0.4434, 0.4434, 0.4434, 0.4434, 0.4434, 0.4434, 0.4434, 0.4434, 0.4703, 0.4703, 0.4703, 0.4703, 0.4703, 0.4703, 0.4703, 0.4703, 0.4703, 0.4703, 0.5399, 0.5399, 0.5399, 0.5399, 0.5399, 0.5399, 0.5399, 0.5399, 0.5399, 0.5399, 0.4598, 0.4598, 0.4598, 0.4598, 0.4598, 0.4598, 0.4598, 0.4598, 0.4598, 0.4598, 0.3654, 0.3654, 0.3654, 0.3654, 0.3654, 0.3654, 0.3654, 0.3654, 0.3654, 0.3654, 0.3752, 0.3752, 0.3752, 0.3752, 0.3752, 0.3752, 0.3752, 0.3752, 0.3752, 0.3752, 0.5075, 0.5075, 0.5075, 0.5075, 0.5075, 0.5075, 0.5075, 0.5075, 0.5075, 0.5075, 0.5312, 0.5312, 0.5312, 0.5312, 0.5312, 0.5312, 0.5312, 0.5312, 0.5312, 0.5312, 0.3981, 0.3981, 0.3981, 0.3981, 0.3981, 0.3981, 0.3981, 0.3981, 0.3981, 0.3981, 0.4418, 0.4418, 0.4418, 0.4418, 0.4418, 0.4418, 0.4418, 0.4418, 0.4418, 0.4418, 0.4075, 0.4075, 0.4075, 0.4075, 0.4075, 0.4075, 0.4075, 0.4075, 0.4075, 0.4075, 0.4814, 0.4814, 0.4814, 0.4814, 0.4814, 0.4814, 0.4814, 0.4814, 0.4814, 0.4814, 0.3793, 0.3793, 0.3793, 0.3793, 0.3793, 0.3793, 0.3793, 0.3793, 0.3793, 0.3793, 0.418, 0.418, 0.418, 0.418, 0.418, 0.418, 0.418, 0.418, 0.418, 0.418, 0.2635, 0.2635, 0.2635, 0.2635, 0.2635, 0.2635, 0.2635, 0.2635, 0.2635, 0.2635, 0.4016, 0.4016, 0.4016, 0.4016, 0.4016, 0.4016, 0.4016, 0.4016, 0.4016, 0.4016, 0.5044, 0.5044, 0.5044, 0.5044, 0.5044, 0.5044, 0.5044, 0.5044, 0.5044, 0.5044, 0.534, 0.534, 0.534, 0.534, 0.534, 0.534, 0.534, 0.534, 0.534, 0.534, 0.5327, 0.5327, 0.5327, 0.5327, 0.5327, 0.5327, 0.5327, 0.5327, 0.5327, 0.5327, 0.4677, 0.4677, 0.4677, 0.4677, 0.4677, 0.4677, 0.4677, 0.4677, 0.4677, 0.4677, 0.3509, 0.3509, 0.3509, 0.3509, 0.3509, 0.3509, 0.3509, 0.3509, 0.3509, 0.3509, 0.3557, 0.3557, 0.3557, 0.3557, 0.3557, 0.3557, 0.3557, 0.3557, 0.3557, 0.3557, 0.406, 0.406, 0.406, 0.406, 0.406, 0.406, 0.406, 0.406, 0.406, 0.406, 0.2235, 0.2235, 0.2235, 0.2235, 0.2235, 0.2235, 0.2235, 0.2235, 0.2235, 0.2235, 0.4472, 0.4472, 0.4472, 0.4472, 0.4472, 0.4472, 0.4472, 0.4472, 0.4472, 0.4472, 0.4264, 0.4264, 0.4264, 0.4264, 0.4264, 0.4264, 0.4264, 0.4264, 0.4264, 0.4264, 0.2446, 0.2446, 0.2446, 0.2446, 0.2446, 0.2446, 0.2446, 0.2446, 0.2446, 0.2446, 0.5346, 0.5346, 0.5346, 0.5346, 0.5346, 0.5346, 0.5346, 0.5346, 0.5346, 0.5346, 0.5844, 0.5844, 0.5844, 0.5844, 0.5844, 0.5844, 0.5844, 0.5844, 0.5844, 0.5844, 0.523, 0.523, 0.523, 0.523, 0.523, 0.523, 0.523, 0.523, 0.523, 0.523, 0.4781, 0.4781, 0.4781, 0.4781, 0.4781, 0.4781, 0.4781, 0.4781, 0.4781, 0.4781, 0.3622, 0.3622, 0.3622, 0.3622, 0.3622, 0.3622, 0.3622, 0.3622, 0.3622, 0.3622, 0.2704, 0.2704, 0.2704, 0.2704, 0.2704, 0.2704, 0.2704, 0.2704, 0.2704, 0.2704, 0.3718, 0.3718, 0.3718, 0.3718, 0.3718, 0.3718, 0.3718, 0.3718, 0.3718, 0.3718, 0.7351, 0.7351, 0.7351, 0.7351, 0.7351, 0.7351, 0.7351, 0.7351, 0.7351, 0.7351, 0.6151, 0.6151, 0.6151, 0.6151, 0.6151, 0.6151, 0.6151, 0.6151, 0.6151, 0.6151, 0.6638, 0.6638, 0.6638, 0.6638, 0.6638, 0.6638, 0.6638, 0.6638, 0.6638, 0.6638, 0.3876, 0.3876, 0.3876, 0.3876, 0.3876, 0.3876, 0.3876, 0.3876, 0.3876, 0.3876, 0.5268, 0.5268, 0.5268, 0.5268, 0.5268, 0.5268, 0.5268, 0.5268, 0.5268, 0.5268, 0.4475, 0.4475, 0.4475, 0.4475, 0.4475, 0.4475, 0.4475, 0.4475, 0.4475, 0.4475, 0.3449, 0.3449, 0.3449, 0.3449, 0.3449, 0.3449, 0.3449, 0.3449, 0.3449, 0.3449, 0.4604, 0.4604, 0.4604, 0.4604, 0.4604, 0.4604, 0.4604, 0.4604, 0.4604, 0.4604, 0.563, 0.563, 0.563, 0.563, 0.563, 0.563, 0.563, 0.563, 0.563, 0.563, 0.372, 0.372, 0.372, 0.372, 0.372, 0.372, 0.372, 0.372, 0.372, 0.372, 0.3532, 0.3532, 0.3532, 0.3532, 0.3532, 0.3532, 0.3532, 0.3532, 0.3532, 0.3532, 0.4874, 0.4874, 0.4874, 0.4874, 0.4874, 0.4874, 0.4874, 0.4874, 0.4874, 0.4874, 0.5805, 0.5805, 0.5805, 0.5805, 0.5805, 0.5805, 0.5805, 0.5805, 0.5805, 0.5805, 0.5531, 0.5531, 0.5531, 0.5531, 0.5531, 0.5531, 0.5531, 0.5531, 0.5531, 0.5531, 0.4136, 0.4136, 0.4136, 0.4136, 0.4136, 0.4136, 0.4136, 0.4136, 0.4136, 0.4136, 0.5851, 0.5851, 0.5851, 0.5851, 0.5851, 0.5851, 0.5851, 0.5851, 0.5851, 0.5851, 0.6035, 0.6035, 0.6035, 0.6035, 0.6035, 0.6035, 0.6035, 0.6035, 0.6035, 0.6035, 0.6975, 0.6975, 0.6975, 0.6975, 0.6975, 0.6975, 0.6975, 0.6975, 0.6975, 0.6975, 0.3909, 0.3909, 0.3909, 0.3909, 0.3909, 0.3909, 0.3909, 0.3909, 0.3909, 0.3909, 0.4348, 0.4348, 0.4348, 0.4348, 0.4348, 0.4348, 0.4348, 0.4348, 0.4348, 0.4348, 0.5355, 0.5355, 0.5355, 0.5355, 0.5355, 0.5355, 0.5355, 0.5355, 0.5355, 0.5355, 0.4583, 0.4583, 0.4583, 0.4583, 0.4583, 0.4583, 0.4583, 0.4583, 0.4583, 0.4583, 0.6182, 0.6182, 0.6182, 0.6182, 0.6182, 0.6182, 0.6182, 0.6182, 0.6182, 0.6182, 0.5206, 0.5206, 0.5206, 0.5206, 0.5206, 0.5206, 0.5206, 0.5206, 0.5206, 0.5206, 0.5213, 0.5213, 0.5213, 0.5213, 0.5213, 0.5213, 0.5213, 0.5213, 0.5213, 0.5213, 0.6702, 0.6702, 0.6702, 0.6702, 0.6702, 0.6702, 0.6702, 0.6702, 0.6702, 0.6702, 0.9473, 0.9473, 0.9473, 0.9473, 0.9473, 0.9473, 0.9473, 0.9473, 0.9473, 0.9473, 0.6817, 0.6817, 0.6817, 0.6817, 0.6817, 0.6817, 0.6817, 0.6817, 0.6817, 0.6817, 0.6219, 0.6219, 0.6219, 0.6219, 0.6219, 0.6219, 0.6219, 0.6219, 0.6219, 0.6219, 0.5897, 0.5897, 0.5897, 0.5897, 0.5897, 0.5897, 0.5897, 0.5897, 0.5897, 0.5897, 0.538, 0.538, 0.538, 0.538, 0.538, 0.538, 0.538, 0.538, 0.538, 0.538, 0.5329, 0.5329, 0.5329, 0.5329, 0.5329, 0.5329, 0.5329, 0.5329, 0.5329, 0.5329, 0.3617, 0.3617, 0.3617, 0.3617, 0.3617, 0.3617, 0.3617, 0.3617, 0.3617, 0.3617, 0.2495, 0.2495, 0.2495, 0.2495, 0.2495, 0.2495, 0.2495, 0.2495, 0.2495, 0.2495, 0.2835, 0.2835, 0.2835, 0.2835, 0.2835, 0.2835, 0.2835, 0.2835, 0.2835, 0.2835, 0.576, 0.576, 0.576, 0.576, 0.576, 0.576, 0.576, 0.576, 0.576, 0.576, 0.288, 0.288, 0.288, 0.288, 0.288, 0.288, 0.288, 0.288, 0.288, 0.288, 0.4764, 0.4764, 0.4764, 0.4764, 0.4764, 0.4764, 0.4764, 0.4764, 0.4764, 0.4764, 0.4946, 0.4946, 0.4946, 0.4946, 0.4946, 0.4946, 0.4946, 0.4946, 0.4946, 0.4946, 0.4012, 0.4012, 0.4012, 0.4012, 0.4012, 0.4012, 0.4012, 0.4012, 0.4012, 0.4012, 0.3659, 0.3659, 0.3659, 0.3659, 0.3659, 0.3659, 0.3659, 0.3659, 0.3659, 0.3659, 0.6001, 0.6001, 0.6001, 0.6001, 0.6001, 0.6001, 0.6001, 0.6001, 0.6001, 0.6001, 0.5249, 0.5249, 0.5249, 0.5249, 0.5249, 0.5249, 0.5249, 0.5249, 0.5249, 0.5249, 0.2081, 0.2081, 0.2081, 0.2081, 0.2081, 0.2081, 0.2081, 0.2081, 0.2081, 0.2081, 0.4186, 0.4186, 0.4186, 0.4186, 0.4186, 0.4186, 0.4186, 0.4186, 0.4186, 0.4186, 0.28, 0.28, 0.28, 0.28, 0.28, 0.28, 0.28, 0.28, 0.28, 0.28, 0.3779, 0.3779, 0.3779, 0.3779, 0.3779, 0.3779, 0.3779, 0.3779, 0.3779, 0.3779, 0.2639, 0.2639, 0.2639, 0.2639, 0.2639, 0.2639, 0.2639, 0.2639, 0.2639, 0.2639, 0.3509, 0.3509, 0.3509, 0.3509, 0.3509, 0.3509, 0.3509, 0.3509, 0.3509, 0.3509, 0.4896, 0.4896, 0.4896, 0.4896, 0.4896, 0.4896, 0.4896, 0.4896, 0.4896, 0.4896, 0.3163, 0.3163, 0.3163, 0.3163, 0.3163, 0.3163, 0.3163, 0.3163, 0.3163, 0.3163, 0.4378, 0.4378, 0.4378, 0.4378, 0.4378, 0.4378, 0.4378, 0.4378, 0.4378, 0.4378, 0.2201, 0.2201, 0.2201, 0.2201, 0.2201, 0.2201, 0.2201, 0.2201, 0.2201, 0.2201, 0.4233, 0.4233, 0.4233, 0.4233, 0.4233, 0.4233, 0.4233, 0.4233, 0.4233, 0.4233, 0.4411, 0.4411, 0.4411, 0.4411, 0.4411, 0.4411, 0.4411, 0.4411, 0.4411, 0.4411, 0.6052, 0.6052, 0.6052, 0.6052, 0.6052, 0.6052, 0.6052, 0.6052, 0.6052, 0.6052, 0.4008, 0.4008, 0.4008, 0.4008, 0.4008, 0.4008, 0.4008, 0.4008, 0.4008, 0.4008, 0.3614, 0.3614, 0.3614, 0.3614, 0.3614, 0.3614, 0.3614, 0.3614, 0.3614, 0.3614, 0.598, 0.598, 0.598, 0.598, 0.598, 0.598, 0.598, 0.598, 0.598, 0.598, 0.7138, 0.7138, 0.7138, 0.7138, 0.7138, 0.7138, 0.7138, 0.7138, 0.7138, 0.7138, 0.7449, 0.7449, 0.7449, 0.7449, 0.7449, 0.7449, 0.7449, 0.7449, 0.7449, 0.7449, 0.3805, 0.3805, 0.3805, 0.3805, 0.3805, 0.3805, 0.3805, 0.3805, 0.3805, 0.3805, 0.5427, 0.5427, 0.5427, 0.5427, 0.5427, 0.5427, 0.5427, 0.5427, 0.5427, 0.5427, 0.4679, 0.4679, 0.4679, 0.4679, 0.4679, 0.4679, 0.4679, 0.4679, 0.4679, 0.4679, 0.2627, 0.2627, 0.2627, 0.2627, 0.2627, 0.2627, 0.2627, 0.2627, 0.2627, 0.2627, 0.8326, 0.8326, 0.8326, 0.8326, 0.8326, 0.8326, 0.8326, 0.8326, 0.8326, 0.8326, 0.3763, 0.3763, 0.3763, 0.3763, 0.3763, 0.3763, 0.3763, 0.3763, 0.3763, 0.3763, 0.4474, 0.4474, 0.4474, 0.4474, 0.4474, 0.4474, 0.4474, 0.4474, 0.4474, 0.4474, 0.4097, 0.4097, 0.4097, 0.4097, 0.4097, 0.4097, 0.4097, 0.4097, 0.4097, 0.4097, 0.4673, 0.4673, 0.4673, 0.4673, 0.4673, 0.4673, 0.4673, 0.4673, 0.4673, 0.4673, 0.2831, 0.2831, 0.2831, 0.2831, 0.2831, 0.2831, 0.2831, 0.2831, 0.2831, 0.2831, 0.2793, 0.2793, 0.2793, 0.2793, 0.2793, 0.2793, 0.2793, 0.2793, 0.2793, 0.2793, 0.3204, 0.3204, 0.3204, 0.3204, 0.3204, 0.3204, 0.3204, 0.3204, 0.3204, 0.3204, 0.2938, 0.2938, 0.2938, 0.2938, 0.2938, 0.2938, 0.2938, 0.2938, 0.2938, 0.2938, 0.4612, 0.4612, 0.4612, 0.4612, 0.4612, 0.4612, 0.4612, 0.4612, 0.4612, 0.4612, 0.357, 0.357, 0.357, 0.357, 0.357, 0.357, 0.357, 0.357, 0.357, 0.357, 0.6259, 0.6259, 0.6259, 0.6259, 0.6259, 0.6259, 0.6259, 0.6259, 0.6259, 0.6259, 0.1947, 0.1947, 0.1947, 0.1947, 0.1947, 0.1947, 0.1947, 0.1947, 0.1947, 0.1947, 0.6417, 0.6417, 0.6417, 0.6417, 0.6417, 0.6417, 0.6417, 0.6417, 0.6417, 0.6417, 0.482, 0.482, 0.482, 0.482, 0.482, 0.482, 0.482, 0.482, 0.482, 0.482, 0.3708, 0.3708, 0.3708, 0.3708, 0.3708, 0.3708, 0.3708, 0.3708, 0.3708, 0.3708, 0.5972, 0.5972, 0.5972, 0.5972, 0.5972, 0.5972, 0.5972, 0.5972, 0.5972, 0.5972, 0.5016, 0.5016, 0.5016, 0.5016, 0.5016, 0.5016, 0.5016, 0.5016, 0.5016, 0.5016, 0.4329, 0.4329, 0.4329, 0.4329, 0.4329, 0.4329, 0.4329, 0.4329, 0.4329, 0.4329, 0.4246, 0.4246, 0.4246, 0.4246, 0.4246, 0.4246, 0.4246, 0.4246, 0.4246, 0.4246, 0.4541, 0.4541, 0.4541, 0.4541, 0.4541, 0.4541, 0.4541, 0.4541, 0.4541, 0.4541, 0.4302, 0.4302, 0.4302, 0.4302, 0.4302, 0.4302, 0.4302, 0.4302, 0.4302, 0.4302, 0.5243, 0.5243, 0.5243, 0.5243, 0.5243, 0.5243, 0.5243, 0.5243, 0.5243, 0.5243, 0.4955, 0.4955, 0.4955, 0.4955, 0.4955, 0.4955, 0.4955, 0.4955, 0.4955, 0.4955, 0.1962, 0.1962, 0.1962, 0.1962, 0.1962, 0.1962, 0.1962, 0.1962, 0.1962, 0.1962, 0.3931, 0.3931, 0.3931, 0.3931, 0.3931, 0.3931, 0.3931, 0.3931, 0.3931, 0.3931, 0.6149, 0.6149, 0.6149, 0.6149, 0.6149, 0.6149, 0.6149, 0.6149, 0.6149, 0.6149, 0.3368, 0.3368, 0.3368, 0.3368, 0.3368, 0.3368, 0.3368, 0.3368, 0.3368, 0.3368, 0.5848, 0.5848, 0.5848, 0.5848, 0.5848, 0.5848, 0.5848, 0.5848, 0.5848, 0.5848, 0.5425, 0.5425, 0.5425, 0.5425, 0.5425, 0.5425, 0.5425, 0.5425, 0.5425, 0.5425, 0.6019, 0.6019, 0.6019, 0.6019, 0.6019, 0.6019, 0.6019, 0.6019, 0.6019, 0.6019, 0.4138, 0.4138, 0.4138, 0.4138, 0.4138, 0.4138, 0.4138, 0.4138, 0.4138, 0.4138, 0.4159, 0.4159, 0.4159, 0.4159, 0.4159, 0.4159, 0.4159, 0.4159, 0.4159, 0.4159, 0.481, 0.481, 0.481, 0.481, 0.481, 0.481, 0.481, 0.481, 0.481, 0.481, 0.6905, 0.6905, 0.6905, 0.6905, 0.6905, 0.6905, 0.6905, 0.6905, 0.6905, 0.6905, 0.3222, 0.3222, 0.3222, 0.3222, 0.3222, 0.3222, 0.3222, 0.3222, 0.3222, 0.3222, 0.5296, 0.5296, 0.5296, 0.5296, 0.5296, 0.5296, 0.5296, 0.5296, 0.5296, 0.5296, 0.6807, 0.6807, 0.6807, 0.6807, 0.6807, 0.6807, 0.6807, 0.6807, 0.6807, 0.6807, 0.5317, 0.5317, 0.5317, 0.5317, 0.5317, 0.5317, 0.5317, 0.5317, 0.5317, 0.5317, 0.5943, 0.5943, 0.5943, 0.5943, 0.5943, 0.5943, 0.5943, 0.5943, 0.5943, 0.5943, 0.739, 0.739, 0.739, 0.739, 0.739, 0.739, 0.739, 0.739, 0.739, 0.739, 0.6405, 0.6405, 0.6405, 0.6405, 0.6405, 0.6405, 0.6405, 0.6405, 0.6405, 0.6405, 0.7295, 0.7295, 0.7295, 0.7295, 0.7295, 0.7295, 0.7295, 0.7295, 0.7295, 0.7295, 0.3271, 0.3271, 0.3271, 0.3271, 0.3271, 0.3271, 0.3271, 0.3271, 0.3271, 0.3271, 0.5504, 0.5504, 0.5504, 0.5504, 0.5504, 0.5504, 0.5504, 0.5504, 0.5504, 0.5504, 0.3502, 0.3502, 0.3502, 0.3502, 0.3502, 0.3502, 0.3502, 0.3502, 0.3502, 0.3502, 0.32, 0.32, 0.32, 0.32, 0.32, 0.32, 0.32, 0.32, 0.32, 0.32, 0.1892, 0.1892, 0.1892, 0.1892, 0.1892, 0.1892, 0.1892, 0.1892, 0.1892, 0.1892, 0.647, 0.647, 0.647, 0.647, 0.647, 0.647, 0.647, 0.647, 0.647, 0.647, 0.4075, 0.4075, 0.4075, 0.4075, 0.4075, 0.4075, 0.4075, 0.4075, 0.4075, 0.4075, 0.3003, 0.3003, 0.3003, 0.3003, 0.3003, 0.3003, 0.3003, 0.3003, 0.3003, 0.3003, 0.1875, 0.1875, 0.1875, 0.1875, 0.1875, 0.1875, 0.1875, 0.1875, 0.1875, 0.1875, 0.4421, 0.4421, 0.4421, 0.4421, 0.4421, 0.4421, 0.4421, 0.4421, 0.4421, 0.4421, 0.3653, 0.3653, 0.3653, 0.3653, 0.3653, 0.3653, 0.3653, 0.3653, 0.3653, 0.3653, 0.3273, 0.3273, 0.3273, 0.3273, 0.3273, 0.3273, 0.3273, 0.3273, 0.3273, 0.3273, 0.4032, 0.4032, 0.4032, 0.4032, 0.4032, 0.4032, 0.4032, 0.4032, 0.4032, 0.4032, 0.432, 0.432, 0.432, 0.432, 0.432, 0.432, 0.432, 0.432, 0.432, 0.432, 0.3669, 0.3669, 0.3669, 0.3669, 0.3669, 0.3669, 0.3669, 0.3669, 0.3669, 0.3669, 0.3712, 0.3712, 0.3712, 0.3712, 0.3712, 0.3712, 0.3712, 0.3712, 0.3712, 0.3712, 0.5489, 0.5489, 0.5489, 0.5489, 0.5489, 0.5489, 0.5489, 0.5489, 0.5489, 0.5489, 0.5315, 0.5315, 0.5315, 0.5315, 0.5315, 0.5315, 0.5315, 0.5315, 0.5315, 0.5315, 0.5801, 0.5801, 0.5801, 0.5801, 0.5801, 0.5801, 0.5801, 0.5801, 0.5801, 0.5801, 0.5414, 0.5414, 0.5414, 0.5414, 0.5414, 0.5414, 0.5414, 0.5414, 0.5414, 0.5414, 0.4866, 0.4866, 0.4866, 0.4866, 0.4866, 0.4866, 0.4866, 0.4866, 0.4866, 0.4866, 0.3945, 0.3945, 0.3945, 0.3945, 0.3945, 0.3945, 0.3945, 0.3945, 0.3945, 0.3945, 0.3778, 0.3778, 0.3778, 0.3778, 0.3778, 0.3778, 0.3778, 0.3778, 0.3778, 0.3778, 0.341, 0.341, 0.341, 0.341, 0.341, 0.341, 0.341, 0.341, 0.341, 0.341, 0.5141, 0.5141, 0.5141, 0.5141, 0.5141, 0.5141, 0.5141, 0.5141, 0.5141, 0.5141, 0.6853, 0.6853, 0.6853, 0.6853, 0.6853, 0.6853, 0.6853, 0.6853, 0.6853, 0.6853, 0.6115, 0.6115, 0.6115, 0.6115, 0.6115, 0.6115, 0.6115, 0.6115, 0.6115, 0.6115, 0.4413, 0.4413, 0.4413, 0.4413, 0.4413, 0.4413, 0.4413, 0.4413, 0.4413, 0.4413, 0.35, 0.35, 0.35, 0.35, 0.35, 0.35, 0.35, 0.35, 0.35, 0.35, 0.2496, 0.2496, 0.2496, 0.2496, 0.2496, 0.2496, 0.2496, 0.2496, 0.2496, 0.2496, 0.3283, 0.3283, 0.3283, 0.3283, 0.3283, 0.3283, 0.3283, 0.3283, 0.3283, 0.3283, 0.362, 0.362, 0.362, 0.362, 0.362, 0.362, 0.362, 0.362, 0.362, 0.362, 0.6172, 0.6172, 0.6172, 0.6172, 0.6172, 0.6172, 0.6172, 0.6172, 0.6172, 0.6172, 0.5163, 0.5163, 0.5163, 0.5163, 0.5163, 0.5163, 0.5163, 0.5163, 0.5163, 0.5163, 0.2789, 0.2789, 0.2789, 0.2789, 0.2789, 0.2789, 0.2789, 0.2789, 0.2789, 0.2789, 0.3356, 0.3356, 0.3356, 0.3356, 0.3356, 0.3356, 0.3356, 0.3356, 0.3356, 0.3356, 0.5229, 0.5229, 0.5229, 0.5229, 0.5229, 0.5229, 0.5229, 0.5229, 0.5229, 0.5229, 0.6018, 0.6018, 0.6018, 0.6018, 0.6018, 0.6018, 0.6018, 0.6018, 0.6018, 0.6018, 0.4951, 0.4951, 0.4951, 0.4951, 0.4951, 0.4951, 0.4951, 0.4951, 0.4951, 0.4951, 0.3532, 0.3532, 0.3532, 0.3532, 0.3532, 0.3532, 0.3532, 0.3532, 0.3532, 0.3532, 0.5567, 0.5567, 0.5567, 0.5567, 0.5567, 0.5567, 0.5567, 0.5567, 0.5567, 0.5567, 0.2355, 0.2355, 0.2355, 0.2355, 0.2355, 0.2355, 0.2355, 0.2355, 0.2355, 0.2355, 0.5976, 0.5976, 0.5976, 0.5976, 0.5976, 0.5976, 0.5976, 0.5976, 0.5976, 0.5976, 0.514, 0.514, 0.514, 0.514, 0.514, 0.514, 0.514, 0.514, 0.514, 0.514, 0.8078, 0.8078, 0.8078, 0.8078, 0.8078, 0.8078, 0.8078, 0.8078, 0.8078, 0.8078, 0.5419, 0.5419, 0.5419, 0.5419, 0.5419, 0.5419, 0.5419, 0.5419, 0.5419, 0.5419, 0.4832, 0.4832, 0.4832, 0.4832, 0.4832, 0.4832, 0.4832, 0.4832, 0.4832, 0.4832, 0.3197, 0.3197, 0.3197, 0.3197, 0.3197, 0.3197, 0.3197, 0.3197, 0.3197, 0.3197, 0.4235, 0.4235, 0.4235, 0.4235, 0.4235, 0.4235, 0.4235, 0.4235, 0.4235, 0.4235, 0.6638, 0.6638, 0.6638, 0.6638, 0.6638, 0.6638, 0.6638, 0.6638, 0.6638, 0.6638, 0.1448, 0.1448, 0.1448, 0.1448, 0.1448, 0.1448, 0.1448, 0.1448, 0.1448, 0.1448, 0.7591, 0.7591, 0.7591, 0.7591, 0.7591, 0.7591, 0.7591, 0.7591, 0.7591, 0.7591, 0.6105, 0.6105, 0.6105, 0.6105, 0.6105, 0.6105, 0.6105, 0.6105, 0.6105, 0.6105, 0.428, 0.428, 0.428, 0.428, 0.428, 0.428, 0.428, 0.428, 0.428, 0.428, 0.4702, 0.4702, 0.4702, 0.4702, 0.4702, 0.4702, 0.4702, 0.4702, 0.4702, 0.4702, 0.3921, 0.3921, 0.3921, 0.3921, 0.3921, 0.3921, 0.3921, 0.3921, 0.3921, 0.3921, 0.426, 0.426, 0.426, 0.426, 0.426, 0.426, 0.426, 0.426, 0.426, 0.426, 0.6496, 0.6496, 0.6496, 0.6496, 0.6496, 0.6496, 0.6496, 0.6496, 0.6496, 0.6496, 0.3762, 0.3762, 0.3762, 0.3762, 0.3762, 0.3762, 0.3762, 0.3762, 0.3762, 0.3762, 0.3813, 0.3813, 0.3813, 0.3813, 0.3813, 0.3813, 0.3813, 0.3813, 0.3813, 0.3813, 0.374, 0.374, 0.374, 0.374, 0.374, 0.374, 0.374, 0.374, 0.374, 0.374, 0.598, 0.598, 0.598, 0.598, 0.598, 0.598, 0.598, 0.598, 0.598, 0.598, 0.536, 0.536, 0.536, 0.536, 0.536, 0.536, 0.536, 0.536, 0.536, 0.536, 0.5922, 0.5922, 0.5922, 0.5922, 0.5922, 0.5922, 0.5922, 0.5922, 0.5922, 0.5922, 0.3517, 0.3517, 0.3517, 0.3517, 0.3517, 0.3517, 0.3517, 0.3517, 0.3517, 0.3517, 0.3526, 0.3526, 0.3526, 0.3526, 0.3526, 0.3526, 0.3526, 0.3526, 0.3526, 0.3526, 0.6159, 0.6159, 0.6159, 0.6159, 0.6159, 0.6159, 0.6159, 0.6159, 0.6159, 0.6159, 0.4997, 0.4997, 0.4997, 0.4997, 0.4997, 0.4997, 0.4997, 0.4997, 0.4997, 0.4997, 0.639, 0.639, 0.639, 0.639, 0.639, 0.639, 0.639, 0.639, 0.639, 0.639, 0.5333, 0.5333, 0.5333, 0.5333, 0.5333, 0.5333, 0.5333, 0.5333, 0.5333, 0.5333, 0.3782, 0.3782, 0.3782, 0.3782, 0.3782, 0.3782, 0.3782, 0.3782, 0.3782, 0.3782, 0.5024, 0.5024, 0.5024, 0.5024, 0.5024, 0.5024, 0.5024, 0.5024, 0.5024, 0.5024, 0.5036, 0.5036, 0.5036, 0.5036, 0.5036, 0.5036, 0.5036, 0.5036, 0.5036, 0.5036, 0.6086, 0.6086, 0.6086, 0.6086, 0.6086, 0.6086, 0.6086, 0.6086, 0.6086, 0.6086, 0.2963, 0.2963, 0.2963, 0.2963, 0.2963, 0.2963, 0.2963, 0.2963, 0.2963, 0.2963, 0.4214, 0.4214, 0.4214, 0.4214, 0.4214, 0.4214, 0.4214, 0.4214, 0.4214, 0.4214, 0.3491, 0.3491, 0.3491, 0.3491, 0.3491, 0.3491, 0.3491, 0.3491, 0.3491, 0.3491, 0.4009, 0.4009, 0.4009, 0.4009, 0.4009, 0.4009, 0.4009, 0.4009, 0.4009, 0.4009, 0.245, 0.245, 0.245, 0.245, 0.245, 0.245, 0.245, 0.245, 0.245, 0.245, 0.4775, 0.4775, 0.4775, 0.4775, 0.4775, 0.4775, 0.4775, 0.4775, 0.4775, 0.4775, 0.2192, 0.2192, 0.2192, 0.2192, 0.2192, 0.2192, 0.2192, 0.2192, 0.2192, 0.2192, 0.31, 0.31, 0.31, 0.31, 0.31, 0.31, 0.31, 0.31, 0.31, 0.31, 0.7393, 0.7393, 0.7393, 0.7393, 0.7393, 0.7393, 0.7393, 0.7393, 0.7393, 0.7393, 0.3336, 0.3336, 0.3336, 0.3336, 0.3336, 0.3336, 0.3336, 0.3336, 0.3336, 0.3336, 0.3173, 0.3173, 0.3173, 0.3173, 0.3173, 0.3173, 0.3173, 0.3173, 0.3173, 0.3173, 0.2298, 0.2298, 0.2298, 0.2298, 0.2298, 0.2298, 0.2298, 0.2298, 0.2298, 0.2298, 0.4424, 0.4424, 0.4424, 0.4424, 0.4424, 0.4424, 0.4424, 0.4424, 0.4424, 0.4424, 0.294, 0.294, 0.294, 0.294, 0.294, 0.294, 0.294, 0.294, 0.294, 0.294, 0.9486, 0.9486, 0.9486, 0.9486, 0.9486, 0.9486, 0.9486, 0.9486, 0.9486, 0.9486, 0.8107, 0.8107, 0.8107, 0.8107, 0.8107, 0.8107, 0.8107, 0.8107, 0.8107, 0.8107, 0.7394, 0.7394, 0.7394, 0.7394, 0.7394, 0.7394, 0.7394, 0.7394, 0.7394, 0.7394, 1.2033, 1.2033, 1.2033, 1.2033, 1.2033, 1.2033, 1.2033, 1.2033, 1.2033, 1.2033, 0.4594, 0.4594, 0.4594, 0.4594, 0.4594, 0.4594, 0.4594, 0.4594, 0.4594, 0.4594, 0.2258, 0.2258, 0.2258, 0.2258, 0.2258, 0.2258, 0.2258, 0.2258, 0.2258, 0.2258, 0.2663, 0.2663, 0.2663, 0.2663, 0.2663, 0.2663, 0.2663, 0.2663, 0.2663, 0.2663, 0.3748, 0.3748, 0.3748, 0.3748, 0.3748, 0.3748, 0.3748, 0.3748, 0.3748, 0.3748, 0.2476, 0.2476, 0.2476, 0.2476, 0.2476, 0.2476, 0.2476, 0.2476, 0.2476, 0.2476, 0.2661, 0.2661, 0.2661, 0.2661, 0.2661, 0.2661, 0.2661, 0.2661, 0.2661, 0.2661, 0.9898, 0.9898, 0.9898, 0.9898, 0.9898, 0.9898, 0.9898, 0.9898, 0.9898, 0.9898, 1.0279, 1.0279, 1.0279, 1.0279, 1.0279, 1.0279, 1.0279, 1.0279, 1.0279, 1.0279, 0.5757, 0.5757, 0.5757, 0.5757, 0.5757, 0.5757, 0.5757, 0.5757, 0.5757, 0.5757, 0.6487, 0.6487, 0.6487, 0.6487, 0.6487, 0.6487, 0.6487, 0.6487, 0.6487, 0.6487, 0.3228, 0.3228, 0.3228, 0.3228, 0.3228, 0.3228, 0.3228, 0.3228, 0.3228, 0.3228, 0.4294, 0.4294, 0.4294, 0.4294, 0.4294, 0.4294, 0.4294, 0.4294, 0.4294, 0.4294, 0.3402, 0.3402, 0.3402, 0.3402, 0.3402, 0.3402, 0.3402, 0.3402, 0.3402, 0.3402, 0.5653, 0.5653, 0.5653, 0.5653, 0.5653, 0.5653, 0.5653, 0.5653, 0.5653, 0.5653, 0.3659, 0.3659, 0.3659, 0.3659, 0.3659, 0.3659, 0.3659, 0.3659, 0.3659, 0.3659, 0.7065, 0.7065, 0.7065, 0.7065, 0.7065, 0.7065, 0.7065, 0.7065, 0.7065, 0.7065, 0.3682, 0.3682, 0.3682, 0.3682, 0.3682, 0.3682, 0.3682, 0.3682, 0.3682, 0.3682, 0.2246, 0.2246, 0.2246, 0.2246, 0.2246, 0.2246, 0.2246, 0.2246, 0.2246, 0.2246, 0.2396, 0.2396, 0.2396, 0.2396, 0.2396, 0.2396, 0.2396, 0.2396, 0.2396, 0.2396, 0.3463, 0.3463, 0.3463, 0.3463, 0.3463, 0.3463, 0.3463, 0.3463, 0.3463, 0.3463, 0.3546, 0.3546, 0.3546, 0.3546, 0.3546, 0.3546, 0.3546, 0.3546, 0.3546, 0.3546, 0.5009, 0.5009, 0.5009, 0.5009, 0.5009, 0.5009, 0.5009, 0.5009, 0.5009, 0.5009, 0.392, 0.392, 0.392, 0.392, 0.392, 0.392, 0.392, 0.392, 0.392, 0.392, 0.3663, 0.3663, 0.3663, 0.3663, 0.3663, 0.3663, 0.3663, 0.3663, 0.3663, 0.3663, 0.3429, 0.3429, 0.3429, 0.3429, 0.3429, 0.3429, 0.3429, 0.3429, 0.3429, 0.3429, 0.4204, 0.4204, 0.4204, 0.4204, 0.4204, 0.4204, 0.4204, 0.4204, 0.4204, 0.4204, 0.4172, 0.4172, 0.4172, 0.4172, 0.4172, 0.4172, 0.4172, 0.4172, 0.4172, 0.4172, 0.4246, 0.4246, 0.4246, 0.4246, 0.4246, 0.4246, 0.4246, 0.4246, 0.4246, 0.4246, 0.4661, 0.4661, 0.4661, 0.4661, 0.4661, 0.4661, 0.4661, 0.4661, 0.4661, 0.4661, 0.5871, 0.5871, 0.5871, 0.5871, 0.5871, 0.5871, 0.5871, 0.5871, 0.5871, 0.5871, 0.6839, 0.6839, 0.6839, 0.6839, 0.6839, 0.6839, 0.6839, 0.6839, 0.6839, 0.6839, 0.478, 0.478, 0.478, 0.478, 0.478, 0.478, 0.478, 0.478, 0.478, 0.478, 0.3471, 0.3471, 0.3471, 0.3471, 0.3471, 0.3471, 0.3471, 0.3471, 0.3471, 0.3471, 0.7354, 0.7354, 0.7354, 0.7354, 0.7354, 0.7354, 0.7354, 0.7354, 0.7354, 0.7354, 0.2468, 0.2468, 0.2468, 0.2468, 0.2468, 0.2468, 0.2468, 0.2468, 0.2468, 0.2468, 0.4401, 0.4401, 0.4401, 0.4401, 0.4401, 0.4401, 0.4401, 0.4401, 0.4401, 0.4401, 0.2588, 0.2588, 0.2588, 0.2588, 0.2588, 0.2588, 0.2588, 0.2588, 0.2588, 0.2588, 0.3966, 0.3966, 0.3966, 0.3966, 0.3966, 0.3966, 0.3966, 0.3966, 0.3966, 0.3966, 0.4101, 0.4101, 0.4101, 0.4101, 0.4101, 0.4101, 0.4101, 0.4101, 0.4101, 0.4101, 0.3431, 0.3431, 0.3431, 0.3431, 0.3431, 0.3431, 0.3431, 0.3431, 0.3431, 0.3431, 0.2542, 0.2542, 0.2542, 0.2542, 0.2542, 0.2542, 0.2542, 0.2542, 0.2542, 0.2542, 0.622, 0.622, 0.622, 0.622, 0.622, 0.622, 0.622, 0.622, 0.622, 0.622, 0.6029, 0.6029, 0.6029, 0.6029, 0.6029, 0.6029, 0.6029, 0.6029, 0.6029, 0.6029, 0.3513, 0.3513, 0.3513, 0.3513, 0.3513, 0.3513, 0.3513, 0.3513, 0.3513, 0.3513, 0.4124, 0.4124, 0.4124, 0.4124, 0.4124, 0.4124, 0.4124, 0.4124, 0.4124, 0.4124, 0.3347, 0.3347, 0.3347, 0.3347, 0.3347, 0.3347, 0.3347, 0.3347, 0.3347, 0.3347, 0.7221, 0.7221, 0.7221, 0.7221, 0.7221, 0.7221, 0.7221, 0.7221, 0.7221, 0.7221, 0.3671, 0.3671, 0.3671, 0.3671, 0.3671, 0.3671, 0.3671, 0.3671, 0.3671, 0.3671, 0.9114, 0.9114, 0.9114, 0.9114, 0.9114, 0.9114, 0.9114, 0.9114, 0.9114, 0.9114, 0.6546, 0.6546, 0.6546, 0.6546, 0.6546, 0.6546, 0.6546, 0.6546, 0.6546, 0.6546, 1.1646, 1.1646, 1.1646, 1.1646, 1.1646, 1.1646, 1.1646, 1.1646, 1.1646, 1.1646, 0.947, 0.947, 0.947, 0.947, 0.947, 0.947, 0.947, 0.947, 0.947, 0.947, 0.8308, 0.8308, 0.8308, 0.8308, 0.8308, 0.8308, 0.8308, 0.8308, 0.8308, 0.8308, 0.8199, 0.8199, 0.8199, 0.8199, 0.8199, 0.8199, 0.8199, 0.8199, 0.8199, 0.8199, 0.7673, 0.7673, 0.7673, 0.7673, 0.7673, 0.7673, 0.7673, 0.7673, 0.7673, 0.7673, 0.694, 0.694, 0.694, 0.694, 0.694, 0.694, 0.694, 0.694, 0.694, 0.694, 0.6669, 0.6669, 0.6669, 0.6669, 0.6669, 0.6669, 0.6669, 0.6669, 0.6669, 0.6669, 0.8395, 0.8395, 0.8395, 0.8395, 0.8395, 0.8395, 0.8395, 0.8395, 0.8395, 0.8395, 0.6286, 0.6286, 0.6286, 0.6286, 0.6286, 0.6286, 0.6286, 0.6286, 0.6286, 0.6286, 0.5999, 0.5999, 0.5999, 0.5999, 0.5999, 0.5999, 0.5999, 0.5999, 0.5999, 0.5999, 0.7121, 0.7121, 0.7121, 0.7121, 0.7121, 0.7121, 0.7121, 0.7121, 0.7121, 0.7121, 0.481, 0.481, 0.481, 0.481, 0.481, 0.481, 0.481, 0.481, 0.481, 0.481, 0.2879, 0.2879, 0.2879, 0.2879, 0.2879, 0.2879, 0.2879, 0.2879, 0.2879, 0.2879, 0.4651, 0.4651, 0.4651, 0.4651, 0.4651, 0.4651, 0.4651, 0.4651, 0.4651, 0.4651, 0.6035, 0.6035, 0.6035, 0.6035, 0.6035, 0.6035, 0.6035, 0.6035, 0.6035, 0.6035, 0.3343, 0.3343, 0.3343, 0.3343, 0.3343, 0.3343, 0.3343, 0.3343, 0.3343, 0.3343, 0.4827, 0.4827, 0.4827, 0.4827, 0.4827, 0.4827, 0.4827, 0.4827, 0.4827, 0.4827, 0.5057, 0.5057, 0.5057, 0.5057, 0.5057, 0.5057, 0.5057, 0.5057, 0.5057, 0.5057, 0.3026, 0.3026, 0.3026, 0.3026, 0.3026, 0.3026, 0.3026, 0.3026, 0.3026, 0.3026, 0.3417, 0.3417, 0.3417, 0.3417, 0.3417, 0.3417, 0.3417, 0.3417, 0.3417, 0.3417, 0.3767, 0.3767, 0.3767, 0.3767, 0.3767, 0.3767, 0.3767, 0.3767, 0.3767, 0.3767, 0.6054, 0.6054, 0.6054, 0.6054, 0.6054, 0.6054, 0.6054, 0.6054, 0.6054, 0.6054, 0.4639, 0.4639, 0.4639, 0.4639, 0.4639, 0.4639, 0.4639, 0.4639, 0.4639, 0.4639, 0.5392, 0.5392, 0.5392, 0.5392, 0.5392, 0.5392, 0.5392, 0.5392, 0.5392, 0.5392, 0.6003, 0.6003, 0.6003, 0.6003, 0.6003, 0.6003, 0.6003, 0.6003, 0.6003, 0.6003, 0.4398, 0.4398, 0.4398, 0.4398, 0.4398, 0.4398, 0.4398, 0.4398, 0.4398, 0.4398, 0.3169, 0.3169, 0.3169, 0.3169, 0.3169, 0.3169, 0.3169, 0.3169, 0.3169, 0.3169, 0.3795, 0.3795, 0.3795, 0.3795, 0.3795, 0.3795, 0.3795, 0.3795, 0.3795, 0.3795, 0.2988, 0.2988, 0.2988, 0.2988, 0.2988, 0.2988, 0.2988, 0.2988, 0.2988, 0.2988, 0.338, 0.338, 0.338, 0.338, 0.338, 0.338, 0.338, 0.338, 0.338, 0.338, 0.4729, 0.4729, 0.4729, 0.4729, 0.4729, 0.4729, 0.4729, 0.4729, 0.4729, 0.4729, 0.4645, 0.4645, 0.4645, 0.4645, 0.4645, 0.4645, 0.4645, 0.4645, 0.4645, 0.4645, 0.2497, 0.2497, 0.2497, 0.2497, 0.2497, 0.2497, 0.2497, 0.2497, 0.2497, 0.2497, 0.3635, 0.3635, 0.3635, 0.3635, 0.3635, 0.3635, 0.3635, 0.3635, 0.3635, 0.3635, 0.4171, 0.4171, 0.4171, 0.4171, 0.4171, 0.4171, 0.4171, 0.4171, 0.4171, 0.4171, 0.3257, 0.3257, 0.3257, 0.3257, 0.3257, 0.3257, 0.3257, 0.3257, 0.3257, 0.3257, 0.4094, 0.4094, 0.4094, 0.4094, 0.4094, 0.4094, 0.4094, 0.4094, 0.4094, 0.4094, 0.4291, 0.4291, 0.4291, 0.4291, 0.4291, 0.4291, 0.4291, 0.4291, 0.4291, 0.4291, 0.3537, 0.3537, 0.3537, 0.3537, 0.3537, 0.3537, 0.3537, 0.3537, 0.3537, 0.3537, 0.3804, 0.3804, 0.3804, 0.3804, 0.3804, 0.3804, 0.3804, 0.3804, 0.3804, 0.3804, 0.3348, 0.3348, 0.3348, 0.3348, 0.3348, 0.3348, 0.3348, 0.3348, 0.3348, 0.3348, 0.2918, 0.2918, 0.2918, 0.2918, 0.2918, 0.2918, 0.2918, 0.2918, 0.2918, 0.2918, 0.5096, 0.5096, 0.5096, 0.5096, 0.5096, 0.5096, 0.5096, 0.5096, 0.5096, 0.5096, 0.4453, 0.4453, 0.4453, 0.4453, 0.4453, 0.4453, 0.4453, 0.4453, 0.4453, 0.4453, 0.362, 0.362, 0.362, 0.362, 0.362, 0.362, 0.362, 0.362, 0.362, 0.362, 0.3087, 0.3087, 0.3087, 0.3087, 0.3087, 0.3087, 0.3087, 0.3087, 0.3087, 0.3087, 0.3629, 0.3629, 0.3629, 0.3629, 0.3629, 0.3629, 0.3629, 0.3629, 0.3629, 0.3629, 0.1279, 0.1279, 0.1279, 0.1279, 0.1279, 0.1279, 0.1279, 0.1279, 0.1279, 0.1279, 0.3444, 0.3444, 0.3444, 0.3444, 0.3444, 0.3444, 0.3444, 0.3444, 0.3444, 0.3444, 0.34, 0.34, 0.34, 0.34, 0.34, 0.34, 0.34, 0.34, 0.34, 0.34, 0.5433, 0.5433, 0.5433, 0.5433, 0.5433, 0.5433, 0.5433, 0.5433, 0.5433, 0.5433, 0.2094, 0.2094, 0.2094, 0.2094, 0.2094, 0.2094, 0.2094, 0.2094, 0.2094, 0.2094, 0.419, 0.419, 0.419, 0.419, 0.419, 0.419, 0.419, 0.419, 0.419, 0.419, 0.506, 0.506, 0.506, 0.506, 0.506, 0.506, 0.506, 0.506, 0.506, 0.506, 0.5411, 0.5411, 0.5411, 0.5411, 0.5411, 0.5411, 0.5411, 0.5411, 0.5411, 0.5411, 0.3801, 0.3801, 0.3801, 0.3801, 0.3801, 0.3801, 0.3801, 0.3801, 0.3801, 0.3801, 0.1288, 0.1288, 0.1288, 0.1288, 0.1288, 0.1288, 0.1288, 0.1288, 0.1288, 0.1288, 0.3341, 0.3341, 0.3341, 0.3341, 0.3341, 0.3341, 0.3341, 0.3341, 0.3341, 0.3341, 0.4005, 0.4005, 0.4005, 0.4005, 0.4005, 0.4005, 0.4005, 0.4005, 0.4005, 0.4005, 0.226, 0.226, 0.226, 0.226, 0.226, 0.226, 0.226, 0.226, 0.226, 0.226, 0.3975, 0.3975, 0.3975, 0.3975, 0.3975, 0.3975, 0.3975, 0.3975, 0.3975, 0.3975, 0.3902, 0.3902, 0.3902, 0.3902, 0.3902, 0.3902, 0.3902, 0.3902, 0.3902, 0.3902, 0.3286, 0.3286, 0.3286, 0.3286, 0.3286, 0.3286, 0.3286, 0.3286, 0.3286, 0.3286, 0.2968, 0.2968, 0.2968, 0.2968, 0.2968, 0.2968, 0.2968, 0.2968, 0.2968, 0.2968, 0.388, 0.388, 0.388, 0.388, 0.388, 0.388, 0.388, 0.388, 0.388, 0.388, 0.2811, 0.2811, 0.2811, 0.2811, 0.2811, 0.2811, 0.2811, 0.2811, 0.2811, 0.2811, 0.5973, 0.5973, 0.5973, 0.5973, 0.5973, 0.5973, 0.5973, 0.5973, 0.5973, 0.5973, 0.3231, 0.3231, 0.3231, 0.3231, 0.3231, 0.3231, 0.3231, 0.3231, 0.3231, 0.3231, 0.6039, 0.6039, 0.6039, 0.6039, 0.6039, 0.6039, 0.6039, 0.6039, 0.6039, 0.6039, 0.245, 0.245, 0.245, 0.245, 0.245, 0.245, 0.245, 0.245, 0.245, 0.245, 0.3289, 0.3289, 0.3289, 0.3289, 0.3289, 0.3289, 0.3289, 0.3289, 0.3289, 0.3289, 0.3107, 0.3107, 0.3107, 0.3107, 0.3107, 0.3107, 0.3107, 0.3107, 0.3107, 0.3107, 0.2543, 0.2543, 0.2543, 0.2543, 0.2543, 0.2543, 0.2543, 0.2543, 0.2543, 0.2543, 0.3659, 0.3659, 0.3659, 0.3659, 0.3659, 0.3659, 0.3659, 0.3659, 0.3659, 0.3659, 0.6671, 0.6671, 0.6671, 0.6671, 0.6671, 0.6671, 0.6671, 0.6671, 0.6671, 0.6671, 0.4562, 0.4562, 0.4562, 0.4562, 0.4562, 0.4562, 0.4562, 0.4562, 0.4562, 0.4562, 0.2954, 0.2954, 0.2954, 0.2954, 0.2954, 0.2954, 0.2954, 0.2954, 0.2954, 0.2954, 0.6105, 0.6105, 0.6105, 0.6105, 0.6105, 0.6105, 0.6105, 0.6105, 0.6105, 0.6105, 0.3053, 0.3053, 0.3053, 0.3053, 0.3053, 0.3053, 0.3053, 0.3053, 0.3053, 0.3053, 0.4108, 0.4108, 0.4108, 0.4108, 0.4108, 0.4108, 0.4108, 0.4108, 0.4108, 0.4108, 0.5349, 0.5349, 0.5349, 0.5349, 0.5349, 0.5349, 0.5349, 0.5349, 0.5349, 0.5349, 0.3492, 0.3492, 0.3492, 0.3492, 0.3492, 0.3492, 0.3492, 0.3492, 0.3492, 0.3492, 0.3704, 0.3704, 0.3704, 0.3704, 0.3704, 0.3704, 0.3704, 0.3704, 0.3704, 0.3704, 0.3295, 0.3295, 0.3295, 0.3295, 0.3295, 0.3295, 0.3295, 0.3295, 0.3295, 0.3295, 0.384, 0.384, 0.384, 0.384, 0.384, 0.384, 0.384, 0.384, 0.384, 0.384, 0.2822, 0.2822, 0.2822, 0.2822, 0.2822, 0.2822, 0.2822, 0.2822, 0.2822, 0.2822, 0.3919, 0.3919, 0.3919, 0.3919, 0.3919, 0.3919, 0.3919, 0.3919, 0.3919, 0.3919, 0.2005, 0.2005, 0.2005, 0.2005, 0.2005, 0.2005, 0.2005, 0.2005, 0.2005, 0.2005, 0.4894, 0.4894, 0.4894, 0.4894, 0.4894, 0.4894, 0.4894, 0.4894, 0.4894, 0.4894, 0.383, 0.383, 0.383, 0.383, 0.383, 0.383, 0.383, 0.383, 0.383, 0.383, 0.1393, 0.1393, 0.1393, 0.1393, 0.1393, 0.1393, 0.1393, 0.1393, 0.1393, 0.1393, 0.2819, 0.2819, 0.2819, 0.2819, 0.2819, 0.2819, 0.2819, 0.2819, 0.2819, 0.2819, 0.2849, 0.2849, 0.2849, 0.2849, 0.2849, 0.2849, 0.2849, 0.2849, 0.2849, 0.2849, 0.4504, 0.4504, 0.4504, 0.4504, 0.4504, 0.4504, 0.4504, 0.4504, 0.4504, 0.4504, 0.3667, 0.3667, 0.3667, 0.3667, 0.3667, 0.3667, 0.3667, 0.3667, 0.3667, 0.3667, 0.3466, 0.3466, 0.3466, 0.3466, 0.3466, 0.3466, 0.3466, 0.3466, 0.3466, 0.3466, 0.249, 0.249, 0.249, 0.249, 0.249, 0.249, 0.249, 0.249, 0.249, 0.249, 0.2354, 0.2354, 0.2354, 0.2354, 0.2354, 0.2354, 0.2354, 0.2354, 0.2354, 0.2354, 0.2398, 0.2398, 0.2398, 0.2398, 0.2398, 0.2398, 0.2398, 0.2398, 0.2398, 0.2398, 0.442, 0.442, 0.442, 0.442, 0.442, 0.442, 0.442, 0.442, 0.442, 0.442, 0.3155, 0.3155, 0.3155, 0.3155, 0.3155, 0.3155, 0.3155, 0.3155, 0.3155, 0.3155, 0.1612, 0.1612, 0.1612, 0.1612, 0.1612, 0.1612, 0.1612, 0.1612, 0.1612, 0.1612, 0.3256, 0.3256, 0.3256, 0.3256, 0.3256, 0.3256, 0.3256, 0.3256, 0.3256, 0.3256, 0.3253, 0.3253, 0.3253, 0.3253, 0.3253, 0.3253, 0.3253, 0.3253, 0.3253, 0.3253, 0.3862, 0.3862, 0.3862, 0.3862, 0.3862, 0.3862, 0.3862, 0.3862, 0.3862, 0.3862, 0.2004, 0.2004, 0.2004, 0.2004, 0.2004, 0.2004, 0.2004, 0.2004, 0.2004, 0.2004, 0.1407, 0.1407, 0.1407, 0.1407, 0.1407, 0.1407, 0.1407, 0.1407, 0.1407, 0.1407, 0.3765, 0.3765, 0.3765, 0.3765, 0.3765, 0.3765, 0.3765, 0.3765, 0.3765, 0.3765, 0.5283, 0.5283, 0.5283, 0.5283, 0.5283, 0.5283, 0.5283, 0.5283, 0.5283, 0.5283, 0.2162, 0.2162, 0.2162, 0.2162, 0.2162, 0.2162, 0.2162, 0.2162, 0.2162, 0.2162, 0.3188, 0.3188, 0.3188, 0.3188, 0.3188, 0.3188, 0.3188, 0.3188, 0.3188, 0.3188, 0.1677, 0.1677, 0.1677, 0.1677, 0.1677, 0.1677, 0.1677, 0.1677, 0.1677, 0.1677, 0.5892, 0.5892, 0.5892, 0.5892, 0.5892, 0.5892, 0.5892, 0.5892, 0.5892, 0.5892, 0.2355, 0.2355, 0.2355, 0.2355, 0.2355, 0.2355, 0.2355, 0.2355, 0.2355, 0.2355, 0.3855, 0.3855, 0.3855, 0.3855, 0.3855, 0.3855, 0.3855, 0.3855, 0.3855, 0.3855, 0.2177, 0.2177, 0.2177, 0.2177, 0.2177, 0.2177, 0.2177, 0.2177, 0.2177, 0.2177, 0.3742, 0.3742, 0.3742, 0.3742, 0.3742, 0.3742, 0.3742, 0.3742, 0.3742, 0.3742, 0.2368, 0.2368, 0.2368, 0.2368, 0.2368, 0.2368, 0.2368, 0.2368, 0.2368, 0.2368, 0.442, 0.442, 0.442, 0.442, 0.442, 0.442, 0.442, 0.442, 0.442, 0.442, 0.2222, 0.2222, 0.2222, 0.2222, 0.2222, 0.2222, 0.2222, 0.2222, 0.2222, 0.2222, 0.281, 0.281, 0.281, 0.281, 0.281, 0.281, 0.281, 0.281, 0.281, 0.281, 0.3435, 0.3435, 0.3435, 0.3435, 0.3435, 0.3435, 0.3435, 0.3435, 0.3435, 0.3435, 0.2037, 0.2037, 0.2037, 0.2037, 0.2037, 0.2037, 0.2037, 0.2037, 0.2037, 0.2037, 0.3166, 0.3166, 0.3166, 0.3166, 0.3166, 0.3166, 0.3166, 0.3166, 0.3166, 0.3166, 0.314, 0.314, 0.314, 0.314, 0.314, 0.314, 0.314, 0.314, 0.314, 0.314, 0.1326, 0.1326, 0.1326, 0.1326, 0.1326, 0.1326, 0.1326, 0.1326, 0.1326, 0.1326, 0.4286, 0.4286, 0.4286, 0.4286, 0.4286, 0.4286, 0.4286, 0.4286, 0.4286, 0.4286, 0.4839, 0.4839, 0.4839, 0.4839, 0.4839, 0.4839, 0.4839, 0.4839, 0.4839, 0.4839, 0.431, 0.431, 0.431, 0.431, 0.431, 0.431, 0.431, 0.431, 0.431, 0.431, 0.3676, 0.3676, 0.3676, 0.3676, 0.3676, 0.3676, 0.3676, 0.3676, 0.3676, 0.3676, 0.1565, 0.1565, 0.1565, 0.1565, 0.1565, 0.1565, 0.1565, 0.1565, 0.1565, 0.1565, 0.2212, 0.2212, 0.2212, 0.2212, 0.2212, 0.2212, 0.2212, 0.2212, 0.2212, 0.2212, 0.3725, 0.3725, 0.3725, 0.3725, 0.3725, 0.3725, 0.3725, 0.3725, 0.3725, 0.3725, 0.2796, 0.2796, 0.2796, 0.2796, 0.2796, 0.2796, 0.2796, 0.2796, 0.2796, 0.2796, 0.4271, 0.4271, 0.4271, 0.4271, 0.4271, 0.4271, 0.4271, 0.4271, 0.4271, 0.4271, 0.6249, 0.6249, 0.6249, 0.6249, 0.6249, 0.6249, 0.6249, 0.6249, 0.6249, 0.6249, 0.3018, 0.3018, 0.3018, 0.3018, 0.3018, 0.3018, 0.3018, 0.3018, 0.3018, 0.3018, 0.3919, 0.3919, 0.3919, 0.3919, 0.3919, 0.3919, 0.3919, 0.3919, 0.3919, 0.3919, 0.271, 0.271, 0.271, 0.271, 0.271, 0.271, 0.271, 0.271, 0.271, 0.271, 0.6579, 0.6579, 0.6579, 0.6579, 0.6579, 0.6579, 0.6579, 0.6579, 0.6579, 0.6579, 0.4767, 0.4767, 0.4767, 0.4767, 0.4767, 0.4767, 0.4767, 0.4767, 0.4767, 0.4767, 0.2671, 0.2671, 0.2671, 0.2671, 0.2671, 0.2671, 0.2671, 0.2671, 0.2671, 0.2671, 0.1057, 0.1057, 0.1057, 0.1057, 0.1057, 0.1057, 0.1057, 0.1057, 0.1057, 0.1057, 0.1548, 0.1548, 0.1548, 0.1548, 0.1548, 0.1548, 0.1548, 0.1548, 0.1548, 0.1548, 0.2733, 0.2733, 0.2733, 0.2733, 0.2733, 0.2733, 0.2733, 0.2733, 0.2733, 0.2733, 0.3255, 0.3255, 0.3255, 0.3255, 0.3255, 0.3255, 0.3255, 0.3255, 0.3255, 0.3255, 0.3775, 0.3775, 0.3775, 0.3775, 0.3775, 0.3775, 0.3775, 0.3775, 0.3775, 0.3775, 0.412, 0.412, 0.412, 0.412, 0.412, 0.412, 0.412, 0.412, 0.412, 0.412, 0.1909, 0.1909, 0.1909, 0.1909, 0.1909, 0.1909, 0.1909, 0.1909, 0.1909, 0.1909, 0.3479, 0.3479, 0.3479, 0.3479, 0.3479, 0.3479, 0.3479, 0.3479, 0.3479, 0.3479, 0.1257, 0.1257, 0.1257, 0.1257, 0.1257, 0.1257, 0.1257, 0.1257, 0.1257, 0.1257, 0.4671, 0.4671, 0.4671, 0.4671, 0.4671, 0.4671, 0.4671, 0.4671, 0.4671, 0.4671, 0.1287, 0.1287, 0.1287, 0.1287, 0.1287, 0.1287, 0.1287, 0.1287, 0.1287, 0.1287, 0.1744, 0.1744, 0.1744, 0.1744, 0.1744, 0.1744, 0.1744, 0.1744, 0.1744, 0.1744, 0.1655, 0.1655, 0.1655, 0.1655, 0.1655, 0.1655, 0.1655, 0.1655, 0.1655, 0.1655, 0.2022, 0.2022, 0.2022, 0.2022, 0.2022, 0.2022, 0.2022, 0.2022, 0.2022, 0.2022, 0.5873, 0.5873, 0.5873, 0.5873, 0.5873, 0.5873, 0.5873, 0.5873, 0.5873, 0.5873, 0.4008, 0.4008, 0.4008, 0.4008, 0.4008, 0.4008, 0.4008, 0.4008, 0.4008, 0.4008, 0.2154, 0.2154, 0.2154, 0.2154, 0.2154, 0.2154, 0.2154, 0.2154, 0.2154, 0.2154, 0.4436, 0.4436, 0.4436, 0.4436, 0.4436, 0.4436, 0.4436, 0.4436, 0.4436, 0.4436, 0.2395, 0.2395, 0.2395, 0.2395, 0.2395, 0.2395, 0.2395, 0.2395, 0.2395, 0.2395, 0.3154, 0.3154, 0.3154, 0.3154, 0.3154, 0.3154, 0.3154, 0.3154, 0.3154, 0.3154, 0.3617, 0.3617, 0.3617, 0.3617, 0.3617, 0.3617, 0.3617, 0.3617, 0.3617, 0.3617, 0.3046, 0.3046, 0.3046, 0.3046, 0.3046, 0.3046, 0.3046, 0.3046, 0.3046, 0.3046, 0.2344, 0.2344, 0.2344, 0.2344, 0.2344, 0.2344, 0.2344, 0.2344, 0.2344, 0.2344, 0.2164, 0.2164, 0.2164, 0.2164, 0.2164, 0.2164, 0.2164, 0.2164, 0.2164, 0.2164, 0.1526, 0.1526, 0.1526, 0.1526, 0.1526, 0.1526, 0.1526, 0.1526, 0.1526, 0.1526, 0.201, 0.201, 0.201, 0.201, 0.201, 0.201, 0.201, 0.201, 0.201, 0.201, 0.4412, 0.4412, 0.4412, 0.4412, 0.4412, 0.4412, 0.4412, 0.4412, 0.4412, 0.4412, 0.4646, 0.4646, 0.4646, 0.4646, 0.4646, 0.4646, 0.4646, 0.4646, 0.4646, 0.4646, 0.2325, 0.2325, 0.2325, 0.2325, 0.2325, 0.2325, 0.2325, 0.2325, 0.2325, 0.2325, 0.2082, 0.2082, 0.2082, 0.2082, 0.2082, 0.2082, 0.2082, 0.2082, 0.2082, 0.2082, 0.2133, 0.2133, 0.2133, 0.2133, 0.2133, 0.2133, 0.2133, 0.2133, 0.2133, 0.2133, 0.4027, 0.4027, 0.4027, 0.4027, 0.4027, 0.4027, 0.4027, 0.4027, 0.4027, 0.4027, 0.1492, 0.1492, 0.1492, 0.1492, 0.1492, 0.1492, 0.1492, 0.1492, 0.1492, 0.1492, 0.1386, 0.1386, 0.1386, 0.1386, 0.1386, 0.1386, 0.1386, 0.1386, 0.1386, 0.1386, 0.6557, 0.6557, 0.6557, 0.6557, 0.6557, 0.6557, 0.6557, 0.6557, 0.6557, 0.6557, 0.3494, 0.3494, 0.3494, 0.3494, 0.3494, 0.3494, 0.3494, 0.3494, 0.3494, 0.3494, 0.1933, 0.1933, 0.1933, 0.1933, 0.1933, 0.1933, 0.1933, 0.1933, 0.1933, 0.1933, 0.3383, 0.3383, 0.3383, 0.3383, 0.3383, 0.3383, 0.3383, 0.3383, 0.3383, 0.3383, 0.2765, 0.2765, 0.2765, 0.2765, 0.2765, 0.2765, 0.2765, 0.2765, 0.2765, 0.2765, 0.3592, 0.3592, 0.3592, 0.3592, 0.3592, 0.3592, 0.3592, 0.3592, 0.3592, 0.3592, 0.2167, 0.2167, 0.2167, 0.2167, 0.2167, 0.2167, 0.2167, 0.2167, 0.2167, 0.2167, 0.256, 0.256, 0.256, 0.256, 0.256, 0.256, 0.256, 0.256, 0.256, 0.256, 0.6238, 0.6238, 0.6238, 0.6238, 0.6238, 0.6238, 0.6238, 0.6238, 0.6238, 0.6238, 0.3399, 0.3399, 0.3399, 0.3399, 0.3399, 0.3399, 0.3399, 0.3399, 0.3399, 0.3399, 0.3259, 0.3259, 0.3259, 0.3259, 0.3259, 0.3259, 0.3259, 0.3259, 0.3259, 0.3259, 0.1283, 0.1283, 0.1283, 0.1283, 0.1283, 0.1283, 0.1283, 0.1283, 0.1283, 0.1283, 0.4058, 0.4058, 0.4058, 0.4058, 0.4058, 0.4058, 0.4058, 0.4058, 0.4058, 0.4058, 0.2648, 0.2648, 0.2648, 0.2648, 0.2648, 0.2648, 0.2648, 0.2648, 0.2648, 0.2648, 0.4351, 0.4351, 0.4351, 0.4351, 0.4351, 0.4351, 0.4351, 0.4351, 0.4351, 0.4351, 0.2252, 0.2252, 0.2252, 0.2252, 0.2252, 0.2252, 0.2252, 0.2252, 0.2252, 0.2252, 0.4683, 0.4683, 0.4683, 0.4683, 0.4683, 0.4683, 0.4683, 0.4683, 0.4683, 0.4683, 0.2654, 0.2654, 0.2654, 0.2654, 0.2654, 0.2654, 0.2654, 0.2654, 0.2654, 0.2654, 0.3344, 0.3344, 0.3344, 0.3344, 0.3344, 0.3344, 0.3344, 0.3344, 0.3344, 0.3344, 0.2827, 0.2827, 0.2827, 0.2827, 0.2827, 0.2827, 0.2827, 0.2827, 0.2827, 0.2827, 0.4108, 0.4108, 0.4108, 0.4108, 0.4108, 0.4108, 0.4108, 0.4108, 0.4108, 0.4108, 0.3606, 0.3606, 0.3606, 0.3606, 0.3606, 0.3606, 0.3606, 0.3606, 0.3606, 0.3606, 0.2094, 0.2094, 0.2094, 0.2094, 0.2094, 0.2094, 0.2094, 0.2094, 0.2094, 0.2094, 0.3237, 0.3237, 0.3237, 0.3237, 0.3237, 0.3237, 0.3237, 0.3237, 0.3237, 0.3237, 0.1667, 0.1667, 0.1667, 0.1667, 0.1667, 0.1667, 0.1667, 0.1667, 0.1667, 0.1667, 0.1358, 0.1358, 0.1358, 0.1358, 0.1358, 0.1358, 0.1358, 0.1358, 0.1358, 0.1358, 0.1833, 0.1833, 0.1833, 0.1833, 0.1833, 0.1833, 0.1833, 0.1833, 0.1833, 0.1833, 0.2204, 0.2204, 0.2204, 0.2204, 0.2204, 0.2204, 0.2204, 0.2204, 0.2204, 0.2204, 0.2686, 0.2686, 0.2686, 0.2686, 0.2686, 0.2686, 0.2686, 0.2686, 0.2686, 0.2686, 0.494, 0.494, 0.494, 0.494, 0.494, 0.494, 0.494, 0.494, 0.494, 0.494, 0.1277, 0.1277, 0.1277, 0.1277, 0.1277, 0.1277, 0.1277, 0.1277, 0.1277, 0.1277, 0.0867, 0.0867, 0.0867, 0.0867, 0.0867, 0.0867, 0.0867, 0.0867, 0.0867, 0.0867, 0.3578, 0.3578, 0.3578, 0.3578, 0.3578, 0.3578, 0.3578, 0.3578, 0.3578, 0.3578, 0.3321, 0.3321, 0.3321, 0.3321, 0.3321, 0.3321, 0.3321, 0.3321, 0.3321, 0.3321, 0.1825, 0.1825, 0.1825, 0.1825, 0.1825, 0.1825, 0.1825, 0.1825, 0.1825, 0.1825, 0.2302, 0.2302, 0.2302, 0.2302, 0.2302, 0.2302, 0.2302, 0.2302, 0.2302, 0.2302, 0.2526, 0.2526, 0.2526, 0.2526, 0.2526, 0.2526, 0.2526, 0.2526, 0.2526, 0.2526, 0.2883, 0.2883, 0.2883, 0.2883, 0.2883, 0.2883, 0.2883, 0.2883, 0.2883, 0.2883, 0.3331, 0.3331, 0.3331, 0.3331, 0.3331, 0.3331, 0.3331, 0.3331, 0.3331, 0.3331, 0.1735, 0.1735, 0.1735, 0.1735, 0.1735, 0.1735, 0.1735, 0.1735, 0.1735, 0.1735, 0.2346, 0.2346, 0.2346, 0.2346, 0.2346, 0.2346, 0.2346, 0.2346, 0.2346, 0.2346]
Validation Loss:
[0.4371369779109955, 0.5895146727561951, 0.7258986234664917, 0.5314181447029114, 0.5585442185401917, 0.5860283970832825, 0.5303202867507935, 0.6052078008651733, 0.6295672059059143, 0.5706841945648193]
Train, Validation, Test split:
Train: 6233
Validation: 1759
Test: 889
