Accuracy: 0.9706877113866967
Classification Report:
                                          precision    recall  f1-score   support

                         2ndMill-1stHalf       0.96      0.96      0.96        27
                         2ndMill-2ndHalf       0.96      0.96      0.96       170
                     Hellenistic onwards       0.95      0.91      0.93        91
Neo-Assyrian; Neo-Babylonian; Achaemenid       0.98      0.98      0.98       599

                                accuracy                           0.97       887
                               macro avg       0.96      0.95      0.96       887
                            weighted avg       0.97      0.97      0.97       887

Training Loss:
[1.6044, 1.6044, 1.6044, 1.6044, 1.6044, 1.6044, 1.6044, 1.6044, 1.6044, 1.6044, 1.3568, 1.3568, 1.3568, 1.3568, 1.3568, 1.3568, 1.3568, 1.3568, 1.3568, 1.3568, 1.1026, 1.1026, 1.1026, 1.1026, 1.1026, 1.1026, 1.1026, 1.1026, 1.1026, 1.1026, 0.8247, 0.8247, 0.8247, 0.8247, 0.8247, 0.8247, 0.8247, 0.8247, 0.8247, 0.8247, 1.0736, 1.0736, 1.0736, 1.0736, 1.0736, 1.0736, 1.0736, 1.0736, 1.0736, 1.0736, 1.0222, 1.0222, 1.0222, 1.0222, 1.0222, 1.0222, 1.0222, 1.0222, 1.0222, 1.0222, 0.8565, 0.8565, 0.8565, 0.8565, 0.8565, 0.8565, 0.8565, 0.8565, 0.8565, 0.8565, 0.9497, 0.9497, 0.9497, 0.9497, 0.9497, 0.9497, 0.9497, 0.9497, 0.9497, 0.9497, 0.7607, 0.7607, 0.7607, 0.7607, 0.7607, 0.7607, 0.7607, 0.7607, 0.7607, 0.7607, 0.9939, 0.9939, 0.9939, 0.9939, 0.9939, 0.9939, 0.9939, 0.9939, 0.9939, 0.9939, 0.7172, 0.7172, 0.7172, 0.7172, 0.7172, 0.7172, 0.7172, 0.7172, 0.7172, 0.7172, 0.7526, 0.7526, 0.7526, 0.7526, 0.7526, 0.7526, 0.7526, 0.7526, 0.7526, 0.7526, 0.8944, 0.8944, 0.8944, 0.8944, 0.8944, 0.8944, 0.8944, 0.8944, 0.8944, 0.8944, 0.8777, 0.8777, 0.8777, 0.8777, 0.8777, 0.8777, 0.8777, 0.8777, 0.8777, 0.8777, 0.6771, 0.6771, 0.6771, 0.6771, 0.6771, 0.6771, 0.6771, 0.6771, 0.6771, 0.6771, 0.6221, 0.6221, 0.6221, 0.6221, 0.6221, 0.6221, 0.6221, 0.6221, 0.6221, 0.6221, 0.4709, 0.4709, 0.4709, 0.4709, 0.4709, 0.4709, 0.4709, 0.4709, 0.4709, 0.4709, 0.5715, 0.5715, 0.5715, 0.5715, 0.5715, 0.5715, 0.5715, 0.5715, 0.5715, 0.5715, 0.6985, 0.6985, 0.6985, 0.6985, 0.6985, 0.6985, 0.6985, 0.6985, 0.6985, 0.6985, 0.6902, 0.6902, 0.6902, 0.6902, 0.6902, 0.6902, 0.6902, 0.6902, 0.6902, 0.6902, 0.6284, 0.6284, 0.6284, 0.6284, 0.6284, 0.6284, 0.6284, 0.6284, 0.6284, 0.6284, 0.4616, 0.4616, 0.4616, 0.4616, 0.4616, 0.4616, 0.4616, 0.4616, 0.4616, 0.4616, 0.5915, 0.5915, 0.5915, 0.5915, 0.5915, 0.5915, 0.5915, 0.5915, 0.5915, 0.5915, 0.5243, 0.5243, 0.5243, 0.5243, 0.5243, 0.5243, 0.5243, 0.5243, 0.5243, 0.5243, 0.6442, 0.6442, 0.6442, 0.6442, 0.6442, 0.6442, 0.6442, 0.6442, 0.6442, 0.6442, 0.3879, 0.3879, 0.3879, 0.3879, 0.3879, 0.3879, 0.3879, 0.3879, 0.3879, 0.3879, 0.6453, 0.6453, 0.6453, 0.6453, 0.6453, 0.6453, 0.6453, 0.6453, 0.6453, 0.6453, 0.4612, 0.4612, 0.4612, 0.4612, 0.4612, 0.4612, 0.4612, 0.4612, 0.4612, 0.4612, 0.4753, 0.4753, 0.4753, 0.4753, 0.4753, 0.4753, 0.4753, 0.4753, 0.4753, 0.4753, 0.7441, 0.7441, 0.7441, 0.7441, 0.7441, 0.7441, 0.7441, 0.7441, 0.7441, 0.7441, 0.9634, 0.9634, 0.9634, 0.9634, 0.9634, 0.9634, 0.9634, 0.9634, 0.9634, 0.9634, 0.5414, 0.5414, 0.5414, 0.5414, 0.5414, 0.5414, 0.5414, 0.5414, 0.5414, 0.5414, 0.7139, 0.7139, 0.7139, 0.7139, 0.7139, 0.7139, 0.7139, 0.7139, 0.7139, 0.7139, 0.6802, 0.6802, 0.6802, 0.6802, 0.6802, 0.6802, 0.6802, 0.6802, 0.6802, 0.6802, 0.4747, 0.4747, 0.4747, 0.4747, 0.4747, 0.4747, 0.4747, 0.4747, 0.4747, 0.4747, 0.586, 0.586, 0.586, 0.586, 0.586, 0.586, 0.586, 0.586, 0.586, 0.586, 0.7856, 0.7856, 0.7856, 0.7856, 0.7856, 0.7856, 0.7856, 0.7856, 0.7856, 0.7856, 0.5989, 0.5989, 0.5989, 0.5989, 0.5989, 0.5989, 0.5989, 0.5989, 0.5989, 0.5989, 0.5162, 0.5162, 0.5162, 0.5162, 0.5162, 0.5162, 0.5162, 0.5162, 0.5162, 0.5162, 0.5162, 0.5162, 0.5162, 0.5162, 0.5162, 0.5162, 0.5162, 0.5162, 0.5162, 0.5162, 0.7757, 0.7757, 0.7757, 0.7757, 0.7757, 0.7757, 0.7757, 0.7757, 0.7757, 0.7757, 0.4226, 0.4226, 0.4226, 0.4226, 0.4226, 0.4226, 0.4226, 0.4226, 0.4226, 0.4226, 0.3861, 0.3861, 0.3861, 0.3861, 0.3861, 0.3861, 0.3861, 0.3861, 0.3861, 0.3861, 0.4102, 0.4102, 0.4102, 0.4102, 0.4102, 0.4102, 0.4102, 0.4102, 0.4102, 0.4102, 0.3019, 0.3019, 0.3019, 0.3019, 0.3019, 0.3019, 0.3019, 0.3019, 0.3019, 0.3019, 0.5344, 0.5344, 0.5344, 0.5344, 0.5344, 0.5344, 0.5344, 0.5344, 0.5344, 0.5344, 0.4371, 0.4371, 0.4371, 0.4371, 0.4371, 0.4371, 0.4371, 0.4371, 0.4371, 0.4371, 0.7743, 0.7743, 0.7743, 0.7743, 0.7743, 0.7743, 0.7743, 0.7743, 0.7743, 0.7743, 0.599, 0.599, 0.599, 0.599, 0.599, 0.599, 0.599, 0.599, 0.599, 0.599, 0.5151, 0.5151, 0.5151, 0.5151, 0.5151, 0.5151, 0.5151, 0.5151, 0.5151, 0.5151, 0.3781, 0.3781, 0.3781, 0.3781, 0.3781, 0.3781, 0.3781, 0.3781, 0.3781, 0.3781, 0.4935, 0.4935, 0.4935, 0.4935, 0.4935, 0.4935, 0.4935, 0.4935, 0.4935, 0.4935, 0.4363, 0.4363, 0.4363, 0.4363, 0.4363, 0.4363, 0.4363, 0.4363, 0.4363, 0.4363, 0.6273, 0.6273, 0.6273, 0.6273, 0.6273, 0.6273, 0.6273, 0.6273, 0.6273, 0.6273, 0.5912, 0.5912, 0.5912, 0.5912, 0.5912, 0.5912, 0.5912, 0.5912, 0.5912, 0.5912, 0.489, 0.489, 0.489, 0.489, 0.489, 0.489, 0.489, 0.489, 0.489, 0.489, 0.4475, 0.4475, 0.4475, 0.4475, 0.4475, 0.4475, 0.4475, 0.4475, 0.4475, 0.4475, 0.4811, 0.4811, 0.4811, 0.4811, 0.4811, 0.4811, 0.4811, 0.4811, 0.4811, 0.4811, 0.3398, 0.3398, 0.3398, 0.3398, 0.3398, 0.3398, 0.3398, 0.3398, 0.3398, 0.3398, 0.5477, 0.5477, 0.5477, 0.5477, 0.5477, 0.5477, 0.5477, 0.5477, 0.5477, 0.5477, 0.2349, 0.2349, 0.2349, 0.2349, 0.2349, 0.2349, 0.2349, 0.2349, 0.2349, 0.2349, 0.4387, 0.4387, 0.4387, 0.4387, 0.4387, 0.4387, 0.4387, 0.4387, 0.4387, 0.4387, 0.3453, 0.3453, 0.3453, 0.3453, 0.3453, 0.3453, 0.3453, 0.3453, 0.3453, 0.3453, 0.3157, 0.3157, 0.3157, 0.3157, 0.3157, 0.3157, 0.3157, 0.3157, 0.3157, 0.3157, 0.3448, 0.3448, 0.3448, 0.3448, 0.3448, 0.3448, 0.3448, 0.3448, 0.3448, 0.3448, 0.355, 0.355, 0.355, 0.355, 0.355, 0.355, 0.355, 0.355, 0.355, 0.355, 0.5463, 0.5463, 0.5463, 0.5463, 0.5463, 0.5463, 0.5463, 0.5463, 0.5463, 0.5463, 0.5022, 0.5022, 0.5022, 0.5022, 0.5022, 0.5022, 0.5022, 0.5022, 0.5022, 0.5022, 0.4008, 0.4008, 0.4008, 0.4008, 0.4008, 0.4008, 0.4008, 0.4008, 0.4008, 0.4008, 0.4266, 0.4266, 0.4266, 0.4266, 0.4266, 0.4266, 0.4266, 0.4266, 0.4266, 0.4266, 0.3696, 0.3696, 0.3696, 0.3696, 0.3696, 0.3696, 0.3696, 0.3696, 0.3696, 0.3696, 0.2715, 0.2715, 0.2715, 0.2715, 0.2715, 0.2715, 0.2715, 0.2715, 0.2715, 0.2715, 0.3795, 0.3795, 0.3795, 0.3795, 0.3795, 0.3795, 0.3795, 0.3795, 0.3795, 0.3795, 0.5324, 0.5324, 0.5324, 0.5324, 0.5324, 0.5324, 0.5324, 0.5324, 0.5324, 0.5324, 0.4328, 0.4328, 0.4328, 0.4328, 0.4328, 0.4328, 0.4328, 0.4328, 0.4328, 0.4328, 0.3115, 0.3115, 0.3115, 0.3115, 0.3115, 0.3115, 0.3115, 0.3115, 0.3115, 0.3115, 0.312, 0.312, 0.312, 0.312, 0.312, 0.312, 0.312, 0.312, 0.3186, 0.3186, 0.3186, 0.3186, 0.3186, 0.3186, 0.3186, 0.3186, 0.3186, 0.3186, 0.1908, 0.1908, 0.1908, 0.1908, 0.1908, 0.1908, 0.1908, 0.1908, 0.1908, 0.1908, 0.3168, 0.3168, 0.3168, 0.3168, 0.3168, 0.3168, 0.3168, 0.3168, 0.3168, 0.3168, 0.2983, 0.2983, 0.2983, 0.2983, 0.2983, 0.2983, 0.2983, 0.2983, 0.2983, 0.2983, 0.3209, 0.3209, 0.3209, 0.3209, 0.3209, 0.3209, 0.3209, 0.3209, 0.3209, 0.3209, 0.4584, 0.4584, 0.4584, 0.4584, 0.4584, 0.4584, 0.4584, 0.4584, 0.4584, 0.4584, 0.2308, 0.2308, 0.2308, 0.2308, 0.2308, 0.2308, 0.2308, 0.2308, 0.2308, 0.2308, 0.1151, 0.1151, 0.1151, 0.1151, 0.1151, 0.1151, 0.1151, 0.1151, 0.1151, 0.1151, 0.1723, 0.1723, 0.1723, 0.1723, 0.1723, 0.1723, 0.1723, 0.1723, 0.1723, 0.1723, 0.3873, 0.3873, 0.3873, 0.3873, 0.3873, 0.3873, 0.3873, 0.3873, 0.3873, 0.3873, 0.2031, 0.2031, 0.2031, 0.2031, 0.2031, 0.2031, 0.2031, 0.2031, 0.2031, 0.2031, 0.2202, 0.2202, 0.2202, 0.2202, 0.2202, 0.2202, 0.2202, 0.2202, 0.2202, 0.2202, 0.1293, 0.1293, 0.1293, 0.1293, 0.1293, 0.1293, 0.1293, 0.1293, 0.1293, 0.1293, 0.1155, 0.1155, 0.1155, 0.1155, 0.1155, 0.1155, 0.1155, 0.1155, 0.1155, 0.1155, 0.3247, 0.3247, 0.3247, 0.3247, 0.3247, 0.3247, 0.3247, 0.3247, 0.3247, 0.3247, 0.1513, 0.1513, 0.1513, 0.1513, 0.1513, 0.1513, 0.1513, 0.1513, 0.1513, 0.1513, 0.5176, 0.5176, 0.5176, 0.5176, 0.5176, 0.5176, 0.5176, 0.5176, 0.5176, 0.5176, 0.3096, 0.3096, 0.3096, 0.3096, 0.3096, 0.3096, 0.3096, 0.3096, 0.3096, 0.3096, 0.175, 0.175, 0.175, 0.175, 0.175, 0.175, 0.175, 0.175, 0.175, 0.175, 0.2086, 0.2086, 0.2086, 0.2086, 0.2086, 0.2086, 0.2086, 0.2086, 0.2086, 0.2086, 0.1779, 0.1779, 0.1779, 0.1779, 0.1779, 0.1779, 0.1779, 0.1779, 0.1779, 0.1779, 0.2743, 0.2743, 0.2743, 0.2743, 0.2743, 0.2743, 0.2743, 0.2743, 0.2743, 0.2743, 0.3165, 0.3165, 0.3165, 0.3165, 0.3165, 0.3165, 0.3165, 0.3165, 0.3165, 0.3165, 0.247, 0.247, 0.247, 0.247, 0.247, 0.247, 0.247, 0.247, 0.247, 0.247, 0.2572, 0.2572, 0.2572, 0.2572, 0.2572, 0.2572, 0.2572, 0.2572, 0.2572, 0.2572, 0.1316, 0.1316, 0.1316, 0.1316, 0.1316, 0.1316, 0.1316, 0.1316, 0.1316, 0.1316, 0.3729, 0.3729, 0.3729, 0.3729, 0.3729, 0.3729, 0.3729, 0.3729, 0.3729, 0.3729, 0.2777, 0.2777, 0.2777, 0.2777, 0.2777, 0.2777, 0.2777, 0.2777, 0.2777, 0.2777, 0.2526, 0.2526, 0.2526, 0.2526, 0.2526, 0.2526, 0.2526, 0.2526, 0.2526, 0.2526, 0.3031, 0.3031, 0.3031, 0.3031, 0.3031, 0.3031, 0.3031, 0.3031, 0.3031, 0.3031, 0.1817, 0.1817, 0.1817, 0.1817, 0.1817, 0.1817, 0.1817, 0.1817, 0.1817, 0.1817, 0.4714, 0.4714, 0.4714, 0.4714, 0.4714, 0.4714, 0.4714, 0.4714, 0.4714, 0.4714, 0.2656, 0.2656, 0.2656, 0.2656, 0.2656, 0.2656, 0.2656, 0.2656, 0.2656, 0.2656, 0.1837, 0.1837, 0.1837, 0.1837, 0.1837, 0.1837, 0.1837, 0.1837, 0.1837, 0.1837, 0.3959, 0.3959, 0.3959, 0.3959, 0.3959, 0.3959, 0.3959, 0.3959, 0.3959, 0.3959, 0.2932, 0.2932, 0.2932, 0.2932, 0.2932, 0.2932, 0.2932, 0.2932, 0.2932, 0.2932, 0.2509, 0.2509, 0.2509, 0.2509, 0.2509, 0.2509, 0.2509, 0.2509, 0.2509, 0.2509, 0.2284, 0.2284, 0.2284, 0.2284, 0.2284, 0.2284, 0.2284, 0.2284, 0.2284, 0.2284, 0.4209, 0.4209, 0.4209, 0.4209, 0.4209, 0.4209, 0.4209, 0.4209, 0.4209, 0.4209, 0.3875, 0.3875, 0.3875, 0.3875, 0.3875, 0.3875, 0.3875, 0.3875, 0.3875, 0.3875, 0.4355, 0.4355, 0.4355, 0.4355, 0.4355, 0.4355, 0.4355, 0.4355, 0.4355, 0.4355, 0.3123, 0.3123, 0.3123, 0.3123, 0.3123, 0.3123, 0.3123, 0.3123, 0.3123, 0.3123, 0.434, 0.434, 0.434, 0.434, 0.434, 0.434, 0.434, 0.434, 0.434, 0.434, 0.2883, 0.2883, 0.2883, 0.2883, 0.2883, 0.2883, 0.2883, 0.2883, 0.2883, 0.2883, 0.3792, 0.3792, 0.3792, 0.3792, 0.3792, 0.3792, 0.3792, 0.3792, 0.3792, 0.3792, 0.2031, 0.2031, 0.2031, 0.2031, 0.2031, 0.2031, 0.2031, 0.2031, 0.2031, 0.2031, 0.277, 0.277, 0.277, 0.277, 0.277, 0.277, 0.277, 0.277, 0.277, 0.277, 0.3306, 0.3306, 0.3306, 0.3306, 0.3306, 0.3306, 0.3306, 0.3306, 0.3306, 0.3306, 0.1783, 0.1783, 0.1783, 0.1783, 0.1783, 0.1783, 0.1783, 0.1783, 0.1783, 0.1783, 0.2667, 0.2667, 0.2667, 0.2667, 0.2667, 0.2667, 0.2667, 0.2667, 0.2667, 0.2667, 0.4663, 0.4663, 0.4663, 0.4663, 0.4663, 0.4663, 0.4663, 0.4663, 0.4663, 0.4663, 0.3107, 0.3107, 0.3107, 0.3107, 0.3107, 0.3107, 0.3107, 0.3107, 0.3107, 0.3107, 0.2427, 0.2427, 0.2427, 0.2427, 0.2427, 0.2427, 0.2427, 0.2427, 0.2427, 0.2427, 0.2526, 0.2526, 0.2526, 0.2526, 0.2526, 0.2526, 0.2526, 0.2526, 0.2526, 0.2526, 0.4368, 0.4368, 0.4368, 0.4368, 0.4368, 0.4368, 0.4368, 0.4368, 0.4368, 0.4368, 0.3992, 0.3992, 0.3992, 0.3992, 0.3992, 0.3992, 0.3992, 0.3992, 0.3992, 0.3992, 0.2962, 0.2962, 0.2962, 0.2962, 0.2962, 0.2962, 0.2962, 0.2962, 0.2962, 0.2962, 0.3349, 0.3349, 0.3349, 0.3349, 0.3349, 0.3349, 0.3349, 0.3349, 0.3349, 0.3349, 0.3355, 0.3355, 0.3355, 0.3355, 0.3355, 0.3355, 0.3355, 0.3355, 0.3355, 0.3355, 0.1796, 0.1796, 0.1796, 0.1796, 0.1796, 0.1796, 0.1796, 0.1796, 0.1796, 0.1796, 0.254, 0.254, 0.254, 0.254, 0.254, 0.254, 0.254, 0.254, 0.254, 0.254, 0.274, 0.274, 0.274, 0.274, 0.274, 0.274, 0.274, 0.274, 0.274, 0.274, 0.1685, 0.1685, 0.1685, 0.1685, 0.1685, 0.1685, 0.1685, 0.1685, 0.1685, 0.1685, 0.2289, 0.2289, 0.2289, 0.2289, 0.2289, 0.2289, 0.2289, 0.2289, 0.2289, 0.2289, 0.2556, 0.2556, 0.2556, 0.2556, 0.2556, 0.2556, 0.2556, 0.2556, 0.2556, 0.2556, 0.1315, 0.1315, 0.1315, 0.1315, 0.1315, 0.1315, 0.1315, 0.1315, 0.1315, 0.1315, 0.423, 0.423, 0.423, 0.423, 0.423, 0.423, 0.423, 0.423, 0.423, 0.423, 0.1145, 0.1145, 0.1145, 0.1145, 0.1145, 0.1145, 0.1145, 0.1145, 0.1145, 0.1145, 0.1808, 0.1808, 0.1808, 0.1808, 0.1808, 0.1808, 0.1808, 0.1808, 0.1808, 0.1808, 0.2932, 0.2932, 0.2932, 0.2932, 0.2932, 0.2932, 0.2932, 0.2932, 0.2932, 0.2932, 0.1746, 0.1746, 0.1746, 0.1746, 0.1746, 0.1746, 0.1746, 0.1746, 0.1746, 0.1746, 0.2745, 0.2745, 0.2745, 0.2745, 0.2745, 0.2745, 0.2745, 0.2745, 0.2745, 0.2745, 0.4644, 0.4644, 0.4644, 0.4644, 0.4644, 0.4644, 0.4644, 0.4644, 0.4644, 0.4644, 0.1747, 0.1747, 0.1747, 0.1747, 0.1747, 0.1747, 0.1747, 0.1747, 0.1747, 0.1747, 0.3706, 0.3706, 0.3706, 0.3706, 0.3706, 0.3706, 0.3706, 0.3706, 0.3706, 0.3706, 0.4585, 0.4585, 0.4585, 0.4585, 0.4585, 0.4585, 0.4585, 0.4585, 0.4585, 0.4585, 0.1883, 0.1883, 0.1883, 0.1883, 0.1883, 0.1883, 0.1883, 0.1883, 0.1883, 0.1883, 0.2246, 0.2246, 0.2246, 0.2246, 0.2246, 0.2246, 0.0912, 0.0912, 0.0912, 0.0912, 0.0912, 0.0912, 0.0912, 0.0912, 0.0912, 0.0912, 0.0903, 0.0903, 0.0903, 0.0903, 0.0903, 0.0903, 0.0903, 0.0903, 0.0903, 0.0903, 0.0897, 0.0897, 0.0897, 0.0897, 0.0897, 0.0897, 0.0897, 0.0897, 0.0897, 0.0897, 0.0981, 0.0981, 0.0981, 0.0981, 0.0981, 0.0981, 0.0981, 0.0981, 0.0981, 0.0981, 0.0037, 0.0037, 0.0037, 0.0037, 0.0037, 0.0037, 0.0037, 0.0037, 0.0037, 0.0037, 0.3012, 0.3012, 0.3012, 0.3012, 0.3012, 0.3012, 0.3012, 0.3012, 0.3012, 0.3012, 0.2367, 0.2367, 0.2367, 0.2367, 0.2367, 0.2367, 0.2367, 0.2367, 0.2367, 0.2367, 0.1095, 0.1095, 0.1095, 0.1095, 0.1095, 0.1095, 0.1095, 0.1095, 0.1095, 0.1095, 0.2479, 0.2479, 0.2479, 0.2479, 0.2479, 0.2479, 0.2479, 0.2479, 0.2479, 0.2479, 0.1603, 0.1603, 0.1603, 0.1603, 0.1603, 0.1603, 0.1603, 0.1603, 0.1603, 0.1603, 0.1174, 0.1174, 0.1174, 0.1174, 0.1174, 0.1174, 0.1174, 0.1174, 0.1174, 0.1174, 0.2692, 0.2692, 0.2692, 0.2692, 0.2692, 0.2692, 0.2692, 0.2692, 0.2692, 0.2692, 0.3008, 0.3008, 0.3008, 0.3008, 0.3008, 0.3008, 0.3008, 0.3008, 0.3008, 0.3008, 0.0042, 0.0042, 0.0042, 0.0042, 0.0042, 0.0042, 0.0042, 0.0042, 0.0042, 0.0042, 0.3412, 0.3412, 0.3412, 0.3412, 0.3412, 0.3412, 0.3412, 0.3412, 0.3412, 0.3412, 0.4985, 0.4985, 0.4985, 0.4985, 0.4985, 0.4985, 0.4985, 0.4985, 0.4985, 0.4985, 0.0701, 0.0701, 0.0701, 0.0701, 0.0701, 0.0701, 0.0701, 0.0701, 0.0701, 0.0701, 0.0846, 0.0846, 0.0846, 0.0846, 0.0846, 0.0846, 0.0846, 0.0846, 0.0846, 0.0846, 0.3201, 0.3201, 0.3201, 0.3201, 0.3201, 0.3201, 0.3201, 0.3201, 0.3201, 0.3201, 0.4404, 0.4404, 0.4404, 0.4404, 0.4404, 0.4404, 0.4404, 0.4404, 0.4404, 0.4404, 0.0057, 0.0057, 0.0057, 0.0057, 0.0057, 0.0057, 0.0057, 0.0057, 0.0057, 0.0057, 0.187, 0.187, 0.187, 0.187, 0.187, 0.187, 0.187, 0.187, 0.187, 0.187, 0.0697, 0.0697, 0.0697, 0.0697, 0.0697, 0.0697, 0.0697, 0.0697, 0.0697, 0.0697, 0.1453, 0.1453, 0.1453, 0.1453, 0.1453, 0.1453, 0.1453, 0.1453, 0.1453, 0.1453, 0.0765, 0.0765, 0.0765, 0.0765, 0.0765, 0.0765, 0.0765, 0.0765, 0.0765, 0.0765, 0.3751, 0.3751, 0.3751, 0.3751, 0.3751, 0.3751, 0.3751, 0.3751, 0.3751, 0.3751, 0.0744, 0.0744, 0.0744, 0.0744, 0.0744, 0.0744, 0.0744, 0.0744, 0.0744, 0.0744, 0.1594, 0.1594, 0.1594, 0.1594, 0.1594, 0.1594, 0.1594, 0.1594, 0.1594, 0.1594, 0.2615, 0.2615, 0.2615, 0.2615, 0.2615, 0.2615, 0.2615, 0.2615, 0.2615, 0.2615, 0.3281, 0.3281, 0.3281, 0.3281, 0.3281, 0.3281, 0.3281, 0.3281, 0.3281, 0.3281, 0.0621, 0.0621, 0.0621, 0.0621, 0.0621, 0.0621, 0.0621, 0.0621, 0.0621, 0.0621, 0.1763, 0.1763, 0.1763, 0.1763, 0.1763, 0.1763, 0.1763, 0.1763, 0.1763, 0.1763, 0.4087, 0.4087, 0.4087, 0.4087, 0.4087, 0.4087, 0.4087, 0.4087, 0.4087, 0.4087, 0.0726, 0.0726, 0.0726, 0.0726, 0.0726, 0.0726, 0.0726, 0.0726, 0.0726, 0.0726, 0.0973, 0.0973, 0.0973, 0.0973, 0.0973, 0.0973, 0.0973, 0.0973, 0.0973, 0.0973, 0.3896, 0.3896, 0.3896, 0.3896, 0.3896, 0.3896, 0.3896, 0.3896, 0.3896, 0.3896, 0.1456, 0.1456, 0.1456, 0.1456, 0.1456, 0.1456, 0.1456, 0.1456, 0.1456, 0.1456, 0.2509, 0.2509, 0.2509, 0.2509, 0.2509, 0.2509, 0.2509, 0.2509, 0.2509, 0.2509, 0.0787, 0.0787, 0.0787, 0.0787, 0.0787, 0.0787, 0.0787, 0.0787, 0.0787, 0.0787, 0.0927, 0.0927, 0.0927, 0.0927, 0.0927, 0.0927, 0.0927, 0.0927, 0.0927, 0.0927, 0.3798, 0.3798, 0.3798, 0.3798, 0.3798, 0.3798, 0.3798, 0.3798, 0.3798, 0.3798, 0.0589, 0.0589, 0.0589, 0.0589, 0.0589, 0.0589, 0.0589, 0.0589, 0.0589, 0.0589, 0.1296, 0.1296, 0.1296, 0.1296, 0.1296, 0.1296, 0.1296, 0.1296, 0.1296, 0.1296, 0.2535, 0.2535, 0.2535, 0.2535, 0.2535, 0.2535, 0.2535, 0.2535, 0.2535, 0.2535, 0.092, 0.092, 0.092, 0.092, 0.092, 0.092, 0.092, 0.092, 0.092, 0.092, 0.4062, 0.4062, 0.4062, 0.4062, 0.4062, 0.4062, 0.4062, 0.4062, 0.4062, 0.4062, 0.164, 0.164, 0.164, 0.164, 0.164, 0.164, 0.164, 0.164, 0.164, 0.164, 0.06, 0.06, 0.06, 0.06, 0.06, 0.06, 0.06, 0.06, 0.06, 0.06, 0.0197, 0.0197, 0.0197, 0.0197, 0.0197, 0.0197, 0.0197, 0.0197, 0.0197, 0.0197, 0.3047, 0.3047, 0.3047, 0.3047, 0.3047, 0.3047, 0.3047, 0.3047, 0.3047, 0.3047, 0.2294, 0.2294, 0.2294, 0.2294, 0.2294, 0.2294, 0.2294, 0.2294, 0.2294, 0.2294, 0.0741, 0.0741, 0.0741, 0.0741, 0.0741, 0.0741, 0.0741, 0.0741, 0.0741, 0.0741, 0.116, 0.116, 0.116, 0.116, 0.116, 0.116, 0.116, 0.116, 0.116, 0.116, 0.0237, 0.0237, 0.0237, 0.0237, 0.0237, 0.0237, 0.0237, 0.0237, 0.0237, 0.0237, 0.2801, 0.2801, 0.2801, 0.2801, 0.2801, 0.2801, 0.2801, 0.2801, 0.2801, 0.2801, 0.0063, 0.0063, 0.0063, 0.0063, 0.0063, 0.0063, 0.0063, 0.0063, 0.0063, 0.0063, 0.3294, 0.3294, 0.3294, 0.3294, 0.3294, 0.3294, 0.3294, 0.3294, 0.3294, 0.3294, 0.1469, 0.1469, 0.1469, 0.1469, 0.1469, 0.1469, 0.1469, 0.1469, 0.1469, 0.1469, 0.1702, 0.1702, 0.1702, 0.1702, 0.1702, 0.1702, 0.1702, 0.1702, 0.1702, 0.1702, 0.1184, 0.1184, 0.1184, 0.1184, 0.1184, 0.1184, 0.1184, 0.1184, 0.1184, 0.1184, 0.0959, 0.0959, 0.0959, 0.0959, 0.0959, 0.0959, 0.0959, 0.0959, 0.0959, 0.0959, 0.2057, 0.2057, 0.2057, 0.2057, 0.2057, 0.2057, 0.2057, 0.2057, 0.2057, 0.2057, 0.162, 0.162, 0.162, 0.162, 0.162, 0.162, 0.162, 0.162, 0.162, 0.162, 0.2891, 0.2891, 0.2891, 0.2891, 0.2891, 0.2891, 0.2891, 0.2891, 0.2891, 0.2891, 0.1433, 0.1433, 0.1433, 0.1433, 0.1433, 0.1433, 0.1433, 0.1433, 0.1433, 0.1433, 0.0492, 0.0492, 0.0492, 0.0492, 0.0492, 0.0492, 0.0492, 0.0492, 0.0492, 0.0492, 0.0025, 0.0025, 0.0025, 0.0025, 0.0025, 0.0025, 0.0025, 0.0025, 0.0025, 0.0025, 0.0018, 0.0018, 0.0018, 0.0018, 0.0018, 0.0018, 0.0018, 0.0018, 0.0018, 0.0018, 0.2616, 0.2616, 0.2616, 0.2616, 0.2616, 0.2616, 0.2616, 0.2616, 0.2616, 0.2616, 0.1644, 0.1644, 0.1644, 0.1644, 0.1644, 0.1644, 0.1644, 0.1644, 0.1644, 0.1644, 0.0013, 0.0013, 0.0013, 0.0013, 0.0013, 0.0013, 0.0013, 0.0013, 0.0013, 0.0013, 0.005, 0.005, 0.005, 0.005, 0.005, 0.005, 0.005, 0.005, 0.005, 0.005, 0.4104, 0.4104, 0.4104, 0.4104, 0.4104, 0.4104, 0.4104, 0.4104, 0.4104, 0.4104, 0.0126, 0.0126, 0.0126, 0.0126, 0.0126, 0.0126, 0.0126, 0.0126, 0.0126, 0.0126, 0.154, 0.154, 0.154, 0.154, 0.154, 0.154, 0.154, 0.154, 0.154, 0.154, 0.1049, 0.1049, 0.1049, 0.1049, 0.1049, 0.1049, 0.1049, 0.1049, 0.1049, 0.1049, 0.0681, 0.0681, 0.0681, 0.0681, 0.0681, 0.0681, 0.0681, 0.0681, 0.0681, 0.0681, 0.2762, 0.2762, 0.2762, 0.2762, 0.0031, 0.0031, 0.0031, 0.0031, 0.0031, 0.0031, 0.0031, 0.0031, 0.0031, 0.0031, 0.0403, 0.0403, 0.0403, 0.0403, 0.0403, 0.0403, 0.0403, 0.0403, 0.0403, 0.0403, 0.0436, 0.0436, 0.0436, 0.0436, 0.0436, 0.0436, 0.0436, 0.0436, 0.0436, 0.0436, 0.1835, 0.1835, 0.1835, 0.1835, 0.1835, 0.1835, 0.1835, 0.1835, 0.1835, 0.1835, 0.0254, 0.0254, 0.0254, 0.0254, 0.0254, 0.0254, 0.0254, 0.0254, 0.0254, 0.0254, 0.2891, 0.2891, 0.2891, 0.2891, 0.2891, 0.2891, 0.2891, 0.2891, 0.2891, 0.2891, 0.0546, 0.0546, 0.0546, 0.0546, 0.0546, 0.0546, 0.0546, 0.0546, 0.0546, 0.0546, 0.0656, 0.0656, 0.0656, 0.0656, 0.0656, 0.0656, 0.0656, 0.0656, 0.0656, 0.0656, 0.0069, 0.0069, 0.0069, 0.0069, 0.0069, 0.0069, 0.0069, 0.0069, 0.0069, 0.0069, 0.0812, 0.0812, 0.0812, 0.0812, 0.0812, 0.0812, 0.0812, 0.0812, 0.0812, 0.0812, 0.0012, 0.0012, 0.0012, 0.0012, 0.0012, 0.0012, 0.0012, 0.0012, 0.0012, 0.0012, 0.0829, 0.0829, 0.0829, 0.0829, 0.0829, 0.0829, 0.0829, 0.0829, 0.0829, 0.0829, 0.155, 0.155, 0.155, 0.155, 0.155, 0.155, 0.155, 0.155, 0.155, 0.155, 0.0778, 0.0778, 0.0778, 0.0778, 0.0778, 0.0778, 0.0778, 0.0778, 0.0778, 0.0778, 0.2192, 0.2192, 0.2192, 0.2192, 0.2192, 0.2192, 0.2192, 0.2192, 0.2192, 0.2192, 0.0018, 0.0018, 0.0018, 0.0018, 0.0018, 0.0018, 0.0018, 0.0018, 0.0018, 0.0018, 0.1116, 0.1116, 0.1116, 0.1116, 0.1116, 0.1116, 0.1116, 0.1116, 0.1116, 0.1116, 0.0017, 0.0017, 0.0017, 0.0017, 0.0017, 0.0017, 0.0017, 0.0017, 0.0017, 0.0017, 0.1693, 0.1693, 0.1693, 0.1693, 0.1693, 0.1693, 0.1693, 0.1693, 0.1693, 0.1693, 0.0778, 0.0778, 0.0778, 0.0778, 0.0778, 0.0778, 0.0778, 0.0778, 0.0778, 0.0778, 0.1952, 0.1952, 0.1952, 0.1952, 0.1952, 0.1952, 0.1952, 0.1952, 0.1952, 0.1952, 0.1088, 0.1088, 0.1088, 0.1088, 0.1088, 0.1088, 0.1088, 0.1088, 0.1088, 0.1088, 0.0857, 0.0857, 0.0857, 0.0857, 0.0857, 0.0857, 0.0857, 0.0857, 0.0857, 0.0857, 0.0814, 0.0814, 0.0814, 0.0814, 0.0814, 0.0814, 0.0814, 0.0814, 0.0814, 0.0814, 0.5159, 0.5159, 0.5159, 0.5159, 0.5159, 0.5159, 0.5159, 0.5159, 0.5159, 0.5159, 0.0925, 0.0925, 0.0925, 0.0925, 0.0925, 0.0925, 0.0925, 0.0925, 0.0925, 0.0925, 0.0448, 0.0448, 0.0448, 0.0448, 0.0448, 0.0448, 0.0448, 0.0448, 0.0448, 0.0448, 0.0018, 0.0018, 0.0018, 0.0018, 0.0018, 0.0018, 0.0018, 0.0018, 0.0018, 0.0018, 0.0897, 0.0897, 0.0897, 0.0897, 0.0897, 0.0897, 0.0897, 0.0897, 0.0897, 0.0897, 0.3456, 0.3456, 0.3456, 0.3456, 0.3456, 0.3456, 0.3456, 0.3456, 0.3456, 0.3456, 0.0996, 0.0996, 0.0996, 0.0996, 0.0996, 0.0996, 0.0996, 0.0996, 0.0996, 0.0996, 0.11, 0.11, 0.11, 0.11, 0.11, 0.11, 0.11, 0.11, 0.11, 0.11, 0.0646, 0.0646, 0.0646, 0.0646, 0.0646, 0.0646, 0.0646, 0.0646, 0.0646, 0.0646, 0.1047, 0.1047, 0.1047, 0.1047, 0.1047, 0.1047, 0.1047, 0.1047, 0.1047, 0.1047, 0.0985, 0.0985, 0.0985, 0.0985, 0.0985, 0.0985, 0.0985, 0.0985, 0.0985, 0.0985, 0.1009, 0.1009, 0.1009, 0.1009, 0.1009, 0.1009, 0.1009, 0.1009, 0.1009, 0.1009, 0.0057, 0.0057, 0.0057, 0.0057, 0.0057, 0.0057, 0.0057, 0.0057, 0.0057, 0.0057, 0.0838, 0.0838, 0.0838, 0.0838, 0.0838, 0.0838, 0.0838, 0.0838, 0.0838, 0.0838, 0.0014, 0.0014, 0.0014, 0.0014, 0.0014, 0.0014, 0.0014, 0.0014, 0.0014, 0.0014, 0.012, 0.012, 0.012, 0.012, 0.012, 0.012, 0.012, 0.012, 0.012, 0.012, 0.0598, 0.0598, 0.0598, 0.0598, 0.0598, 0.0598, 0.0598, 0.0598, 0.0598, 0.0598, 0.1116, 0.1116, 0.1116, 0.1116, 0.1116, 0.1116, 0.1116, 0.1116, 0.1116, 0.1116, 0.0084, 0.0084, 0.0084, 0.0084, 0.0084, 0.0084, 0.0084, 0.0084, 0.0084, 0.0084, 0.0913, 0.0913, 0.0913, 0.0913, 0.0913, 0.0913, 0.0913, 0.0913, 0.0913, 0.0913, 0.001, 0.001, 0.001, 0.001, 0.001, 0.001, 0.001, 0.001, 0.001, 0.001, 0.001, 0.001, 0.001, 0.001, 0.001, 0.001, 0.001, 0.001, 0.001, 0.001, 0.2052, 0.2052, 0.2052, 0.2052, 0.2052, 0.2052, 0.2052, 0.2052, 0.2052, 0.2052, 0.0016, 0.0016, 0.0016, 0.0016, 0.0016, 0.0016, 0.0016, 0.0016, 0.0016, 0.0016, 0.3352, 0.3352, 0.3352, 0.3352, 0.3352, 0.3352, 0.3352, 0.3352, 0.3352, 0.3352, 0.0774, 0.0774, 0.0774, 0.0774, 0.0774, 0.0774, 0.0774, 0.0774, 0.0774, 0.0774, 0.2045, 0.2045, 0.2045, 0.2045, 0.2045, 0.2045, 0.2045, 0.2045, 0.2045, 0.2045, 0.0014, 0.0014, 0.0014, 0.0014, 0.0014, 0.0014, 0.0014, 0.0014, 0.0014, 0.0014, 0.0654, 0.0654, 0.0654, 0.0654, 0.0654, 0.0654, 0.0654, 0.0654, 0.0654, 0.0654, 0.2985, 0.2985, 0.2985, 0.2985, 0.2985, 0.2985, 0.2985, 0.2985, 0.2985, 0.2985, 0.0016, 0.0016, 0.0016, 0.0016, 0.0016, 0.0016, 0.0016, 0.0016, 0.0016, 0.0016, 0.0123, 0.0123, 0.0123, 0.0123, 0.0123, 0.0123, 0.0123, 0.0123, 0.0123, 0.0123, 0.123, 0.123, 0.123, 0.123, 0.123, 0.123, 0.123, 0.123, 0.123, 0.123, 0.1079, 0.1079, 0.1079, 0.1079, 0.1079, 0.1079, 0.1079, 0.1079, 0.1079, 0.1079, 0.1069, 0.1069, 0.1069, 0.1069, 0.1069, 0.1069, 0.1069, 0.1069, 0.1069, 0.1069, 0.0757, 0.0757, 0.0757, 0.0757, 0.0757, 0.0757, 0.0757, 0.0757, 0.0757, 0.0757, 0.1769, 0.1769, 0.1769, 0.1769, 0.1769, 0.1769, 0.1769, 0.1769, 0.1769, 0.1769, 0.0022, 0.0022, 0.0022, 0.0022, 0.0022, 0.0022, 0.0022, 0.0022, 0.0022, 0.0022, 0.0669, 0.0669, 0.0669, 0.0669, 0.0669, 0.0669, 0.0669, 0.0669, 0.0669, 0.0669, 0.1328, 0.1328, 0.1328, 0.1328, 0.1328, 0.1328, 0.1328, 0.1328, 0.1328, 0.1328, 0.1789, 0.1789, 0.1789, 0.1789, 0.1789, 0.1789, 0.1789, 0.1789, 0.1789, 0.1789, 0.097, 0.097, 0.097, 0.097, 0.097, 0.097, 0.097, 0.097, 0.097, 0.097, 0.2001, 0.2001, 0.2001, 0.2001, 0.2001, 0.2001, 0.2001, 0.2001, 0.2001, 0.2001, 0.2387, 0.2387, 0.2387, 0.2387, 0.2387, 0.2387, 0.2387, 0.2387, 0.2387, 0.2387, 0.3267, 0.3267, 0.3267, 0.3267, 0.3267, 0.3267, 0.3267, 0.3267, 0.3267, 0.3267, 0.0017, 0.0017, 0.0017, 0.0017, 0.0017, 0.0017, 0.0017, 0.0017, 0.0017, 0.0017, 0.1841, 0.1841, 0.1841, 0.1841, 0.1841, 0.1841, 0.1841, 0.1841, 0.1841, 0.1841, 0.1331, 0.1331, 0.1331, 0.1331, 0.1331, 0.1331, 0.1331, 0.1331, 0.1331, 0.1331, 0.1298, 0.1298, 0.1298, 0.1298, 0.1298, 0.1298, 0.1298, 0.1298, 0.1298, 0.1298, 0.0008, 0.0008, 0.0008, 0.0008, 0.0008, 0.0008, 0.0008, 0.0008, 0.0008, 0.0008, 0.2187, 0.2187, 0.2187, 0.2187, 0.2187, 0.2187, 0.2187, 0.2187, 0.2187, 0.2187, 0.0327, 0.0327, 0.0327, 0.0327, 0.0327, 0.0327, 0.0327, 0.0327, 0.0327, 0.0327, 0.0128, 0.0128, 0.0128, 0.0128, 0.0128, 0.0128, 0.0128, 0.0128, 0.0128, 0.0128, 0.0578, 0.0578, 0.244, 0.244, 0.244, 0.244, 0.244, 0.244, 0.244, 0.244, 0.244, 0.244, 0.1492, 0.1492, 0.1492, 0.1492, 0.1492, 0.1492, 0.1492, 0.1492, 0.1492, 0.1492, 0.0741, 0.0741, 0.0741, 0.0741, 0.0741, 0.0741, 0.0741, 0.0741, 0.0741, 0.0741, 0.1076, 0.1076, 0.1076, 0.1076, 0.1076, 0.1076, 0.1076, 0.1076, 0.1076, 0.1076, 0.0009, 0.0009, 0.0009, 0.0009, 0.0009, 0.0009, 0.0009, 0.0009, 0.0009, 0.0009, 0.0019, 0.0019, 0.0019, 0.0019, 0.0019, 0.0019, 0.0019, 0.0019, 0.0019, 0.0019, 0.0008, 0.0008, 0.0008, 0.0008, 0.0008, 0.0008, 0.0008, 0.0008, 0.0008, 0.0008, 0.1074, 0.1074, 0.1074, 0.1074, 0.1074, 0.1074, 0.1074, 0.1074, 0.1074, 0.1074, 0.1016, 0.1016, 0.1016, 0.1016, 0.1016, 0.1016, 0.1016, 0.1016, 0.1016, 0.1016, 0.0625, 0.0625, 0.0625, 0.0625, 0.0625, 0.0625, 0.0625, 0.0625, 0.0625, 0.0625, 0.0015, 0.0015, 0.0015, 0.0015, 0.0015, 0.0015, 0.0015, 0.0015, 0.0015, 0.0015, 0.1018, 0.1018, 0.1018, 0.1018, 0.1018, 0.1018, 0.1018, 0.1018, 0.1018, 0.1018, 0.0426, 0.0426, 0.0426, 0.0426, 0.0426, 0.0426, 0.0426, 0.0426, 0.0426, 0.0426, 0.0009, 0.0009, 0.0009, 0.0009, 0.0009, 0.0009, 0.0009, 0.0009, 0.0009, 0.0009, 0.0997, 0.0997, 0.0997, 0.0997, 0.0997, 0.0997, 0.0997, 0.0997, 0.0997, 0.0997, 0.0013, 0.0013, 0.0013, 0.0013, 0.0013, 0.0013, 0.0013, 0.0013, 0.0013, 0.0013, 0.0919, 0.0919, 0.0919, 0.0919, 0.0919, 0.0919, 0.0919, 0.0919, 0.0919, 0.0919, 0.0007, 0.0007, 0.0007, 0.0007, 0.0007, 0.0007, 0.0007, 0.0007, 0.0007, 0.0007, 0.1917, 0.1917, 0.1917, 0.1917, 0.1917, 0.1917, 0.1917, 0.1917, 0.1917, 0.1917, 0.0589, 0.0589, 0.0589, 0.0589, 0.0589, 0.0589, 0.0589, 0.0589, 0.0589, 0.0589, 0.0838, 0.0838, 0.0838, 0.0838, 0.0838, 0.0838, 0.0838, 0.0838, 0.0838, 0.0838, 0.242, 0.242, 0.242, 0.242, 0.242, 0.242, 0.242, 0.242, 0.242, 0.242, 0.0675, 0.0675, 0.0675, 0.0675, 0.0675, 0.0675, 0.0675, 0.0675, 0.0675, 0.0675, 0.0022, 0.0022, 0.0022, 0.0022, 0.0022, 0.0022, 0.0022, 0.0022, 0.0022, 0.0022, 0.0011, 0.0011, 0.0011, 0.0011, 0.0011, 0.0011, 0.0011, 0.0011, 0.0011, 0.0011, 0.0679, 0.0679, 0.0679, 0.0679, 0.0679, 0.0679, 0.0679, 0.0679, 0.0679, 0.0679, 0.001, 0.001, 0.001, 0.001, 0.001, 0.001, 0.001, 0.001, 0.001, 0.001, 0.2361, 0.2361, 0.2361, 0.2361, 0.2361, 0.2361, 0.2361, 0.2361, 0.2361, 0.2361, 0.1011, 0.1011, 0.1011, 0.1011, 0.1011, 0.1011, 0.1011, 0.1011, 0.1011, 0.1011, 0.0842, 0.0842, 0.0842, 0.0842, 0.0842, 0.0842, 0.0842, 0.0842, 0.0842, 0.0842, 0.0737, 0.0737, 0.0737, 0.0737, 0.0737, 0.0737, 0.0737, 0.0737, 0.0737, 0.0737, 0.1748, 0.1748, 0.1748, 0.1748, 0.1748, 0.1748, 0.1748, 0.1748, 0.1748, 0.1748, 0.0924, 0.0924, 0.0924, 0.0924, 0.0924, 0.0924, 0.0924, 0.0924, 0.0924, 0.0924, 0.0905, 0.0905, 0.0905, 0.0905, 0.0905, 0.0905, 0.0905, 0.0905, 0.0905, 0.0905, 0.0782, 0.0782, 0.0782, 0.0782, 0.0782, 0.0782, 0.0782, 0.0782, 0.0782, 0.0782, 0.0015, 0.0015, 0.0015, 0.0015, 0.0015, 0.0015, 0.0015, 0.0015, 0.0015, 0.0015, 0.1497, 0.1497, 0.1497, 0.1497, 0.1497, 0.1497, 0.1497, 0.1497, 0.1497, 0.1497, 0.001, 0.001, 0.001, 0.001, 0.001, 0.001, 0.001, 0.001, 0.001, 0.001, 0.0008, 0.0008, 0.0008, 0.0008, 0.0008, 0.0008, 0.0008, 0.0008, 0.0008, 0.0008, 0.001, 0.001, 0.001, 0.001, 0.001, 0.001, 0.001, 0.001, 0.001, 0.001, 0.1055, 0.1055, 0.1055, 0.1055, 0.1055, 0.1055, 0.1055, 0.1055, 0.1055, 0.1055, 0.0011, 0.0011, 0.0011, 0.0011, 0.0011, 0.0011, 0.0011, 0.0011, 0.0011, 0.0011, 0.1034, 0.1034, 0.1034, 0.1034, 0.1034, 0.1034, 0.1034, 0.1034, 0.1034, 0.1034, 0.0688, 0.0688, 0.0688, 0.0688, 0.0688, 0.0688, 0.0688, 0.0688, 0.0688, 0.0688, 0.0948, 0.0948, 0.0948, 0.0948, 0.0948, 0.0948, 0.0948, 0.0948, 0.0948, 0.0948, 0.0994, 0.0994, 0.0994, 0.0994, 0.0994, 0.0994, 0.0994, 0.0994, 0.0994, 0.0994, 0.0209, 0.0209, 0.0209, 0.0209, 0.0209, 0.0209, 0.0209, 0.0209, 0.0209, 0.0209, 0.227, 0.227, 0.227, 0.227, 0.227, 0.227, 0.227, 0.227, 0.227, 0.227, 0.0013, 0.0013, 0.0013, 0.0013, 0.0013, 0.0013, 0.0013, 0.0013, 0.0013, 0.0013, 0.0009, 0.0009, 0.0009, 0.0009, 0.0009, 0.0009, 0.0009, 0.0009, 0.0009, 0.0009, 0.2752, 0.2752, 0.2752, 0.2752, 0.2752, 0.2752, 0.2752, 0.2752, 0.2752, 0.2752, 0.0012, 0.0012, 0.0012, 0.0012, 0.0012, 0.0012, 0.0012, 0.0012, 0.0012, 0.0012, 0.0727, 0.0727, 0.0727, 0.0727, 0.0727, 0.0727, 0.0727, 0.0727, 0.0727, 0.0727, 0.06, 0.06, 0.06, 0.06, 0.06, 0.06, 0.06, 0.06, 0.06, 0.06, 0.0008, 0.0008, 0.0008, 0.0008, 0.0008, 0.0008, 0.0008, 0.0008, 0.0008, 0.0008, 0.045, 0.045, 0.045, 0.045, 0.045, 0.045, 0.045, 0.045, 0.045, 0.045, 0.0007, 0.0007, 0.0007, 0.0007, 0.0007, 0.0007, 0.0007, 0.0007, 0.0007, 0.0007, 0.0016, 0.0016, 0.0016, 0.0016, 0.0016, 0.0016, 0.0016, 0.0016, 0.0016, 0.0016, 0.1566, 0.1566, 0.1566, 0.1566, 0.1566, 0.1566, 0.1566, 0.1566, 0.1566, 0.1566, 0.0842, 0.0842, 0.0842, 0.0842, 0.0842, 0.0842, 0.0842, 0.0842, 0.0842, 0.0842, 0.0013, 0.0013, 0.0013, 0.0013, 0.0013, 0.0013, 0.0013, 0.0013, 0.0013, 0.0013, 0.0961, 0.0961, 0.0961, 0.0961, 0.0961, 0.0961, 0.0961, 0.0961, 0.0961, 0.0961, 0.1168, 0.1168, 0.1168, 0.1168, 0.1168, 0.1168, 0.1168, 0.1168, 0.1168, 0.1168, 0.0878, 0.0878, 0.0878, 0.0878, 0.0878, 0.0878, 0.0878, 0.0878, 0.0878, 0.0878, 0.4201, 0.4201, 0.4201, 0.4201, 0.4201, 0.4201, 0.4201, 0.4201, 0.4201, 0.4201, 0.1742, 0.1742, 0.1742, 0.1742, 0.1742, 0.1742, 0.1742, 0.1742, 0.1742, 0.1742, 0.0131, 0.0131, 0.0131, 0.0131, 0.0131, 0.0131, 0.0131, 0.0131, 0.0131, 0.0131, 0.0013, 0.0013, 0.0013, 0.0013, 0.0013, 0.0013, 0.0013, 0.0013, 0.0013, 0.0013, 0.075, 0.075, 0.075, 0.075, 0.075, 0.075, 0.075, 0.075, 0.075, 0.075, 0.2288, 0.2288, 0.2288, 0.2288, 0.2288, 0.2288, 0.2288, 0.2288, 0.2288, 0.2288, 0.0262, 0.0262, 0.0262, 0.0262, 0.0262, 0.0262, 0.0262, 0.0262, 0.0262, 0.0262, 0.068, 0.068, 0.068, 0.068, 0.068, 0.068, 0.068, 0.068, 0.068, 0.068, 0.1144, 0.1144, 0.1144, 0.1144, 0.1144, 0.1144, 0.1144, 0.1144, 0.1144, 0.1144, 0.0121, 0.0121, 0.0121, 0.0121, 0.0121, 0.0121, 0.0121, 0.0121, 0.0121, 0.0121, 0.0746, 0.0746, 0.0746, 0.0746, 0.0746, 0.0746, 0.0746, 0.0746, 0.0746, 0.0746, 0.2132, 0.2132, 0.2132, 0.2132, 0.2132, 0.2132, 0.2132, 0.2132, 0.2132, 0.2132, 0.0928, 0.0928, 0.0928, 0.0928, 0.0928, 0.0928, 0.0928, 0.0928, 0.0928, 0.0928, 0.1055, 0.1055, 0.1055, 0.1055, 0.1055, 0.1055, 0.1055, 0.1055, 0.1055, 0.1055, 0.0272, 0.0272, 0.0272, 0.0272, 0.0272, 0.0272, 0.0272, 0.0272, 0.0272, 0.0272, 0.001, 0.001, 0.001, 0.001, 0.001, 0.001, 0.001, 0.001, 0.001, 0.001, 0.2003, 0.2003, 0.2003, 0.2003, 0.2003, 0.2003, 0.2003, 0.2003, 0.2003, 0.2003, 0.0015, 0.0015, 0.0015, 0.0015, 0.0015, 0.0015, 0.0015, 0.0015, 0.0015, 0.0015, 0.0077, 0.0077, 0.0077, 0.0077, 0.0077, 0.0077, 0.0077, 0.0077, 0.0077, 0.0077, 0.0008, 0.0008, 0.0008, 0.0008, 0.0008, 0.0008, 0.0008, 0.0008, 0.0008, 0.0008, 0.0408, 0.0408, 0.0408, 0.0408, 0.0408, 0.0408, 0.0408, 0.0408, 0.0408, 0.0408, 0.251, 0.251, 0.251, 0.251, 0.251, 0.251, 0.251, 0.251, 0.251, 0.251, 0.1577, 0.1577, 0.1577, 0.1577, 0.1577, 0.1577, 0.1577, 0.1577, 0.1577, 0.1577, 0.0007, 0.0007, 0.0007, 0.0007, 0.0007, 0.0007, 0.0007, 0.0007, 0.0007, 0.0007, 0.0022, 0.0022, 0.0022, 0.0022, 0.0022, 0.0022, 0.0022, 0.0022, 0.0022, 0.0022, 0.0013, 0.0013, 0.0013, 0.0013, 0.0013, 0.0013, 0.0013, 0.0013, 0.0013, 0.0013, 0.0011, 0.0011, 0.0011, 0.0011, 0.0011, 0.0011, 0.0011, 0.0011, 0.0011, 0.0011, 0.0689, 0.0689, 0.0689, 0.0689, 0.0689, 0.0689, 0.0689, 0.0689, 0.0689, 0.0689, 0.124, 0.124, 0.124, 0.124, 0.124, 0.124, 0.124, 0.124, 0.124, 0.124, 0.0017, 0.0017, 0.0017, 0.0017, 0.0017, 0.0017, 0.0017, 0.0017, 0.0017, 0.0017, 0.0538, 0.0538, 0.0538, 0.0538, 0.0538, 0.0538, 0.0538, 0.0538, 0.0538, 0.0538, 0.1772, 0.1772, 0.1772, 0.1772, 0.1772, 0.1772, 0.1772, 0.1772, 0.1772, 0.1772, 0.0008, 0.0008, 0.0008, 0.0008, 0.0008, 0.0008, 0.0008, 0.0008, 0.0008, 0.0008, 0.1911, 0.1911, 0.1911, 0.1911, 0.1911, 0.1911, 0.1911, 0.1911, 0.1911, 0.1911, 0.0008, 0.0008, 0.0008, 0.0008, 0.0008, 0.0008, 0.0008, 0.0008, 0.0008, 0.0008, 0.0555, 0.0555, 0.0555, 0.0555, 0.0555, 0.0555, 0.0555, 0.0555, 0.0555, 0.0555, 0.0029, 0.0029, 0.0029, 0.0029, 0.0029, 0.0029, 0.0029, 0.0029, 0.0029, 0.0029, 0.0004, 0.0004, 0.0004, 0.0004, 0.0004, 0.0004, 0.0004, 0.0004, 0.0004, 0.0004, 0.0398, 0.0398, 0.0398, 0.0398, 0.0398, 0.0398, 0.0398, 0.0398, 0.0398, 0.0398, 0.0604, 0.0604, 0.0604, 0.0604, 0.0604, 0.0604, 0.0604, 0.0604, 0.0604, 0.0604, 0.0006, 0.0006, 0.0006, 0.0006, 0.0006, 0.0006, 0.0006, 0.0006, 0.0006, 0.0006, 0.0004, 0.0004, 0.0004, 0.0004, 0.0004, 0.0004, 0.0004, 0.0004, 0.0004, 0.0004, 0.077, 0.077, 0.077, 0.077, 0.077, 0.077, 0.077, 0.077, 0.077, 0.077, 0.0344, 0.0344, 0.0344, 0.0344, 0.0344, 0.0344, 0.0344, 0.0344, 0.0344, 0.0344, 0.0006, 0.0006, 0.0006, 0.0006, 0.0006, 0.0006, 0.0006, 0.0006, 0.0006, 0.0006, 0.065, 0.065, 0.065, 0.065, 0.065, 0.065, 0.065, 0.065, 0.065, 0.065, 0.1142, 0.1142, 0.1142, 0.1142, 0.1142, 0.1142, 0.1142, 0.1142, 0.1142, 0.1142, 0.03, 0.03, 0.03, 0.03, 0.03, 0.03, 0.03, 0.03, 0.03, 0.03, 0.0004, 0.0004, 0.0004, 0.0004, 0.0004, 0.0004, 0.0004, 0.0004, 0.0004, 0.0004, 0.0496, 0.0496, 0.0496, 0.0496, 0.0496, 0.0496, 0.0496, 0.0496, 0.0496, 0.0496, 0.0809, 0.0809, 0.0809, 0.0809, 0.0809, 0.0809, 0.0809, 0.0809, 0.0809, 0.0809, 0.0004, 0.0004, 0.0004, 0.0004, 0.0004, 0.0004, 0.0004, 0.0004, 0.0004, 0.0004, 0.0147, 0.0147, 0.0147, 0.0147, 0.0147, 0.0147, 0.0147, 0.0147, 0.0147, 0.0147, 0.0004, 0.0004, 0.0004, 0.0004, 0.0004, 0.0004, 0.0004, 0.0004, 0.0004, 0.0004, 0.0004, 0.0004, 0.0004, 0.0004, 0.0004, 0.0004, 0.0004, 0.0004, 0.0004, 0.0004, 0.013, 0.013, 0.013, 0.013, 0.013, 0.013, 0.013, 0.013, 0.013, 0.013, 0.0294, 0.0294, 0.0294, 0.0294, 0.0294, 0.0294, 0.0294, 0.0294, 0.0294, 0.0294, 0.3384, 0.3384, 0.3384, 0.3384, 0.3384, 0.3384, 0.3384, 0.3384, 0.3384, 0.3384, 0.0005, 0.0005, 0.0005, 0.0005, 0.0005, 0.0005, 0.0005, 0.0005, 0.0005, 0.0005, 0.0007, 0.0007, 0.0007, 0.0007, 0.0007, 0.0007, 0.0007, 0.0007, 0.0007, 0.0007, 0.0004, 0.0004, 0.0004, 0.0004, 0.0004, 0.0004, 0.0004, 0.0004, 0.0004, 0.0004, 0.0004, 0.0004, 0.0004, 0.0004, 0.0004, 0.0004, 0.0004, 0.0004, 0.0004, 0.0004, 0.1218, 0.1218, 0.1218, 0.1218, 0.1218, 0.1218, 0.1218, 0.1218, 0.1218, 0.1218, 0.1582, 0.1582, 0.1582, 0.1582, 0.1582, 0.1582, 0.1582, 0.1582, 0.1582, 0.1582, 0.0005, 0.0005, 0.0005, 0.0005, 0.0005, 0.0005, 0.0005, 0.0005, 0.0005, 0.0005, 0.0004, 0.0004, 0.0004, 0.0004, 0.0004, 0.0004, 0.0004, 0.0004, 0.0004, 0.0004, 0.0007, 0.0007, 0.0007, 0.0007, 0.0007, 0.0007, 0.0007, 0.0007, 0.0007, 0.0007, 0.1051, 0.1051, 0.1051, 0.1051, 0.1051, 0.1051, 0.1051, 0.1051, 0.1051, 0.1051, 0.0953, 0.0953, 0.0953, 0.0953, 0.0953, 0.0953, 0.0953, 0.0953, 0.0953, 0.0953, 0.0023, 0.0023, 0.0023, 0.0023, 0.0023, 0.0023, 0.0023, 0.0023, 0.0023, 0.0023, 0.176, 0.176, 0.176, 0.176, 0.176, 0.176, 0.176, 0.176, 0.176, 0.176, 0.0857, 0.0857, 0.0857, 0.0857, 0.0857, 0.0857, 0.0857, 0.0857, 0.0857, 0.0857, 0.149, 0.149, 0.149, 0.149, 0.149, 0.149, 0.149, 0.149, 0.149, 0.149, 0.0005, 0.0005, 0.0005, 0.0005, 0.0005, 0.0005, 0.0005, 0.0005, 0.0005, 0.0005, 0.053, 0.053, 0.053, 0.053, 0.053, 0.053, 0.053, 0.053, 0.053, 0.053, 0.0006, 0.0006, 0.0006, 0.0006, 0.0006, 0.0006, 0.0006, 0.0006, 0.0006, 0.0006, 0.0063, 0.0063, 0.0063, 0.0063, 0.0063, 0.0063, 0.0063, 0.0063, 0.0063, 0.0063, 0.0003, 0.0003, 0.0003, 0.0003, 0.0003, 0.0003, 0.0003, 0.0003, 0.0003, 0.0003, 0.0946, 0.0946, 0.0946, 0.0946, 0.0946, 0.0946, 0.0946, 0.0946, 0.0946, 0.0946, 0.1004, 0.1004, 0.1004, 0.1004, 0.1004, 0.1004, 0.1004, 0.1004, 0.1004, 0.1004, 0.0003, 0.0003, 0.0003, 0.0003, 0.0003, 0.0003, 0.0003, 0.0003, 0.0003, 0.0003, 0.0005, 0.0005, 0.0005, 0.0005, 0.0005, 0.0005, 0.0005, 0.0005, 0.0005, 0.0005, 0.0004, 0.0004, 0.0004, 0.0004, 0.0004, 0.0004, 0.0004, 0.0004, 0.0004, 0.0004, 0.0871, 0.0871, 0.0871, 0.0871, 0.0871, 0.0871, 0.0871, 0.0871, 0.0871, 0.0871, 0.0005, 0.0005, 0.0005, 0.0005, 0.0005, 0.0005, 0.0005, 0.0005, 0.0005, 0.0005, 0.0842, 0.0842, 0.0842, 0.0842, 0.0842, 0.0842, 0.0842, 0.0842, 0.0842, 0.0842, 0.0005, 0.0005, 0.0005, 0.0005, 0.0005, 0.0005, 0.0005, 0.0005, 0.0005, 0.0005, 0.0847, 0.0847, 0.0847, 0.0847, 0.0847, 0.0847, 0.0847, 0.0847, 0.0847, 0.0847, 0.0802, 0.0802, 0.0802, 0.0802, 0.0802, 0.0802, 0.0802, 0.0802, 0.0802, 0.0802, 0.0004, 0.0004, 0.0004, 0.0004, 0.0004, 0.0004, 0.0004, 0.0004, 0.1476, 0.1476, 0.1476, 0.1476, 0.1476, 0.1476, 0.1476, 0.1476, 0.1476, 0.1476, 0.0006, 0.0006, 0.0006, 0.0006, 0.0006, 0.0006, 0.0006, 0.0006, 0.0006, 0.0006, 0.0005, 0.0005, 0.0005, 0.0005, 0.0005, 0.0005, 0.0005, 0.0005, 0.0005, 0.0005, 0.0005, 0.0005, 0.0005, 0.0005, 0.0005, 0.0005, 0.0005, 0.0005, 0.0005, 0.0005, 0.0005, 0.0005, 0.0005, 0.0005, 0.0005, 0.0005, 0.0005, 0.0005, 0.0005, 0.0005, 0.0004, 0.0004, 0.0004, 0.0004, 0.0004, 0.0004, 0.0004, 0.0004, 0.0004, 0.0004, 0.0934, 0.0934, 0.0934, 0.0934, 0.0934, 0.0934, 0.0934, 0.0934, 0.0934, 0.0934, 0.0003, 0.0003, 0.0003, 0.0003, 0.0003, 0.0003, 0.0003, 0.0003, 0.0003, 0.0003, 0.1033, 0.1033, 0.1033, 0.1033, 0.1033, 0.1033, 0.1033, 0.1033, 0.1033, 0.1033, 0.0871, 0.0871, 0.0871, 0.0871, 0.0871, 0.0871, 0.0871, 0.0871, 0.0871, 0.0871, 0.0016, 0.0016, 0.0016, 0.0016, 0.0016, 0.0016, 0.0016, 0.0016, 0.0016, 0.0016, 0.0008, 0.0008, 0.0008, 0.0008, 0.0008, 0.0008, 0.0008, 0.0008, 0.0008, 0.0008, 0.0004, 0.0004, 0.0004, 0.0004, 0.0004, 0.0004, 0.0004, 0.0004, 0.0004, 0.0004, 0.0004, 0.0004, 0.0004, 0.0004, 0.0004, 0.0004, 0.0004, 0.0004, 0.0004, 0.0004, 0.0944, 0.0944, 0.0944, 0.0944, 0.0944, 0.0944, 0.0944, 0.0944, 0.0944, 0.0944, 0.0005, 0.0005, 0.0005, 0.0005, 0.0005, 0.0005, 0.0005, 0.0005, 0.0005, 0.0005, 0.0004, 0.0004, 0.0004, 0.0004, 0.0004, 0.0004, 0.0004, 0.0004, 0.0004, 0.0004, 0.0008, 0.0008, 0.0008, 0.0008, 0.0008, 0.0008, 0.0008, 0.0008, 0.0008, 0.0008, 0.0004, 0.0004, 0.0004, 0.0004, 0.0004, 0.0004, 0.0004, 0.0004, 0.0004, 0.0004, 0.0004, 0.0004, 0.0004, 0.0004, 0.0004, 0.0004, 0.0004, 0.0004, 0.0004, 0.0004, 0.0805, 0.0805, 0.0805, 0.0805, 0.0805, 0.0805, 0.0805, 0.0805, 0.0805, 0.0805, 0.0004, 0.0004, 0.0004, 0.0004, 0.0004, 0.0004, 0.0004, 0.0004, 0.0004, 0.0004, 0.0004, 0.0004, 0.0004, 0.0004, 0.0004, 0.0004, 0.0004, 0.0004, 0.0004, 0.0004, 0.0003, 0.0003, 0.0003, 0.0003, 0.0003, 0.0003, 0.0003, 0.0003, 0.0003, 0.0003, 0.0003, 0.0003, 0.0003, 0.0003, 0.0003, 0.0003, 0.0003, 0.0003, 0.0003, 0.0003, 0.0003, 0.0003, 0.0003, 0.0003, 0.0003, 0.0003, 0.0003, 0.0003, 0.0003, 0.0003, 0.0002, 0.0002, 0.0002, 0.0002, 0.0002, 0.0002, 0.0002, 0.0002, 0.0002, 0.0002, 0.0556, 0.0556, 0.0556, 0.0556, 0.0556, 0.0556, 0.0556, 0.0556, 0.0556, 0.0556, 0.0288, 0.0288, 0.0288, 0.0288, 0.0288, 0.0288, 0.0288, 0.0288, 0.0288, 0.0288, 0.0002, 0.0002, 0.0002, 0.0002, 0.0002, 0.0002, 0.0002, 0.0002, 0.0002, 0.0002, 0.0263, 0.0263, 0.0263, 0.0263, 0.0263, 0.0263, 0.0263, 0.0263, 0.0263, 0.0263, 0.0426, 0.0426, 0.0426, 0.0426, 0.0426, 0.0426, 0.0426, 0.0426, 0.0426, 0.0426, 0.0002, 0.0002, 0.0002, 0.0002, 0.0002, 0.0002, 0.0002, 0.0002, 0.0002, 0.0002, 0.0003, 0.0003, 0.0003, 0.0003, 0.0003, 0.0003, 0.0003, 0.0003, 0.0003, 0.0003, 0.1333, 0.1333, 0.1333, 0.1333, 0.1333, 0.1333, 0.1333, 0.1333, 0.1333, 0.1333, 0.0002, 0.0002, 0.0002, 0.0002, 0.0002, 0.0002, 0.0002, 0.0002, 0.0002, 0.0002, 0.0003, 0.0003, 0.0003, 0.0003, 0.0003, 0.0003, 0.0003, 0.0003, 0.0003, 0.0003, 0.0003, 0.0003, 0.0003, 0.0003, 0.0003, 0.0003, 0.0003, 0.0003, 0.0003, 0.0003, 0.0002, 0.0002, 0.0002, 0.0002, 0.0002, 0.0002, 0.0002, 0.0002, 0.0002, 0.0002, 0.2156, 0.2156, 0.2156, 0.2156, 0.2156, 0.2156, 0.2156, 0.2156, 0.2156, 0.2156, 0.0003, 0.0003, 0.0003, 0.0003, 0.0003, 0.0003, 0.0003, 0.0003, 0.0003, 0.0003, 0.0003, 0.0003, 0.0003, 0.0003, 0.0003, 0.0003, 0.0003, 0.0003, 0.0003, 0.0003, 0.0004, 0.0004, 0.0004, 0.0004, 0.0004, 0.0004, 0.0004, 0.0004, 0.0004, 0.0004, 0.0004, 0.0004, 0.0004, 0.0004, 0.0004, 0.0004, 0.0004, 0.0004, 0.0004, 0.0004, 0.0003, 0.0003, 0.0003, 0.0003, 0.0003, 0.0003, 0.0003, 0.0003, 0.0003, 0.0003, 0.0003, 0.0003, 0.0003, 0.0003, 0.0003, 0.0003, 0.0003, 0.0003, 0.0003, 0.0003, 0.0003, 0.0003, 0.0003, 0.0003, 0.0003, 0.0003, 0.0003, 0.0003, 0.0003, 0.0003, 0.0003, 0.0003, 0.0003, 0.0003, 0.0003, 0.0003, 0.0003, 0.0003, 0.0003, 0.0003, 0.0002, 0.0002, 0.0002, 0.0002, 0.0002, 0.0002, 0.0002, 0.0002, 0.0002, 0.0002, 0.0002, 0.0002, 0.0002, 0.0002, 0.0002, 0.0002, 0.0002, 0.0002, 0.0002, 0.0002, 0.0627, 0.0627, 0.0627, 0.0627, 0.0627, 0.0627, 0.0627, 0.0627, 0.0627, 0.0627, 0.0009, 0.0009, 0.0009, 0.0009, 0.0009, 0.0009, 0.0009, 0.0009, 0.0009, 0.0009, 0.0002, 0.0002, 0.0002, 0.0002, 0.0002, 0.0002, 0.0002, 0.0002, 0.0002, 0.0002, 0.008, 0.008, 0.008, 0.008, 0.008, 0.008, 0.008, 0.008, 0.008, 0.008, 0.0003, 0.0003, 0.0003, 0.0003, 0.0003, 0.0003, 0.0003, 0.0003, 0.0003, 0.0003, 0.0002, 0.0002, 0.0002, 0.0002, 0.0002, 0.0002, 0.0002, 0.0002, 0.0002, 0.0002, 0.017, 0.017, 0.017, 0.017, 0.017, 0.017, 0.017, 0.017, 0.017, 0.017, 0.0003, 0.0003, 0.0003, 0.0003, 0.0003, 0.0003, 0.0003, 0.0003, 0.0003, 0.0003, 0.0002, 0.0002, 0.0002, 0.0002, 0.0002, 0.0002, 0.0002, 0.0002, 0.0002, 0.0002, 0.0842, 0.0842, 0.0842, 0.0842, 0.0842, 0.0842, 0.0842, 0.0842, 0.0842, 0.0842, 0.0817, 0.0817, 0.0817, 0.0817, 0.0817, 0.0817, 0.0817, 0.0817, 0.0817, 0.0817, 0.0002, 0.0002, 0.0002, 0.0002, 0.0002, 0.0002, 0.0002, 0.0002, 0.0002, 0.0002, 0.0002, 0.0002, 0.0002, 0.0002, 0.0002, 0.0002, 0.0002, 0.0002, 0.0002, 0.0002, 0.0002, 0.0002, 0.0002, 0.0002, 0.0002, 0.0002, 0.0002, 0.0002, 0.0002, 0.0002, 0.0003, 0.0003, 0.0003, 0.0003, 0.0003, 0.0003, 0.0003, 0.0003, 0.0003, 0.0003, 0.0002, 0.0002, 0.0002, 0.0002, 0.0002, 0.0002, 0.0002, 0.0002, 0.0002, 0.0002, 0.0002, 0.0002, 0.0002, 0.0002, 0.0002, 0.0002, 0.0002, 0.0002, 0.0002, 0.0002, 0.0002, 0.0002, 0.0002, 0.0002, 0.0002, 0.0002, 0.0002, 0.0002, 0.0002, 0.0002, 0.0002, 0.0002, 0.0002, 0.0002, 0.0002, 0.0002, 0.0002, 0.0002, 0.0002, 0.0002, 0.0002, 0.0002, 0.0002, 0.0002, 0.0002, 0.0002, 0.0002, 0.0002, 0.0002, 0.0002, 0.0002, 0.0002, 0.0002, 0.0002, 0.0002, 0.0002, 0.0002, 0.0002, 0.0002, 0.0002, 0.0002, 0.0002, 0.0002, 0.0002, 0.0002, 0.0002, 0.0002, 0.0002, 0.0002, 0.0002, 0.0002, 0.0002, 0.0002, 0.0002, 0.0002, 0.0002, 0.0002, 0.0002, 0.0002, 0.0002, 0.0001, 0.0001, 0.0001, 0.0001, 0.0001, 0.0001, 0.0001, 0.0001, 0.0001, 0.0001, 0.2055, 0.2055, 0.2055, 0.2055, 0.2055, 0.2055, 0.2055, 0.2055, 0.2055, 0.2055, 0.1147, 0.1147, 0.1147, 0.1147, 0.1147, 0.1147, 0.1147, 0.1147, 0.1147, 0.1147, 0.0003, 0.0003, 0.0003, 0.0003, 0.0003, 0.0003, 0.0003, 0.0003, 0.0003, 0.0003, 0.0003, 0.0003, 0.0003, 0.0003, 0.0003, 0.0003, 0.0002, 0.0002, 0.0002, 0.0002, 0.0002, 0.0002, 0.0002, 0.0002, 0.0002, 0.0002, 0.0003, 0.0003, 0.0003, 0.0003, 0.0003, 0.0003, 0.0003, 0.0003, 0.0003, 0.0003, 0.0002, 0.0002, 0.0002, 0.0002, 0.0002, 0.0002, 0.0002, 0.0002, 0.0002, 0.0002, 0.0003, 0.0003, 0.0003, 0.0003, 0.0003, 0.0003, 0.0003, 0.0003, 0.0003, 0.0003, 0.0015, 0.0015, 0.0015, 0.0015, 0.0015, 0.0015, 0.0015, 0.0015, 0.0015, 0.0015, 0.0002, 0.0002, 0.0002, 0.0002, 0.0002, 0.0002, 0.0002, 0.0002, 0.0002, 0.0002, 0.0002, 0.0002, 0.0002, 0.0002, 0.0002, 0.0002, 0.0002, 0.0002, 0.0002, 0.0002, 0.0002, 0.0002, 0.0002, 0.0002, 0.0002, 0.0002, 0.0002, 0.0002, 0.0002, 0.0002, 0.0199, 0.0199, 0.0199, 0.0199, 0.0199, 0.0199, 0.0199, 0.0199, 0.0199, 0.0199, 0.0005, 0.0005, 0.0005, 0.0005, 0.0005, 0.0005, 0.0005, 0.0005, 0.0005, 0.0005, 0.0002, 0.0002, 0.0002, 0.0002, 0.0002, 0.0002, 0.0002, 0.0002, 0.0002, 0.0002, 0.0002, 0.0002, 0.0002, 0.0002, 0.0002, 0.0002, 0.0002, 0.0002, 0.0002, 0.0002, 0.0002, 0.0002, 0.0002, 0.0002, 0.0002, 0.0002, 0.0002, 0.0002, 0.0002, 0.0002, 0.0001, 0.0001, 0.0001, 0.0001, 0.0001, 0.0001, 0.0001, 0.0001, 0.0001, 0.0001, 0.0002, 0.0002, 0.0002, 0.0002, 0.0002, 0.0002, 0.0002, 0.0002, 0.0002, 0.0002, 0.0696, 0.0696, 0.0696, 0.0696, 0.0696, 0.0696, 0.0696, 0.0696, 0.0696, 0.0696, 0.0001, 0.0001, 0.0001, 0.0001, 0.0001, 0.0001, 0.0001, 0.0001, 0.0001, 0.0001, 0.0002, 0.0002, 0.0002, 0.0002, 0.0002, 0.0002, 0.0002, 0.0002, 0.0002, 0.0002, 0.0001, 0.0001, 0.0001, 0.0001, 0.0001, 0.0001, 0.0001, 0.0001, 0.0001, 0.0001, 0.0002, 0.0002, 0.0002, 0.0002, 0.0002, 0.0002, 0.0002, 0.0002, 0.0002, 0.0002, 0.0002, 0.0002, 0.0002, 0.0002, 0.0002, 0.0002, 0.0002, 0.0002, 0.0002, 0.0002, 0.0134, 0.0134, 0.0134, 0.0134, 0.0134, 0.0134, 0.0134, 0.0134, 0.0134, 0.0134, 0.0149, 0.0149, 0.0149, 0.0149, 0.0149, 0.0149, 0.0149, 0.0149, 0.0149, 0.0149, 0.0001, 0.0001, 0.0001, 0.0001, 0.0001, 0.0001, 0.0001, 0.0001, 0.0001, 0.0001, 0.0864, 0.0864, 0.0864, 0.0864, 0.0864, 0.0864, 0.0864, 0.0864, 0.0864, 0.0864, 0.0001, 0.0001, 0.0001, 0.0001, 0.0001, 0.0001, 0.0001, 0.0001, 0.0001, 0.0001, 0.0001, 0.0001, 0.0001, 0.0001, 0.0001, 0.0001, 0.0001, 0.0001, 0.0001, 0.0001, 0.0001, 0.0001, 0.0001, 0.0001, 0.0001, 0.0001, 0.0001, 0.0001, 0.0001, 0.0001, 0.0001, 0.0001, 0.0001, 0.0001, 0.0001, 0.0001, 0.0001, 0.0001, 0.0001, 0.0001, 0.0001, 0.0001, 0.0001, 0.0001, 0.0001, 0.0001, 0.0001, 0.0001, 0.0001, 0.0001, 0.0001, 0.0001, 0.0001, 0.0001, 0.0001, 0.0001, 0.0001, 0.0001, 0.0001, 0.0001, 0.0001, 0.0001, 0.0001, 0.0001, 0.0001, 0.0001, 0.0001, 0.0001, 0.0001, 0.0001, 0.0001, 0.0001, 0.0001, 0.0001, 0.0001, 0.0001, 0.0001, 0.0001, 0.0001, 0.0001, 0.0001, 0.0001, 0.0001, 0.0001, 0.0001, 0.0001, 0.0001, 0.0001, 0.0001, 0.0001, 0.0901, 0.0901, 0.0901, 0.0901, 0.0901, 0.0901, 0.0901, 0.0901, 0.0901, 0.0901, 0.0001, 0.0001, 0.0001, 0.0001, 0.0001, 0.0001, 0.0001, 0.0001, 0.0001, 0.0001, 0.1453, 0.1453, 0.1453, 0.1453, 0.1453, 0.1453, 0.1453, 0.1453, 0.1453, 0.1453, 0.0292, 0.0292, 0.0292, 0.0292, 0.0292, 0.0292, 0.0292, 0.0292, 0.0292, 0.0292, 0.0003, 0.0003, 0.0003, 0.0003, 0.0003, 0.0003, 0.0003, 0.0003, 0.0003, 0.0003, 0.0002, 0.0002, 0.0002, 0.0002, 0.0002, 0.0002, 0.0002, 0.0002, 0.0002, 0.0002, 0.1486, 0.1486, 0.1486, 0.1486, 0.1486, 0.1486, 0.1486, 0.1486, 0.1486, 0.1486, 0.0003, 0.0003, 0.0003, 0.0003, 0.0003, 0.0003, 0.0003, 0.0003, 0.0003, 0.0003, 0.0002, 0.0002, 0.0002, 0.0002, 0.0002, 0.0002, 0.0002, 0.0002, 0.0002, 0.0002, 0.0002, 0.0002, 0.0002, 0.0002, 0.0002, 0.0002, 0.0002, 0.0002, 0.0002, 0.0002, 0.0002, 0.0002, 0.0002, 0.0002, 0.0002, 0.0002, 0.0002, 0.0002, 0.0002, 0.0002, 0.0002, 0.0002, 0.0002, 0.0002, 0.0002, 0.0002, 0.0002, 0.0002, 0.0002, 0.0002, 0.0152, 0.0152, 0.0152, 0.0152, 0.0152, 0.0152, 0.0152, 0.0152, 0.0152, 0.0152, 0.0001, 0.0001, 0.0001, 0.0001, 0.0001, 0.0001, 0.0001, 0.0001, 0.0001, 0.0001, 0.0002, 0.0002, 0.0002, 0.0002, 0.0002, 0.0002, 0.0002, 0.0002, 0.0002, 0.0002, 0.0002, 0.0002, 0.0002, 0.0002, 0.0002, 0.0002, 0.0002, 0.0002, 0.0002, 0.0002, 0.0067, 0.0067, 0.0067, 0.0067, 0.0067, 0.0067, 0.0067, 0.0067, 0.0067, 0.0067, 0.0001, 0.0001, 0.0001, 0.0001, 0.0001, 0.0001, 0.0001, 0.0001, 0.0001, 0.0001, 0.0001, 0.0001, 0.0001, 0.0001, 0.0001, 0.0001, 0.0001, 0.0001, 0.0001, 0.0001, 0.0001, 0.0001, 0.0001, 0.0001, 0.0001, 0.0001, 0.0001, 0.0001, 0.0001, 0.0001, 0.0002, 0.0002, 0.0002, 0.0002, 0.0002, 0.0002, 0.0002, 0.0002, 0.0002, 0.0002, 0.0002, 0.0002, 0.0002, 0.0002, 0.0002, 0.0002, 0.0002, 0.0002, 0.0002, 0.0002, 0.0522, 0.0522, 0.0522, 0.0522, 0.0522, 0.0522, 0.0522, 0.0522, 0.0522, 0.0522, 0.0001, 0.0001, 0.0001, 0.0001, 0.0001, 0.0001, 0.0001, 0.0001, 0.0001, 0.0001, 0.0001, 0.0001, 0.0001, 0.0001, 0.0001, 0.0001, 0.0001, 0.0001, 0.0001, 0.0001, 0.017, 0.017, 0.017, 0.017, 0.017, 0.017, 0.017, 0.017, 0.017, 0.017, 0.0001, 0.0001, 0.0001, 0.0001, 0.0001, 0.0001, 0.0001, 0.0001, 0.0001, 0.0001, 0.0001, 0.0001, 0.0001, 0.0001, 0.0001, 0.0001, 0.0001, 0.0001, 0.0001, 0.0001, 0.0001, 0.0001, 0.0001, 0.0001, 0.0001, 0.0001, 0.0001, 0.0001, 0.0001, 0.0001, 0.1044, 0.1044, 0.1044, 0.1044, 0.1044, 0.1044, 0.1044, 0.1044, 0.1044, 0.1044, 0.0003, 0.0003, 0.0003, 0.0003, 0.0003, 0.0003, 0.0003, 0.0003, 0.0003, 0.0003, 0.0002, 0.0002, 0.0002, 0.0002, 0.0002, 0.0002, 0.0002, 0.0002, 0.0002, 0.0002, 0.0002, 0.0002, 0.0002, 0.0002, 0.0002, 0.0002, 0.0002, 0.0002, 0.0002, 0.0002, 0.0002, 0.0002, 0.0002, 0.0002, 0.0002, 0.0002, 0.0002, 0.0002, 0.0002, 0.0002, 0.0001, 0.0001, 0.0001, 0.0001, 0.0001, 0.0001, 0.0001, 0.0001, 0.0001, 0.0001, 0.0599, 0.0599, 0.0599, 0.0599, 0.0599, 0.0599, 0.0599, 0.0599, 0.0599, 0.0599, 0.001, 0.001, 0.001, 0.001, 0.001, 0.001, 0.001, 0.001, 0.001, 0.001, 0.0002, 0.0002, 0.0002, 0.0002, 0.0002, 0.0002, 0.0002, 0.0002, 0.0002, 0.0002, 0.0001, 0.0001, 0.0001, 0.0001, 0.0001, 0.0001, 0.0001, 0.0001, 0.0001, 0.0001, 0.0001, 0.0001, 0.0001, 0.0001, 0.0001, 0.0001, 0.0001, 0.0001, 0.0001, 0.0001, 0.0002, 0.0002, 0.0002, 0.0002, 0.0002, 0.0002, 0.0002, 0.0002, 0.0002, 0.0002, 0.0002, 0.0002, 0.0002, 0.0002, 0.0002, 0.0002, 0.0002, 0.0002, 0.0002, 0.0002, 0.0001, 0.0001, 0.0001, 0.0001, 0.0001, 0.0001, 0.0001, 0.0001, 0.0001, 0.0001, 0.0788, 0.0788, 0.0788, 0.0788, 0.0001, 0.0001, 0.0001, 0.0001, 0.0001, 0.0001, 0.0001, 0.0001, 0.0001, 0.0001, 0.005, 0.005, 0.005, 0.005, 0.005, 0.005, 0.005, 0.005, 0.005, 0.005, 0.0001, 0.0001, 0.0001, 0.0001, 0.0001, 0.0001, 0.0001, 0.0001, 0.0001, 0.0001, 0.0001, 0.0001, 0.0001, 0.0001, 0.0001, 0.0001, 0.0001, 0.0001, 0.0001, 0.0001, 0.0024, 0.0024, 0.0024, 0.0024, 0.0024, 0.0024, 0.0024, 0.0024, 0.0024, 0.0024, 0.0001, 0.0001, 0.0001, 0.0001, 0.0001, 0.0001, 0.0001, 0.0001, 0.0001, 0.0001, 0.0001, 0.0001, 0.0001, 0.0001, 0.0001, 0.0001, 0.0001, 0.0001, 0.0001, 0.0001, 0.0001, 0.0001, 0.0001, 0.0001, 0.0001, 0.0001, 0.0001, 0.0001, 0.0001, 0.0001, 0.0001, 0.0001, 0.0001, 0.0001, 0.0001, 0.0001, 0.0001, 0.0001, 0.0001, 0.0001, 0.0001, 0.0001, 0.0001, 0.0001, 0.0001, 0.0001, 0.0001, 0.0001, 0.0001, 0.0001, 0.0001, 0.0001, 0.0001, 0.0001, 0.0001, 0.0001, 0.0001, 0.0001, 0.0001, 0.0001, 0.0001, 0.0001, 0.0001, 0.0001, 0.0001, 0.0001, 0.0001, 0.0001, 0.0001, 0.0001, 0.0001, 0.0001, 0.0001, 0.0001, 0.0001, 0.0001, 0.0001, 0.0001, 0.0001, 0.0001, 0.1001, 0.1001, 0.1001, 0.1001, 0.1001, 0.1001, 0.1001, 0.1001, 0.1001, 0.1001, 0.0001, 0.0001, 0.0001, 0.0001, 0.0001, 0.0001, 0.0001, 0.0001, 0.0001, 0.0001, 0.0106, 0.0106, 0.0106, 0.0106, 0.0106, 0.0106, 0.0106, 0.0106, 0.0106, 0.0106, 0.0002, 0.0002, 0.0002, 0.0002, 0.0002, 0.0002, 0.0002, 0.0002, 0.0002, 0.0002, 0.0001, 0.0001, 0.0001, 0.0001, 0.0001, 0.0001, 0.0001, 0.0001, 0.0001, 0.0001, 0.0696, 0.0696, 0.0696, 0.0696, 0.0696, 0.0696, 0.0696, 0.0696, 0.0696, 0.0696, 0.0002, 0.0002, 0.0002, 0.0002, 0.0002, 0.0002, 0.0002, 0.0002, 0.0002, 0.0002, 0.0002, 0.0002, 0.0002, 0.0002, 0.0002, 0.0002, 0.0002, 0.0002, 0.0002, 0.0002, 0.0001, 0.0001, 0.0001, 0.0001, 0.0001, 0.0001, 0.0001, 0.0001, 0.0001, 0.0001, 0.0001, 0.0001, 0.0001, 0.0001, 0.0001, 0.0001, 0.0001, 0.0001, 0.0001, 0.0001, 0.0001, 0.0001, 0.0001, 0.0001, 0.0001, 0.0001, 0.0001, 0.0001, 0.0001, 0.0001, 0.0001, 0.0001, 0.0001, 0.0001, 0.0001, 0.0001, 0.0001, 0.0001, 0.0001, 0.0001, 0.0001, 0.0001, 0.0001, 0.0001, 0.0001, 0.0001, 0.0001, 0.0001, 0.0001, 0.0001, 0.0001, 0.0001, 0.0001, 0.0001, 0.0001, 0.0001, 0.0001, 0.0001, 0.0001, 0.0001, 0.0001, 0.0001, 0.0001, 0.0001, 0.0001, 0.0001, 0.0001, 0.0001, 0.0001, 0.0001, 0.081, 0.081, 0.081, 0.081, 0.081, 0.081, 0.081, 0.081, 0.081, 0.081, 0.0001, 0.0001, 0.0001, 0.0001, 0.0001, 0.0001, 0.0001, 0.0001, 0.0001, 0.0001, 0.0001, 0.0001, 0.0001, 0.0001, 0.0001, 0.0001, 0.0001, 0.0001, 0.0001, 0.0001, 0.0001, 0.0001, 0.0001, 0.0001, 0.0001, 0.0001, 0.0001, 0.0001, 0.0001, 0.0001, 0.0001, 0.0001, 0.0001, 0.0001, 0.0001, 0.0001, 0.0001, 0.0001, 0.0001, 0.0001, 0.0001, 0.0001, 0.0001, 0.0001, 0.0001, 0.0001, 0.0001, 0.0001, 0.0001, 0.0001, 0.088, 0.088, 0.088, 0.088, 0.088, 0.088, 0.088, 0.088, 0.088, 0.088, 0.0946, 0.0946, 0.0946, 0.0946, 0.0946, 0.0946, 0.0946, 0.0946, 0.0946, 0.0946, 0.0001, 0.0001, 0.0001, 0.0001, 0.0001, 0.0001, 0.0001, 0.0001, 0.0001, 0.0001, 0.0001, 0.0001, 0.0001, 0.0001, 0.0001, 0.0001, 0.0001, 0.0001, 0.0001, 0.0001, 0.0955, 0.0955, 0.0955, 0.0955, 0.0955, 0.0955, 0.0955, 0.0955, 0.0955, 0.0955, 0.0001, 0.0001, 0.0001, 0.0001, 0.0001, 0.0001, 0.0001, 0.0001, 0.0001, 0.0001, 0.0001, 0.0001, 0.0001, 0.0001, 0.0001, 0.0001, 0.0001, 0.0001, 0.0001, 0.0001, 0.0184, 0.0184, 0.0184, 0.0184, 0.0184, 0.0184, 0.0184, 0.0184, 0.0184, 0.0184, 0.0001, 0.0001, 0.0001, 0.0001, 0.0001, 0.0001, 0.0001, 0.0001, 0.0001, 0.0001, 0.0004, 0.0004, 0.0004, 0.0004, 0.0004, 0.0004, 0.0004, 0.0004, 0.0004, 0.0004, 0.0001, 0.0001, 0.0001, 0.0001, 0.0001, 0.0001, 0.0001, 0.0001, 0.0001, 0.0001, 0.0001, 0.0001, 0.0001, 0.0001, 0.0001, 0.0001, 0.0001, 0.0001, 0.0001, 0.0001, 0.0001, 0.0001, 0.0001, 0.0001, 0.0001, 0.0001, 0.0001, 0.0001, 0.0001, 0.0001, 0.0001, 0.0001, 0.0001, 0.0001, 0.0001, 0.0001, 0.0001, 0.0001, 0.0001, 0.0001, 0.0001, 0.0001, 0.0001, 0.0001, 0.0001, 0.0001, 0.0001, 0.0001, 0.0001, 0.0001, 0.0002, 0.0002, 0.0002, 0.0002, 0.0002, 0.0002, 0.0002, 0.0002, 0.0002, 0.0002, 0.0001, 0.0001, 0.0001, 0.0001, 0.0001, 0.0001, 0.0001, 0.0001, 0.0001, 0.0001, 0.0001, 0.0001, 0.0001, 0.0001, 0.0001, 0.0001, 0.0001, 0.0001, 0.0001, 0.0001, 0.0069, 0.0069, 0.0069, 0.0069, 0.0069, 0.0069, 0.0069, 0.0069, 0.0069, 0.0069, 0.0001, 0.0001, 0.0001, 0.0001, 0.0001, 0.0001, 0.0001, 0.0001, 0.0001, 0.0001, 0.0002, 0.0002, 0.0002, 0.0002, 0.0002, 0.0002, 0.0002, 0.0002, 0.0002, 0.0002, 0.0001, 0.0001, 0.0001, 0.0001, 0.0001, 0.0001, 0.0001, 0.0001, 0.0001, 0.0001, 0.0001, 0.0001, 0.0001, 0.0001, 0.0001, 0.0001, 0.0001, 0.0001, 0.0001, 0.0001, 0.0001, 0.0001, 0.0001, 0.0001, 0.0001, 0.0001, 0.0001, 0.0001, 0.0001, 0.0001, 0.0001, 0.0001, 0.0001, 0.0001, 0.0001, 0.0001, 0.0001, 0.0001, 0.0001, 0.0001, 0.0001, 0.0001, 0.0001, 0.0001, 0.0001, 0.0001, 0.0001, 0.0001, 0.0001, 0.0001, 0.0001, 0.0001, 0.0001, 0.0001, 0.0001, 0.0001, 0.0001, 0.0001, 0.0001, 0.0001, 0.0001, 0.0001, 0.0001, 0.0001, 0.0001, 0.0001, 0.0001, 0.0001, 0.0001, 0.0001, 0.0176, 0.0176, 0.0176, 0.0176, 0.0176, 0.0176, 0.0176, 0.0176, 0.0176, 0.0176, 0.0001, 0.0001, 0.0001, 0.0001, 0.0001, 0.0001, 0.0001, 0.0001, 0.0001, 0.0001, 0.0001, 0.0001, 0.0001, 0.0001, 0.0001, 0.0001, 0.0001, 0.0001, 0.0001, 0.0001, 0.1027, 0.1027, 0.1027, 0.1027, 0.1027, 0.1027, 0.1027, 0.1027, 0.1027, 0.1027, 0.0001, 0.0001, 0.0001, 0.0001, 0.0001, 0.0001, 0.0001, 0.0001, 0.0001, 0.0001, 0.0001, 0.0001, 0.0001, 0.0001, 0.0001, 0.0001, 0.0001, 0.0001, 0.0001, 0.0001, 0.0001, 0.0001, 0.0001, 0.0001, 0.0001, 0.0001, 0.0001, 0.0001, 0.0001, 0.0001, 0.1311, 0.1311, 0.1311, 0.1311, 0.1311, 0.1311, 0.1311, 0.1311, 0.1311, 0.1311, 0.0001, 0.0001, 0.0001, 0.0001, 0.0001, 0.0001, 0.0001, 0.0001, 0.0001, 0.0001, 0.0002, 0.0002, 0.0002, 0.0002, 0.0002, 0.0002, 0.0002, 0.0002, 0.0002, 0.0002, 0.0002, 0.0002, 0.0002, 0.0002, 0.0002, 0.0002, 0.0002, 0.0002, 0.0002, 0.0002, 0.0002, 0.0002, 0.0002, 0.0002, 0.0002, 0.0002, 0.0002, 0.0002, 0.0002, 0.0002, 0.0002, 0.0002, 0.0002, 0.0002, 0.0002, 0.0002, 0.0002, 0.0002, 0.0002, 0.0002, 0.0002, 0.0002, 0.0002, 0.0002, 0.0002, 0.0002, 0.0002, 0.0002, 0.0002, 0.0002, 0.0013, 0.0013, 0.0013, 0.0013, 0.0013, 0.0013, 0.0013, 0.0013, 0.0013, 0.0013, 0.0001, 0.0001, 0.0001, 0.0001, 0.0001, 0.0001, 0.0001, 0.0001, 0.0001, 0.0001, 0.0001, 0.0001, 0.0002, 0.0002, 0.0002, 0.0002, 0.0002, 0.0002, 0.0002, 0.0002, 0.0002, 0.0002, 0.0002, 0.0002, 0.0002, 0.0002, 0.0002, 0.0002, 0.0002, 0.0002, 0.0002, 0.0002, 0.0001, 0.0001, 0.0001, 0.0001, 0.0001, 0.0001, 0.0001, 0.0001, 0.0001, 0.0001, 0.0001, 0.0001, 0.0001, 0.0001, 0.0001, 0.0001, 0.0001, 0.0001, 0.0001, 0.0001, 0.0001, 0.0001, 0.0001, 0.0001, 0.0001, 0.0001, 0.0001, 0.0001, 0.0001, 0.0001, 0.0001, 0.0001, 0.0001, 0.0001, 0.0001, 0.0001, 0.0001, 0.0001, 0.0001, 0.0001, 0.0001, 0.0001, 0.0001, 0.0001, 0.0001, 0.0001, 0.0001, 0.0001, 0.0001, 0.0001, 0.0001, 0.0001, 0.0001, 0.0001, 0.0001, 0.0001, 0.0001, 0.0001, 0.0001, 0.0001, 0.0001, 0.0001, 0.0001, 0.0001, 0.0001, 0.0001, 0.0001, 0.0001, 0.0001, 0.0001, 0.0001, 0.0001, 0.0001, 0.0001, 0.0001, 0.0001, 0.0001, 0.0001, 0.0001, 0.0001, 0.0001, 0.0001, 0.0001, 0.0001, 0.0001, 0.0001, 0.0001, 0.0001, 0.0001, 0.0001, 0.0001, 0.0001, 0.0001, 0.0001, 0.0001, 0.0001, 0.0001, 0.0001, 0.0001, 0.0001, 0.0001, 0.0001, 0.0001, 0.0001, 0.0001, 0.0001, 0.0001, 0.0001, 0.0001, 0.0001, 0.0002, 0.0002, 0.0002, 0.0002, 0.0002, 0.0002, 0.0002, 0.0002, 0.0002, 0.0002, 0.0001, 0.0001, 0.0001, 0.0001, 0.0001, 0.0001, 0.0001, 0.0001, 0.0001, 0.0001, 0.0001, 0.0001, 0.0001, 0.0001, 0.0001, 0.0001, 0.0001, 0.0001, 0.0001, 0.0001, 0.0001, 0.0001, 0.0001, 0.0001, 0.0001, 0.0001, 0.0001, 0.0001, 0.0001, 0.0001, 0.0001, 0.0001, 0.0001, 0.0001, 0.0001, 0.0001, 0.0001, 0.0001, 0.0001, 0.0001, 0.0001, 0.0001, 0.0001, 0.0001, 0.0001, 0.0001, 0.0001, 0.0001, 0.0001, 0.0001, 0.0001, 0.0001, 0.0001, 0.0001, 0.0001, 0.0001, 0.0001, 0.0001, 0.0001, 0.0001, 0.0002, 0.0002, 0.0002, 0.0002, 0.0002, 0.0002, 0.0002, 0.0002, 0.0002, 0.0002, 0.0001, 0.0001, 0.0001, 0.0001, 0.0001, 0.0001, 0.0001, 0.0001, 0.0001, 0.0001, 0.0001, 0.0001, 0.0001, 0.0001, 0.0001, 0.0001, 0.0001, 0.0001, 0.0001, 0.0001, 0.0001, 0.0001, 0.0001, 0.0001, 0.0001, 0.0001, 0.0001, 0.0001, 0.0001, 0.0001, 0.0001, 0.0001, 0.0001, 0.0001, 0.0001, 0.0001, 0.0001, 0.0001, 0.0001, 0.0001, 0.0972, 0.0972, 0.0972, 0.0972, 0.0972, 0.0972, 0.0972, 0.0972, 0.0972, 0.0972, 0.0001, 0.0001, 0.0001, 0.0001, 0.0001, 0.0001, 0.0001, 0.0001, 0.0001, 0.0001, 0.0001, 0.0001, 0.0001, 0.0001, 0.0001, 0.0001, 0.0001, 0.0001, 0.0001, 0.0001, 0.0001, 0.0001, 0.0001, 0.0001, 0.0001, 0.0001, 0.0001, 0.0001, 0.0001, 0.0001, 0.0002, 0.0002, 0.0002, 0.0002, 0.0002, 0.0002, 0.0002, 0.0002, 0.0002, 0.0002, 0.0002, 0.0002, 0.0002, 0.0002, 0.0002, 0.0002, 0.0002, 0.0002, 0.0002, 0.0002, 0.0001, 0.0001, 0.0001, 0.0001, 0.0001, 0.0001, 0.0001, 0.0001, 0.0001, 0.0001, 0.0001, 0.0001, 0.0001, 0.0001, 0.0001, 0.0001, 0.0001, 0.0001, 0.0001, 0.0001, 0.0002, 0.0002, 0.0002, 0.0002, 0.0002, 0.0002, 0.0002, 0.0002, 0.0002, 0.0002, 0.0001, 0.0001, 0.0001, 0.0001, 0.0001, 0.0001, 0.0001, 0.0001, 0.0001, 0.0001, 0.0001, 0.0001, 0.0001, 0.0001, 0.0001, 0.0001, 0.0001, 0.0001, 0.0001, 0.0001, 0.0001, 0.0001, 0.0001, 0.0001, 0.0001, 0.0001, 0.0001, 0.0001, 0.0001, 0.0001, 0.0001, 0.0001, 0.0001, 0.0001, 0.0001, 0.0001, 0.0001, 0.0001, 0.0001, 0.0001, 0.0001, 0.0001, 0.0001, 0.0001, 0.0001, 0.0001, 0.0001, 0.0001, 0.0001, 0.0001, 0.0002, 0.0002, 0.0002, 0.0002, 0.0002, 0.0002, 0.0002, 0.0002, 0.0002, 0.0002, 0.0001, 0.0001, 0.0001, 0.0001, 0.0001, 0.0001, 0.0001, 0.0001, 0.0001, 0.0001, 0.0001, 0.0001, 0.0001, 0.0001, 0.0001, 0.0001, 0.0001, 0.0001, 0.0001, 0.0001, 0.0001, 0.0001, 0.0001, 0.0001, 0.0001, 0.0001, 0.0001, 0.0001, 0.0001, 0.0001, 0.0001, 0.0001, 0.0001, 0.0001, 0.0001, 0.0001, 0.0001, 0.0001, 0.0001, 0.0001, 0.0001, 0.0001, 0.0001, 0.0001, 0.0001, 0.0001, 0.0001, 0.0001, 0.0001, 0.0001, 0.0001, 0.0001, 0.0001, 0.0001, 0.0001, 0.0001, 0.0001, 0.0001, 0.0001, 0.0001, 0.0001, 0.0001, 0.0001, 0.0001, 0.0001, 0.0001, 0.0001, 0.0001, 0.0001, 0.0001, 0.0001, 0.0001, 0.0001, 0.0001, 0.0001, 0.0001, 0.0001, 0.0001, 0.0001, 0.0001, 0.0001, 0.0001, 0.0001, 0.0001, 0.0001, 0.0001, 0.0001, 0.0001, 0.0001, 0.0001, 0.0001, 0.0001, 0.0001, 0.0001, 0.0001, 0.0001, 0.0001, 0.0001, 0.0001, 0.0001, 0.0001, 0.0001, 0.0001, 0.0001, 0.0001, 0.0001, 0.0001, 0.0001, 0.0001, 0.0001, 0.0001, 0.0001, 0.0001, 0.0001, 0.0001, 0.0001, 0.0001, 0.0001, 0.0001, 0.0001, 0.0001, 0.0001, 0.0001, 0.0001, 0.0001, 0.0001, 0.0001, 0.0001, 0.0001, 0.0001, 0.0001, 0.0001, 0.0001, 0.0001, 0.0001, 0.0001, 0.0001, 0.0001, 0.0001, 0.0001, 0.0001, 0.0001, 0.0001, 0.0001, 0.0001, 0.0001, 0.0001, 0.0001, 0.0001, 0.0001, 0.0001, 0.0001, 0.0001, 0.0001, 0.0001, 0.0001, 0.0001, 0.0001, 0.0001, 0.0001, 0.0001, 0.0001, 0.0001, 0.0001, 0.0001, 0.0001, 0.0001, 0.0001, 0.0001, 0.0001, 0.0001, 0.0001, 0.0001, 0.0001, 0.0001, 0.0001, 0.0001, 0.0001, 0.0001, 0.0001, 0.0001, 0.0001, 0.0001, 0.0001, 0.0001, 0.0001, 0.0001, 0.0001, 0.0001, 0.0001, 0.0001, 0.0001, 0.0001, 0.0001, 0.0001, 0.0001, 0.0001, 0.0001, 0.0001, 0.0001, 0.0001, 0.0001, 0.0001, 0.0001, 0.0001, 0.0001, 0.0001, 0.0001, 0.0001, 0.0001, 0.0002, 0.0002, 0.0002, 0.0002, 0.0002, 0.0002, 0.0002, 0.0002, 0.0002, 0.0002, 0.0026, 0.0026, 0.0026, 0.0026, 0.0026, 0.0026, 0.0026, 0.0026, 0.0026, 0.0026, 0.0001, 0.0001, 0.0001, 0.0001, 0.0001, 0.0001, 0.0001, 0.0001, 0.0001, 0.0001, 0.0001, 0.0001, 0.0001, 0.0001, 0.0001, 0.0001, 0.0001, 0.0001, 0.0001, 0.0001, 0.0001, 0.0001, 0.0001, 0.0001, 0.0001, 0.0001, 0.0001, 0.0001, 0.0001, 0.0001, 0.0001, 0.0001, 0.0001, 0.0001, 0.0001, 0.0001, 0.0001, 0.0001, 0.0001, 0.0001, 0.0001, 0.0001, 0.0001, 0.0001, 0.0001, 0.0001, 0.0001, 0.0001, 0.0001, 0.0001, 0.0001, 0.0001, 0.0001, 0.0001, 0.0001, 0.0001, 0.0001, 0.0001, 0.0001, 0.0001, 0.0001, 0.0001, 0.0001, 0.0001, 0.0001, 0.0001, 0.0001, 0.0001, 0.0001, 0.0001, 0.0001, 0.0001, 0.0001, 0.0001, 0.0001, 0.0001, 0.0001, 0.0001, 0.0001, 0.0001, 0.1309, 0.1309, 0.1309, 0.1309, 0.1309, 0.1309, 0.1309, 0.1309, 0.1309, 0.1309, 0.0001, 0.0001, 0.0001, 0.0001, 0.0001, 0.0001, 0.0001, 0.0001, 0.0001, 0.0001, 0.0001, 0.0001, 0.0001, 0.0001, 0.0001, 0.0001, 0.0001, 0.0001, 0.0001, 0.0001, 0.0001, 0.0001, 0.0001, 0.0001, 0.0001, 0.0001, 0.0001, 0.0001, 0.0001, 0.0001, 0.0001, 0.0001, 0.0001, 0.0001, 0.0001, 0.0001, 0.0001, 0.0001, 0.0001, 0.0001]
Validation Loss:
[0.41464293003082275, 0.2855999171733856, 0.2615654766559601, 0.3182440400123596, 0.2514057457447052, 0.3323187530040741, 0.33108946681022644, 0.35341954231262207, 0.3226805627346039, 0.332512229681015]
Train, Validation, Test split:
Train: 6222
Validation: 1755
Test: 887
