Accuracy: 0.8740157480314961
Classification Report:
              precision    recall  f1-score   support

     Assyria       0.87      0.98      0.92       608
   Babylonia       0.90      0.90      0.90       202
        West       0.00      0.00      0.00        79

    accuracy                           0.87       889
   macro avg       0.59      0.63      0.61       889
weighted avg       0.80      0.87      0.83       889

Training Loss:
[1.0168, 1.0168, 1.0168, 1.0168, 1.0168, 1.0168, 1.0168, 1.0168, 1.0168, 1.0168, 0.9391, 0.9391, 0.9391, 0.9391, 0.9391, 0.9391, 0.9391, 0.9391, 0.9391, 0.9391, 0.7926, 0.7926, 0.7926, 0.7926, 0.7926, 0.7926, 0.7926, 0.7926, 0.7926, 0.7926, 0.8329, 0.8329, 0.8329, 0.8329, 0.8329, 0.8329, 0.8329, 0.8329, 0.8329, 0.8329, 0.8088, 0.8088, 0.8088, 0.8088, 0.8088, 0.8088, 0.8088, 0.8088, 0.8088, 0.8088, 0.8219, 0.8219, 0.8219, 0.8219, 0.8219, 0.8219, 0.8219, 0.8219, 0.8219, 0.8219, 0.7136, 0.7136, 0.7136, 0.7136, 0.7136, 0.7136, 0.7136, 0.7136, 0.7136, 0.7136, 0.8307, 0.8307, 0.8307, 0.8307, 0.8307, 0.8307, 0.8307, 0.8307, 0.8307, 0.8307, 0.9058, 0.9058, 0.9058, 0.9058, 0.9058, 0.9058, 0.9058, 0.9058, 0.9058, 0.9058, 0.688, 0.688, 0.688, 0.688, 0.688, 0.688, 0.688, 0.688, 0.688, 0.688, 0.7513, 0.7513, 0.7513, 0.7513, 0.7513, 0.7513, 0.7513, 0.7513, 0.7513, 0.7513, 0.768, 0.768, 0.768, 0.768, 0.768, 0.768, 0.768, 0.768, 0.768, 0.768, 0.8649, 0.8649, 0.8649, 0.8649, 0.8649, 0.8649, 0.8649, 0.8649, 0.8649, 0.8649, 0.6767, 0.6767, 0.6767, 0.6767, 0.6767, 0.6767, 0.6767, 0.6767, 0.6767, 0.6767, 0.6943, 0.6943, 0.6943, 0.6943, 0.6943, 0.6943, 0.6943, 0.6943, 0.6943, 0.6943, 0.7974, 0.7974, 0.7974, 0.7974, 0.7974, 0.7974, 0.7974, 0.7974, 0.7974, 0.7974, 0.6931, 0.6931, 0.6931, 0.6931, 0.6931, 0.6931, 0.6931, 0.6931, 0.6931, 0.6931, 0.6776, 0.6776, 0.6776, 0.6776, 0.6776, 0.6776, 0.6776, 0.6776, 0.6776, 0.6776, 0.6495, 0.6495, 0.6495, 0.6495, 0.6495, 0.6495, 0.6495, 0.6495, 0.6495, 0.6495, 0.5801, 0.5801, 0.5801, 0.5801, 0.5801, 0.5801, 0.5801, 0.5801, 0.5801, 0.5801, 0.5775, 0.5775, 0.5775, 0.5775, 0.5775, 0.5775, 0.5775, 0.5775, 0.5775, 0.5775, 0.7418, 0.7418, 0.7418, 0.7418, 0.7418, 0.7418, 0.7418, 0.7418, 0.7418, 0.7418, 0.7572, 0.7572, 0.7572, 0.7572, 0.7572, 0.7572, 0.7572, 0.7572, 0.7572, 0.7572, 0.8214, 0.8214, 0.8214, 0.8214, 0.8214, 0.8214, 0.8214, 0.8214, 0.8214, 0.8214, 0.6846, 0.6846, 0.6846, 0.6846, 0.6846, 0.6846, 0.6846, 0.6846, 0.6846, 0.6846, 0.7507, 0.7507, 0.7507, 0.7507, 0.7507, 0.7507, 0.7507, 0.7507, 0.7507, 0.7507, 0.607, 0.607, 0.607, 0.607, 0.607, 0.607, 0.607, 0.607, 0.607, 0.607, 0.7974, 0.7974, 0.7974, 0.7974, 0.7974, 0.7974, 0.7974, 0.7974, 0.7974, 0.7974, 0.4906, 0.4906, 0.4906, 0.4906, 0.4906, 0.4906, 0.4906, 0.4906, 0.4906, 0.4906, 0.818, 0.818, 0.818, 0.818, 0.818, 0.818, 0.818, 0.818, 0.818, 0.818, 0.6583, 0.6583, 0.6583, 0.6583, 0.6583, 0.6583, 0.6583, 0.6583, 0.6583, 0.6583, 0.484, 0.484, 0.484, 0.484, 0.484, 0.484, 0.484, 0.484, 0.484, 0.484, 0.7847, 0.7847, 0.7847, 0.7847, 0.7847, 0.7847, 0.7847, 0.7847, 0.7847, 0.7847, 0.5834, 0.5834, 0.5834, 0.5834, 0.5834, 0.5834, 0.5834, 0.5834, 0.5834, 0.5834, 0.7523, 0.7523, 0.7523, 0.7523, 0.7523, 0.7523, 0.7523, 0.7523, 0.7523, 0.7523, 0.65, 0.65, 0.65, 0.65, 0.65, 0.65, 0.65, 0.65, 0.65, 0.65, 0.9692, 0.9692, 0.9692, 0.9692, 0.9692, 0.9692, 0.9692, 0.9692, 0.9692, 0.9692, 0.6676, 0.6676, 0.6676, 0.6676, 0.6676, 0.6676, 0.6676, 0.6676, 0.6676, 0.6676, 0.4997, 0.4997, 0.4997, 0.4997, 0.4997, 0.4997, 0.4997, 0.4997, 0.4997, 0.4997, 0.4135, 0.4135, 0.4135, 0.4135, 0.4135, 0.4135, 0.4135, 0.4135, 0.4135, 0.4135, 0.7274, 0.7274, 0.7274, 0.7274, 0.7274, 0.7274, 0.7274, 0.7274, 0.7274, 0.7274, 0.5355, 0.5355, 0.5355, 0.5355, 0.5355, 0.5355, 0.5355, 0.5355, 0.5355, 0.5355, 0.6902, 0.6902, 0.6902, 0.6902, 0.6902, 0.6902, 0.6902, 0.6902, 0.6902, 0.6902, 0.6257, 0.6257, 0.6257, 0.6257, 0.6257, 0.6257, 0.6257, 0.6257, 0.6257, 0.6257, 0.8717, 0.8717, 0.8717, 0.8717, 0.8717, 0.8717, 0.8717, 0.8717, 0.8717, 0.8717, 0.2893, 0.2893, 0.2893, 0.2893, 0.2893, 0.2893, 0.2893, 0.2893, 0.2893, 0.2893, 0.6627, 0.6627, 0.6627, 0.6627, 0.6627, 0.6627, 0.6627, 0.6627, 0.6627, 0.6627, 0.6337, 0.6337, 0.6337, 0.6337, 0.6337, 0.6337, 0.6337, 0.6337, 0.6337, 0.6337, 0.8185, 0.8185, 0.8185, 0.8185, 0.8185, 0.8185, 0.8185, 0.8185, 0.8185, 0.8185, 0.6778, 0.6778, 0.6778, 0.6778, 0.6778, 0.6778, 0.6778, 0.6778, 0.6778, 0.6778, 0.5842, 0.5842, 0.5842, 0.5842, 0.5842, 0.5842, 0.5842, 0.5842, 0.5842, 0.5842, 0.5899, 0.5899, 0.5899, 0.5899, 0.5899, 0.5899, 0.5899, 0.5899, 0.5899, 0.5899, 0.7437, 0.7437, 0.7437, 0.7437, 0.7437, 0.7437, 0.7437, 0.7437, 0.7437, 0.7437, 0.7657, 0.7657, 0.7657, 0.7657, 0.7657, 0.7657, 0.7657, 0.7657, 0.7657, 0.7657, 0.4383, 0.4383, 0.4383, 0.4383, 0.4383, 0.4383, 0.4383, 0.4383, 0.4383, 0.4383, 0.433, 0.433, 0.433, 0.433, 0.433, 0.433, 0.433, 0.433, 0.433, 0.433, 0.6091, 0.6091, 0.6091, 0.6091, 0.6091, 0.6091, 0.6091, 0.6091, 0.6091, 0.6091, 0.4689, 0.4689, 0.4689, 0.4689, 0.4689, 0.4689, 0.4689, 0.4689, 0.4689, 0.4689, 0.4755, 0.4755, 0.4755, 0.4755, 0.4755, 0.4755, 0.4755, 0.4755, 0.4755, 0.4755, 0.4315, 0.4315, 0.4315, 0.4315, 0.4315, 0.4315, 0.4315, 0.4315, 0.4315, 0.4315, 0.7743, 0.7743, 0.7743, 0.7743, 0.7743, 0.7743, 0.7743, 0.7743, 0.7743, 0.7743, 0.7821, 0.7821, 0.7821, 0.7821, 0.7821, 0.7821, 0.7821, 0.7821, 0.7821, 0.7821, 0.6138, 0.6138, 0.6138, 0.6138, 0.6138, 0.6138, 0.6138, 0.6138, 0.6138, 0.6138, 0.3972, 0.3972, 0.3972, 0.3972, 0.3972, 0.3972, 0.3972, 0.3972, 0.3972, 0.3972, 0.7335, 0.7335, 0.7335, 0.7335, 0.7335, 0.7335, 0.7335, 0.7335, 0.7335, 0.7335, 0.6375, 0.6375, 0.6375, 0.6375, 0.6375, 0.6375, 0.6375, 0.6375, 0.6375, 0.6375, 0.7444, 0.7444, 0.7444, 0.7444, 0.7444, 0.7444, 0.7444, 0.7444, 0.7444, 0.7444, 0.5571, 0.5571, 0.5571, 0.5571, 0.5571, 0.5571, 0.5571, 0.5571, 0.5571, 0.5571, 0.6345, 0.6345, 0.6345, 0.6345, 0.6345, 0.6345, 0.6345, 0.6345, 0.6345, 0.6345, 0.5692, 0.5692, 0.5692, 0.5692, 0.5692, 0.5692, 0.5692, 0.5692, 0.5692, 0.5692, 0.6374, 0.6374, 0.6374, 0.6374, 0.6374, 0.6374, 0.6374, 0.6374, 0.6374, 0.6374, 0.5237, 0.5237, 0.5237, 0.5237, 0.5237, 0.5237, 0.5237, 0.5237, 0.5237, 0.5237, 0.5433, 0.5433, 0.5433, 0.5433, 0.5433, 0.5433, 0.5433, 0.5433, 0.5433, 0.5433, 0.6635, 0.6635, 0.6635, 0.6635, 0.6635, 0.6635, 0.6635, 0.6635, 0.6635, 0.6635, 0.4425, 0.4425, 0.4425, 0.4425, 0.4425, 0.4425, 0.4425, 0.4425, 0.4425, 0.4425, 0.6336, 0.6336, 0.6336, 0.6336, 0.6336, 0.6336, 0.6336, 0.6336, 0.6336, 0.6336, 0.4329, 0.4329, 0.4329, 0.4329, 0.4329, 0.4329, 0.4329, 0.4329, 0.4329, 0.4329, 0.6951, 0.6951, 0.6951, 0.6951, 0.6951, 0.6951, 0.6951, 0.6951, 0.6951, 0.6951, 0.2909, 0.2909, 0.2909, 0.2909, 0.2909, 0.2909, 0.2909, 0.2909, 0.2909, 0.2909, 0.8515, 0.8515, 0.8515, 0.8515, 0.8515, 0.8515, 0.8515, 0.8515, 0.8515, 0.8515, 0.4098, 0.4098, 0.4098, 0.4098, 0.4098, 0.4098, 0.4098, 0.4098, 0.4098, 0.4098, 0.3124, 0.3124, 0.3124, 0.3124, 0.3124, 0.3124, 0.3124, 0.3124, 0.3124, 0.3124, 0.8912, 0.8912, 0.8912, 0.8912, 0.8912, 0.8912, 0.8912, 0.8912, 0.8912, 0.8912, 0.5717, 0.5717, 0.5717, 0.5717, 0.5717, 0.5717, 0.5717, 0.5717, 0.5717, 0.5717, 0.4495, 0.4495, 0.4495, 0.4495, 0.4495, 0.4495, 0.4495, 0.4495, 0.4495, 0.4495, 0.7299, 0.7299, 0.7299, 0.7299, 0.7299, 0.7299, 0.7299, 0.7299, 0.7299, 0.7299, 0.7216, 0.7216, 0.7216, 0.7216, 0.7216, 0.7216, 0.7216, 0.7216, 0.7216, 0.7216, 0.6213, 0.6213, 0.6213, 0.6213, 0.6213, 0.6213, 0.6213, 0.6213, 0.6213, 0.6213, 0.4588, 0.4588, 0.4588, 0.4588, 0.4588, 0.4588, 0.4588, 0.4588, 0.4588, 0.4588, 0.4275, 0.4275, 0.4275, 0.4275, 0.4275, 0.4275, 0.4275, 0.4275, 0.4275, 0.4275, 0.4099, 0.4099, 0.4099, 0.4099, 0.4099, 0.4099, 0.4099, 0.4099, 0.4099, 0.4099, 0.4828, 0.4828, 0.4828, 0.4828, 0.4828, 0.4828, 0.4828, 0.4828, 0.4828, 0.4828, 0.5001, 0.5001, 0.5001, 0.5001, 0.5001, 0.5001, 0.5001, 0.5001, 0.5001, 0.5001, 0.677, 0.677, 0.677, 0.677, 0.677, 0.677, 0.677, 0.677, 0.677, 0.677, 0.5266, 0.5266, 0.5266, 0.5266, 0.5266, 0.5266, 0.5266, 0.5266, 0.5266, 0.5266, 0.413, 0.413, 0.413, 0.413, 0.413, 0.413, 0.413, 0.413, 0.413, 0.413, 0.6874, 0.6874, 0.6874, 0.6874, 0.6874, 0.6874, 0.6874, 0.6874, 0.6874, 0.6874, 0.6959, 0.6959, 0.6959, 0.6959, 0.6959, 0.6959, 0.6959, 0.6959, 0.6959, 0.6959, 0.4201, 0.4201, 0.4201, 0.4201, 0.4201, 0.4201, 0.4201, 0.4201, 0.4201, 0.4201, 0.4692, 0.4692, 0.4692, 0.4692, 0.4692, 0.4692, 0.4692, 0.4692, 0.4692, 0.4692, 0.6625, 0.6625, 0.6625, 0.6625, 0.6625, 0.6625, 0.6625, 0.6625, 0.6625, 0.6625, 0.4112, 0.4112, 0.4112, 0.4112, 0.4112, 0.4112, 0.4112, 0.4112, 0.4112, 0.4112, 0.701, 0.701, 0.701, 0.701, 0.701, 0.701, 0.701, 0.701, 0.701, 0.701, 0.5287, 0.5287, 0.5287, 0.5287, 0.5287, 0.5287, 0.5287, 0.5287, 0.5287, 0.5287, 0.5581, 0.5581, 0.5581, 0.5581, 0.5581, 0.5581, 0.5581, 0.5581, 0.5581, 0.5581, 0.5685, 0.5685, 0.5685, 0.5685, 0.5685, 0.5685, 0.5685, 0.5685, 0.5685, 0.5685, 0.488, 0.488, 0.488, 0.488, 0.488, 0.488, 0.488, 0.488, 0.488, 0.488, 0.2871, 0.2871, 0.2871, 0.2871, 0.2871, 0.2871, 0.2871, 0.2871, 0.2871, 0.2871, 0.4942, 0.4942, 0.4942, 0.4942, 0.4942, 0.4942, 0.4942, 0.4942, 0.4942, 0.4942, 0.5872, 0.5872, 0.5872, 0.5872, 0.5872, 0.5872, 0.5872, 0.5872, 0.5872, 0.5872, 0.361, 0.361, 0.361, 0.361, 0.361, 0.361, 0.361, 0.361, 0.361, 0.361, 0.5785, 0.5785, 0.5785, 0.5785, 0.5785, 0.5785, 0.5785, 0.5785, 0.5785, 0.5785, 0.5219, 0.5219, 0.5219, 0.5219, 0.5219, 0.5219, 0.5219, 0.5219, 0.5219, 0.5219, 0.5166, 0.5166, 0.5166, 0.5166, 0.5166, 0.5166, 0.5166, 0.5166, 0.5166, 0.5166, 0.5037, 0.5037, 0.5037, 0.5037, 0.5037, 0.5037, 0.5037, 0.5037, 0.5037, 0.5037, 0.4022, 0.4022, 0.4022, 0.4022, 0.4022, 0.4022, 0.4022, 0.4022, 0.4022, 0.4022, 0.5129, 0.5129, 0.5129, 0.5129, 0.5129, 0.5129, 0.5129, 0.5129, 0.5129, 0.5129, 0.4719, 0.4719, 0.4719, 0.4719, 0.4719, 0.4719, 0.4719, 0.4719, 0.4719, 0.4719, 0.5758, 0.5758, 0.5758, 0.5758, 0.5758, 0.5758, 0.5758, 0.5758, 0.5758, 0.5758, 0.5517, 0.5517, 0.5517, 0.5517, 0.5517, 0.5517, 0.5517, 0.5517, 0.5517, 0.5517, 0.6818, 0.6818, 0.6818, 0.6818, 0.6818, 0.6818, 0.6818, 0.6818, 0.6818, 0.6818, 0.4499, 0.4499, 0.4499, 0.4499, 0.4499, 0.4499, 0.4499, 0.4499, 0.4499, 0.4499, 0.4956, 0.4956, 0.4956, 0.4956, 0.4956, 0.4956, 0.4956, 0.4956, 0.4956, 0.4956, 0.4443, 0.4443, 0.4443, 0.4443, 0.4443, 0.4443, 0.4443, 0.4443, 0.4443, 0.4443, 0.5604, 0.5604, 0.5604, 0.5604, 0.5604, 0.5604, 0.5604, 0.5604, 0.5604, 0.5604, 0.3925, 0.3925, 0.3925, 0.3925, 0.3925, 0.3925, 0.3925, 0.3925, 0.3925, 0.3925, 0.4162, 0.4162, 0.4162, 0.4162, 0.4162, 0.4162, 0.4162, 0.4162, 0.4162, 0.4162, 0.4699, 0.4699, 0.4699, 0.4699, 0.4699, 0.4699, 0.4699, 0.4699, 0.4699, 0.4699, 0.5089, 0.5089, 0.5089, 0.5089, 0.5089, 0.5089, 0.5089, 0.5089, 0.5089, 0.5089, 0.5373, 0.5373, 0.5373, 0.5373, 0.5373, 0.5373, 0.5373, 0.5373, 0.5373, 0.5373, 0.4209, 0.4209, 0.4209, 0.4209, 0.4209, 0.4209, 0.4209, 0.4209, 0.4209, 0.4209, 0.489, 0.489, 0.489, 0.489, 0.489, 0.489, 0.489, 0.489, 0.489, 0.489, 0.4985, 0.4985, 0.4985, 0.4985, 0.4985, 0.4985, 0.4985, 0.4985, 0.4985, 0.4985, 0.6966, 0.6966, 0.6966, 0.6966, 0.6966, 0.6966, 0.6966, 0.6966, 0.6966, 0.6966, 0.7644, 0.7644, 0.7644, 0.7644, 0.7644, 0.7644, 0.7644, 0.7644, 0.7644, 0.7644, 0.7324, 0.7324, 0.7324, 0.7324, 0.7324, 0.7324, 0.7324, 0.7324, 0.7324, 0.7324, 0.4406, 0.4406, 0.4406, 0.4406, 0.4406, 0.4406, 0.4406, 0.4406, 0.4406, 0.4406, 0.5517, 0.5517, 0.5517, 0.5517, 0.5517, 0.5517, 0.5517, 0.5517, 0.5517, 0.5517, 0.3973, 0.3973, 0.3973, 0.3973, 0.3973, 0.3973, 0.3973, 0.3973, 0.3973, 0.3973, 0.2693, 0.2693, 0.2693, 0.2693, 0.2693, 0.2693, 0.2693, 0.2693, 0.2693, 0.2693, 0.5656, 0.5656, 0.5656, 0.5656, 0.5656, 0.5656, 0.5656, 0.5656, 0.5656, 0.5656, 0.5772, 0.5772, 0.5772, 0.5772, 0.5772, 0.5772, 0.5772, 0.5772, 0.5772, 0.5772, 0.7732, 0.7732, 0.7732, 0.7732, 0.7732, 0.7732, 0.7732, 0.7732, 0.7732, 0.7732, 0.8095, 0.8095, 0.8095, 0.8095, 0.8095, 0.8095, 0.8095, 0.8095, 0.8095, 0.8095, 0.7185, 0.7185, 0.7185, 0.7185, 0.7185, 0.7185, 0.7185, 0.7185, 0.7185, 0.7185, 0.7718, 0.7718, 0.7718, 0.7718, 0.7718, 0.7718, 0.7718, 0.7718, 0.7718, 0.7718, 0.5163, 0.5163, 0.5163, 0.5163, 0.5163, 0.5163, 0.5163, 0.5163, 0.5163, 0.5163, 0.5924, 0.5924, 0.5924, 0.5924, 0.5924, 0.5924, 0.5924, 0.5924, 0.5924, 0.5924, 0.6503, 0.6503, 0.6503, 0.6503, 0.6503, 0.6503, 0.6503, 0.6503, 0.6503, 0.6503, 0.5164, 0.5164, 0.5164, 0.5164, 0.5164, 0.5164, 0.5164, 0.5164, 0.5164, 0.5164, 0.2993, 0.2993, 0.2993, 0.2993, 0.2993, 0.2993, 0.2993, 0.2993, 0.2993, 0.2993, 0.44, 0.44, 0.44, 0.44, 0.44, 0.44, 0.44, 0.44, 0.44, 0.44, 0.5551, 0.5551, 0.5551, 0.5551, 0.5551, 0.5551, 0.5551, 0.5551, 0.5551, 0.5551, 0.5196, 0.5196, 0.5196, 0.5196, 0.5196, 0.5196, 0.5196, 0.5196, 0.5196, 0.5196, 0.6446, 0.6446, 0.6446, 0.6446, 0.6446, 0.6446, 0.6446, 0.6446, 0.6446, 0.6446, 0.5114, 0.5114, 0.5114, 0.5114, 0.5114, 0.5114, 0.5114, 0.5114, 0.5114, 0.5114, 0.3987, 0.3987, 0.3987, 0.3987, 0.3987, 0.3987, 0.3987, 0.3987, 0.3987, 0.3987, 0.4987, 0.4987, 0.4987, 0.4987, 0.4987, 0.4987, 0.4987, 0.4987, 0.4987, 0.4987, 0.5222, 0.5222, 0.5222, 0.5222, 0.5222, 0.5222, 0.5222, 0.5222, 0.5222, 0.5222, 0.374, 0.374, 0.374, 0.374, 0.374, 0.374, 0.374, 0.374, 0.374, 0.374, 0.4581, 0.4581, 0.4581, 0.4581, 0.4581, 0.4581, 0.4581, 0.4581, 0.4581, 0.4581, 0.4806, 0.4806, 0.4806, 0.4806, 0.4806, 0.4806, 0.4806, 0.4806, 0.4806, 0.4806, 0.4729, 0.4729, 0.4729, 0.4729, 0.4729, 0.4729, 0.4729, 0.4729, 0.4729, 0.4729, 0.4818, 0.4818, 0.4818, 0.4818, 0.4818, 0.4818, 0.4818, 0.4818, 0.4818, 0.4818, 0.5187, 0.5187, 0.5187, 0.5187, 0.5187, 0.5187, 0.5187, 0.5187, 0.5187, 0.5187, 0.7002, 0.7002, 0.7002, 0.7002, 0.7002, 0.7002, 0.7002, 0.7002, 0.7002, 0.7002, 1.1413, 1.1413, 1.1413, 1.1413, 1.1413, 1.1413, 1.1413, 1.1413, 1.1413, 1.1413, 0.6953, 0.6953, 0.6953, 0.6953, 0.6953, 0.6953, 0.6953, 0.6953, 0.6953, 0.6953, 0.5931, 0.5931, 0.5931, 0.5931, 0.5931, 0.5931, 0.5931, 0.5931, 0.5931, 0.5931, 0.3914, 0.3914, 0.3914, 0.3914, 0.3914, 0.3914, 0.3914, 0.3914, 0.3914, 0.3914, 0.5093, 0.5093, 0.5093, 0.5093, 0.5093, 0.5093, 0.5093, 0.5093, 0.5093, 0.5093, 0.8556, 0.8556, 0.8556, 0.8556, 0.8556, 0.8556, 0.8556, 0.8556, 0.8556, 0.8556, 0.5636, 0.5636, 0.5636, 0.5636, 0.5636, 0.5636, 0.5636, 0.5636, 0.5636, 0.5636, 0.4849, 0.4849, 0.4849, 0.4849, 0.4849, 0.4849, 0.4849, 0.4849, 0.4849, 0.4849, 0.8959, 0.8959, 0.8959, 0.8959, 0.8959, 0.8959, 0.8959, 0.8959, 0.8959, 0.8959, 0.4869, 0.4869, 0.4869, 0.4869, 0.4869, 0.4869, 0.4869, 0.4869, 0.4869, 0.4869, 0.508, 0.508, 0.508, 0.508, 0.508, 0.508, 0.508, 0.508, 0.508, 0.508, 0.5898, 0.5898, 0.5898, 0.5898, 0.5898, 0.5898, 0.5898, 0.5898, 0.5898, 0.5898, 0.5736, 0.5736, 0.5736, 0.5736, 0.5736, 0.5736, 0.5736, 0.5736, 0.5736, 0.5736, 0.5976, 0.5976, 0.5976, 0.5976, 0.5976, 0.5976, 0.5976, 0.5976, 0.5976, 0.5976, 0.8166, 0.8166, 0.8166, 0.8166, 0.8166, 0.8166, 0.8166, 0.8166, 0.8166, 0.8166, 0.6879, 0.6879, 0.6879, 0.6879, 0.6879, 0.6879, 0.6879, 0.6879, 0.6879, 0.6879, 0.7145, 0.7145, 0.7145, 0.7145, 0.7145, 0.7145, 0.7145, 0.7145, 0.7145, 0.7145, 0.6351, 0.6351, 0.6351, 0.6351, 0.6351, 0.6351, 0.6351, 0.6351, 0.6351, 0.6351, 0.8325, 0.8325, 0.8325, 0.8325, 0.8325, 0.8325, 0.8325, 0.8325, 0.8325, 0.8325, 0.5936, 0.5936, 0.5936, 0.5936, 0.5936, 0.5936, 0.5936, 0.5936, 0.5936, 0.5936, 0.4823, 0.4823, 0.4823, 0.4823, 0.4823, 0.4823, 0.4823, 0.4823, 0.4823, 0.4823, 0.5945, 0.5945, 0.5945, 0.5945, 0.5945, 0.5945, 0.5945, 0.5945, 0.5945, 0.5945, 0.6413, 0.6413, 0.6413, 0.6413, 0.6413, 0.6413, 0.6413, 0.6413, 0.6413, 0.6413, 0.4227, 0.4227, 0.4227, 0.4227, 0.4227, 0.4227, 0.4227, 0.4227, 0.4227, 0.4227, 0.6052, 0.6052, 0.6052, 0.6052, 0.6052, 0.6052, 0.6052, 0.6052, 0.6052, 0.6052, 0.5222, 0.5222, 0.5222, 0.5222, 0.5222, 0.5222, 0.5222, 0.5222, 0.5222, 0.5222, 0.5157, 0.5157, 0.5157, 0.5157, 0.5157, 0.5157, 0.5157, 0.5157, 0.5157, 0.5157, 0.5383, 0.5383, 0.5383, 0.5383, 0.5383, 0.5383, 0.5383, 0.5383, 0.5383, 0.5383, 0.5526, 0.5526, 0.5526, 0.5526, 0.5526, 0.5526, 0.5526, 0.5526, 0.5526, 0.5526, 0.6443, 0.6443, 0.6443, 0.6443, 0.6443, 0.6443, 0.6443, 0.6443, 0.6443, 0.6443, 0.4965, 0.4965, 0.4965, 0.4965, 0.4965, 0.4965, 0.4965, 0.4965, 0.4965, 0.4965, 0.2375, 0.2375, 0.2375, 0.2375, 0.2375, 0.2375, 0.2375, 0.2375, 0.2375, 0.2375, 0.5967, 0.5967, 0.5967, 0.5967, 0.5967, 0.5967, 0.5967, 0.5967, 0.5967, 0.5967, 0.81, 0.81, 0.81, 0.81, 0.81, 0.81, 0.81, 0.81, 0.81, 0.81, 0.5871, 0.5871, 0.5871, 0.5871, 0.5871, 0.5871, 0.5871, 0.5871, 0.5871, 0.5871, 0.5355, 0.5355, 0.5355, 0.5355, 0.5355, 0.5355, 0.5355, 0.5355, 0.5355, 0.5355, 0.5194, 0.5194, 0.5194, 0.5194, 0.5194, 0.5194, 0.5194, 0.5194, 0.5194, 0.5194, 0.5905, 0.5905, 0.5905, 0.5905, 0.5905, 0.5905, 0.5905, 0.5905, 0.5905, 0.5905, 0.5067, 0.5067, 0.5067, 0.5067, 0.5067, 0.5067, 0.5067, 0.5067, 0.5067, 0.5067, 0.3648, 0.3648, 0.3648, 0.3648, 0.3648, 0.3648, 0.3648, 0.3648, 0.3648, 0.3648, 0.6283, 0.6283, 0.6283, 0.6283, 0.6283, 0.6283, 0.6283, 0.6283, 0.6283, 0.6283, 0.2674, 0.2674, 0.2674, 0.2674, 0.2674, 0.2674, 0.2674, 0.2674, 0.2674, 0.2674, 0.331, 0.331, 0.331, 0.331, 0.331, 0.331, 0.331, 0.331, 0.331, 0.331, 0.4292, 0.4292, 0.4292, 0.4292, 0.4292, 0.4292, 0.4292, 0.4292, 0.4292, 0.4292, 0.6468, 0.6468, 0.6468, 0.6468, 0.6468, 0.6468, 0.6468, 0.6468, 0.6468, 0.6468, 0.3844, 0.3844, 0.3844, 0.3844, 0.3844, 0.3844, 0.3844, 0.3844, 0.3844, 0.3844, 0.3941, 0.3941, 0.3941, 0.3941, 0.3941, 0.3941, 0.3941, 0.3941, 0.3941, 0.3941, 0.5074, 0.5074, 0.5074, 0.5074, 0.5074, 0.5074, 0.5074, 0.5074, 0.5074, 0.5074, 0.4401, 0.4401, 0.4401, 0.4401, 0.4401, 0.4401, 0.4401, 0.4401, 0.4401, 0.4401, 0.5041, 0.5041, 0.5041, 0.5041, 0.5041, 0.5041, 0.5041, 0.5041, 0.5041, 0.5041, 0.5693, 0.5693, 0.5693, 0.5693, 0.5693, 0.5693, 0.5693, 0.5693, 0.5693, 0.5693, 0.6176, 0.6176, 0.6176, 0.6176, 0.6176, 0.6176, 0.6176, 0.6176, 0.6176, 0.6176, 0.5956, 0.5956, 0.5956, 0.5956, 0.5956, 0.5956, 0.5956, 0.5956, 0.5956, 0.5956, 0.4807, 0.4807, 0.4807, 0.4807, 0.4807, 0.4807, 0.4807, 0.4807, 0.4807, 0.4807, 0.3436, 0.3436, 0.3436, 0.3436, 0.3436, 0.3436, 0.3436, 0.3436, 0.3436, 0.3436, 0.3667, 0.3667, 0.3667, 0.3667, 0.3667, 0.3667, 0.3667, 0.3667, 0.3667, 0.3667, 0.4826, 0.4826, 0.4826, 0.4826, 0.4826, 0.4826, 0.4826, 0.4826, 0.4826, 0.4826, 0.5227, 0.5227, 0.5227, 0.5227, 0.5227, 0.5227, 0.5227, 0.5227, 0.5227, 0.5227, 0.3865, 0.3865, 0.3865, 0.3865, 0.3865, 0.3865, 0.3865, 0.3865, 0.3865, 0.3865, 0.6167, 0.6167, 0.6167, 0.6167, 0.6167, 0.6167, 0.6167, 0.6167, 0.6167, 0.6167, 0.4926, 0.4926, 0.4926, 0.4926, 0.4926, 0.4926, 0.4926, 0.4926, 0.4926, 0.4926, 0.5933, 0.5933, 0.5933, 0.5933, 0.5933, 0.5933, 0.5933, 0.5933, 0.5933, 0.5933, 0.4447, 0.4447, 0.4447, 0.4447, 0.4447, 0.4447, 0.4447, 0.4447, 0.4447, 0.4447, 0.4314, 0.4314, 0.4314, 0.4314, 0.4314, 0.4314, 0.4314, 0.4314, 0.4314, 0.4314, 0.4061, 0.4061, 0.4061, 0.4061, 0.4061, 0.4061, 0.4061, 0.4061, 0.4061, 0.4061, 0.2447, 0.2447, 0.2447, 0.2447, 0.2447, 0.2447, 0.2447, 0.2447, 0.2447, 0.2447, 0.5163, 0.5163, 0.5163, 0.5163, 0.5163, 0.5163, 0.5163, 0.5163, 0.5163, 0.5163, 0.4896, 0.4896, 0.4896, 0.4896, 0.4896, 0.4896, 0.4896, 0.4896, 0.4896, 0.4896, 0.5554, 0.5554, 0.5554, 0.5554, 0.5554, 0.5554, 0.5554, 0.5554, 0.5554, 0.5554, 0.4611, 0.4611, 0.4611, 0.4611, 0.4611, 0.4611, 0.4611, 0.4611, 0.4611, 0.4611, 0.6115, 0.6115, 0.6115, 0.6115, 0.6115, 0.6115, 0.6115, 0.6115, 0.6115, 0.6115, 0.5721, 0.5721, 0.5721, 0.5721, 0.5721, 0.5721, 0.5721, 0.5721, 0.5721, 0.5721, 0.6952, 0.6952, 0.6952, 0.6952, 0.6952, 0.6952, 0.6952, 0.6952, 0.6952, 0.6952, 0.5138, 0.5138, 0.5138, 0.5138, 0.5138, 0.5138, 0.5138, 0.5138, 0.5138, 0.5138, 0.536, 0.536, 0.536, 0.536, 0.536, 0.536, 0.536, 0.536, 0.536, 0.536, 0.489, 0.489, 0.489, 0.489, 0.489, 0.489, 0.489, 0.489, 0.489, 0.489, 0.5654, 0.5654, 0.5654, 0.5654, 0.5654, 0.5654, 0.5654, 0.5654, 0.5654, 0.5654, 0.3931, 0.3931, 0.3931, 0.3931, 0.3931, 0.3931, 0.3931, 0.3931, 0.3931, 0.3931, 0.3236, 0.3236, 0.3236, 0.3236, 0.3236, 0.3236, 0.3236, 0.3236, 0.3236, 0.3236, 0.4108, 0.4108, 0.4108, 0.4108, 0.4108, 0.4108, 0.4108, 0.4108, 0.4108, 0.4108, 0.3919, 0.3919, 0.3919, 0.3919, 0.3919, 0.3919, 0.3919, 0.3919, 0.3919, 0.3919, 0.7029, 0.7029, 0.7029, 0.7029, 0.7029, 0.7029, 0.7029, 0.7029, 0.7029, 0.7029, 0.597, 0.597, 0.597, 0.597, 0.597, 0.597, 0.597, 0.597, 0.597, 0.597, 0.7132, 0.7132, 0.7132, 0.7132, 0.7132, 0.7132, 0.7132, 0.7132, 0.7132, 0.7132, 0.4307, 0.4307, 0.4307, 0.4307, 0.4307, 0.4307, 0.4307, 0.4307, 0.4307, 0.4307, 0.3926, 0.3926, 0.3926, 0.3926, 0.3926, 0.3926, 0.3926, 0.3926, 0.3926, 0.3926, 0.475, 0.475, 0.475, 0.475, 0.475, 0.475, 0.475, 0.475, 0.475, 0.475, 0.5081, 0.5081, 0.5081, 0.5081, 0.5081, 0.5081, 0.5081, 0.5081, 0.5081, 0.5081, 0.441, 0.441, 0.441, 0.441, 0.441, 0.441, 0.441, 0.441, 0.441, 0.441, 0.3402, 0.3402, 0.3402, 0.3402, 0.3402, 0.3402, 0.3402, 0.3402, 0.3402, 0.3402, 0.4083, 0.4083, 0.4083, 0.4083, 0.4083, 0.4083, 0.4083, 0.4083, 0.4083, 0.4083, 0.4385, 0.4385, 0.4385, 0.4385, 0.4385, 0.4385, 0.4385, 0.4385, 0.4385, 0.4385, 0.5688, 0.5688, 0.5688, 0.5688, 0.5688, 0.5688, 0.5688, 0.5688, 0.5688, 0.5688, 0.4868, 0.4868, 0.4868, 0.4868, 0.4868, 0.4868, 0.4868, 0.4868, 0.4868, 0.4868, 0.4377, 0.4377, 0.4377, 0.4377, 0.4377, 0.4377, 0.4377, 0.4377, 0.4377, 0.4377, 0.4454, 0.4454, 0.4454, 0.4454, 0.4454, 0.4454, 0.4454, 0.4454, 0.4454, 0.4454, 0.572, 0.572, 0.572, 0.572, 0.572, 0.572, 0.572, 0.572, 0.572, 0.572, 0.3642, 0.3642, 0.3642, 0.3642, 0.3642, 0.3642, 0.3642, 0.3642, 0.3642, 0.3642, 0.4411, 0.4411, 0.4411, 0.4411, 0.4411, 0.4411, 0.4411, 0.4411, 0.4411, 0.4411, 0.4343, 0.4343, 0.4343, 0.4343, 0.4343, 0.4343, 0.4343, 0.4343, 0.4343, 0.4343, 0.6456, 0.6456, 0.6456, 0.6456, 0.6456, 0.6456, 0.6456, 0.6456, 0.6456, 0.6456, 0.3943, 0.3943, 0.3943, 0.3943, 0.3943, 0.3943, 0.3943, 0.3943, 0.3943, 0.3943, 0.3936, 0.3936, 0.3936, 0.3936, 0.3936, 0.3936, 0.3936, 0.3936, 0.3936, 0.3936, 0.4461, 0.4461, 0.4461, 0.4461, 0.4461, 0.4461, 0.4461, 0.4461, 0.4461, 0.4461, 0.4598, 0.4598, 0.4598, 0.4598, 0.4598, 0.4598, 0.4598, 0.4598, 0.4598, 0.4598, 0.572, 0.572, 0.572, 0.572, 0.572, 0.572, 0.572, 0.572, 0.572, 0.572, 0.4068, 0.4068, 0.4068, 0.4068, 0.4068, 0.4068, 0.4068, 0.4068, 0.4068, 0.4068, 0.4266, 0.4266, 0.4266, 0.4266, 0.4266, 0.4266, 0.4266, 0.4266, 0.4266, 0.4266, 0.4234, 0.4234, 0.4234, 0.4234, 0.4234, 0.4234, 0.4234, 0.4234, 0.4234, 0.4234, 0.6912, 0.6912, 0.6912, 0.6912, 0.6912, 0.6912, 0.6912, 0.6912, 0.6912, 0.6912, 0.5656, 0.5656, 0.5656, 0.5656, 0.5656, 0.5656, 0.5656, 0.5656, 0.5656, 0.5656, 0.3719, 0.3719, 0.3719, 0.3719, 0.3719, 0.3719, 0.3719, 0.3719, 0.3719, 0.3719, 0.4717, 0.4717, 0.4717, 0.4717, 0.4717, 0.4717, 0.4717, 0.4717, 0.4717, 0.4717, 0.5509, 0.5509, 0.5509, 0.5509, 0.5509, 0.5509, 0.5509, 0.5509, 0.5509, 0.5509, 0.5446, 0.5446, 0.5446, 0.5446, 0.5446, 0.5446, 0.5446, 0.5446, 0.5446, 0.5446, 0.4702, 0.4702, 0.4702, 0.4702, 0.4702, 0.4702, 0.4702, 0.4702, 0.4702, 0.4702, 0.6464, 0.6464, 0.6464, 0.6464, 0.6464, 0.6464, 0.6464, 0.6464, 0.6464, 0.6464, 0.3847, 0.3847, 0.3847, 0.3847, 0.3847, 0.3847, 0.3847, 0.3847, 0.3847, 0.3847, 0.4276, 0.4276, 0.4276, 0.4276, 0.4276, 0.4276, 0.4276, 0.4276, 0.4276, 0.4276, 0.5197, 0.5197, 0.5197, 0.5197, 0.5197, 0.5197, 0.5197, 0.5197, 0.5197, 0.5197, 0.4797, 0.4797, 0.4797, 0.4797, 0.4797, 0.4797, 0.4797, 0.4797, 0.4797, 0.4797, 0.5182, 0.5182, 0.5182, 0.5182, 0.5182, 0.5182, 0.5182, 0.5182, 0.5182, 0.5182, 0.3624, 0.3624, 0.3624, 0.3624, 0.3624, 0.3624, 0.3624, 0.3624, 0.3624, 0.3624, 0.435, 0.435, 0.435, 0.435, 0.435, 0.435, 0.435, 0.435, 0.435, 0.435, 0.4455, 0.4455, 0.4455, 0.4455, 0.4455, 0.4455, 0.4455, 0.4455, 0.4455, 0.4455, 0.338, 0.338, 0.338, 0.338, 0.338, 0.338, 0.338, 0.338, 0.338, 0.338, 0.4586, 0.4586, 0.4586, 0.4586, 0.4586, 0.4586, 0.4586, 0.4586, 0.4586, 0.4586, 0.4533, 0.4533, 0.4533, 0.4533, 0.4533, 0.4533, 0.4533, 0.4533, 0.4533, 0.4533, 0.5263, 0.5263, 0.5263, 0.5263, 0.5263, 0.5263, 0.5263, 0.5263, 0.5263, 0.5263, 0.4727, 0.4727, 0.4727, 0.4727, 0.4727, 0.4727, 0.4727, 0.4727, 0.4727, 0.4727, 0.6125, 0.6125, 0.6125, 0.6125, 0.6125, 0.6125, 0.6125, 0.6125, 0.6125, 0.6125, 0.5567, 0.5567, 0.5567, 0.5567, 0.5567, 0.5567, 0.5567, 0.5567, 0.5567, 0.5567, 0.6581, 0.6581, 0.6581, 0.6581, 0.6581, 0.6581, 0.6581, 0.6581, 0.6581, 0.6581, 0.502, 0.502, 0.502, 0.502, 0.502, 0.502, 0.502, 0.502, 0.502, 0.502, 0.609, 0.609, 0.609, 0.609, 0.609, 0.609, 0.609, 0.609, 0.609, 0.609, 0.6072, 0.6072, 0.6072, 0.6072, 0.6072, 0.6072, 0.6072, 0.6072, 0.6072, 0.6072, 0.7356, 0.7356, 0.7356, 0.7356, 0.7356, 0.7356, 0.7356, 0.7356, 0.7356, 0.7356, 0.6465, 0.6465, 0.6465, 0.6465, 0.6465, 0.6465, 0.6465, 0.6465, 0.6465, 0.6465, 0.6168, 0.6168, 0.6168, 0.6168, 0.6168, 0.6168, 0.6168, 0.6168, 0.6168, 0.6168, 0.8454, 0.8454, 0.8454, 0.8454, 0.8454, 0.8454, 0.8454, 0.8454, 0.8454, 0.8454, 0.7328, 0.7328, 0.7328, 0.7328, 0.7328, 0.7328, 0.7328, 0.7328, 0.7328, 0.7328, 0.5513, 0.5513, 0.5513, 0.5513, 0.5513, 0.5513, 0.5513, 0.5513, 0.5513, 0.5513, 0.9428, 0.9428, 0.9428, 0.9428, 0.9428, 0.9428, 0.9428, 0.9428, 0.9428, 0.9428, 0.6641, 0.6641, 0.6641, 0.6641, 0.6641, 0.6641, 0.6641, 0.6641, 0.6641, 0.6641, 0.7837, 0.7837, 0.7837, 0.7837, 0.7837, 0.7837, 0.7837, 0.7837, 0.7837, 0.7837, 0.8675, 0.8675, 0.8675, 0.8675, 0.8675, 0.8675, 0.8675, 0.8675, 0.8675, 0.8675, 0.7197, 0.7197, 0.7197, 0.7197, 0.7197, 0.7197, 0.7197, 0.7197, 0.7197, 0.7197, 0.662, 0.662, 0.662, 0.662, 0.662, 0.662, 0.662, 0.662, 0.662, 0.662, 0.8532, 0.8532, 0.8532, 0.8532, 0.8532, 0.8532, 0.8532, 0.8532, 0.8532, 0.8532, 0.8961, 0.8961, 0.8961, 0.8961, 0.8961, 0.8961, 0.8961, 0.8961, 0.8961, 0.8961, 0.8319, 0.8319, 0.8319, 0.8319, 0.8319, 0.8319, 0.8319, 0.8319, 0.8319, 0.8319, 0.7493, 0.7493, 0.7493, 0.7493, 0.7493, 0.7493, 0.7493, 0.7493, 0.7493, 0.7493, 0.825, 0.825, 0.825, 0.825, 0.825, 0.825, 0.825, 0.825, 0.825, 0.825, 0.803, 0.803, 0.803, 0.803, 0.803, 0.803, 0.803, 0.803, 0.803, 0.803, 0.8554, 0.8554, 0.8554, 0.8554, 0.8554, 0.8554, 0.8554, 0.8554, 0.8554, 0.8554, 0.7294, 0.7294, 0.7294, 0.7294, 0.7294, 0.7294, 0.7294, 0.7294, 0.7294, 0.7294, 0.8453, 0.8453, 0.8453, 0.8453, 0.8453, 0.8453, 0.8453, 0.8453, 0.8453, 0.8453, 0.8755, 0.8755, 0.8755, 0.8755, 0.8755, 0.8755, 0.8755, 0.8755, 0.8755, 0.8755, 0.7449, 0.7449, 0.7449, 0.7449, 0.7449, 0.7449, 0.7449, 0.7449, 0.7449, 0.7449, 1.018, 1.018, 1.018, 1.018, 1.018, 1.018, 1.018, 1.018, 1.018, 1.018, 0.7691, 0.7691, 0.7691, 0.7691, 0.7691, 0.7691, 0.7691, 0.7691, 0.7691, 0.7691, 0.7579, 0.7579, 0.7579, 0.7579, 0.7579, 0.7579, 0.7579, 0.7579, 0.7579, 0.7579, 0.7511, 0.7511, 0.7511, 0.7511, 0.7511, 0.7511, 0.7511, 0.7511, 0.7511, 0.7511, 0.826, 0.826, 0.826, 0.826, 0.826, 0.826, 0.826, 0.826, 0.826, 0.826, 0.7825, 0.7825, 0.7825, 0.7825, 0.7825, 0.7825, 0.7825, 0.7825, 0.7825, 0.7825, 0.815, 0.815, 0.815, 0.815, 0.815, 0.815, 0.815, 0.815, 0.815, 0.815, 0.7249, 0.7249, 0.7249, 0.7249, 0.7249, 0.7249, 0.7249, 0.7249, 0.7249, 0.7249, 0.9287, 0.9287, 0.9287, 0.9287, 0.9287, 0.9287, 0.9287, 0.9287, 0.9287, 0.9287, 0.9075, 0.9075, 0.9075, 0.9075, 0.9075, 0.9075, 0.9075, 0.9075, 0.9075, 0.9075, 0.7139, 0.7139, 0.7139, 0.7139, 0.7139, 0.7139, 0.7139, 0.7139, 0.7139, 0.7139, 0.5572, 0.5572, 0.5572, 0.5572, 0.5572, 0.5572, 0.5572, 0.5572, 0.5572, 0.5572, 0.7688, 0.7688, 0.7688, 0.7688, 0.7688, 0.7688, 0.7688, 0.7688, 0.7688, 0.7688, 0.8287, 0.8287, 0.8287, 0.8287, 0.8287, 0.8287, 0.8287, 0.8287, 0.8287, 0.8287, 0.8614, 0.8614, 0.8614, 0.8614, 0.8614, 0.8614, 0.8614, 0.8614, 0.8614, 0.8614, 0.8743, 0.8743, 0.8743, 0.8743, 0.8743, 0.8743, 0.8743, 0.8743, 0.8743, 0.8743, 2.4845, 2.4845, 2.4845, 2.4845, 2.4845, 2.4845, 2.4845, 2.4845, 2.4845, 2.4845, 1.6783, 1.6783, 1.6783, 1.6783, 1.6783, 1.6783, 1.6783, 1.6783, 1.6783, 1.6783, 0.8227, 0.8227, 0.8227, 0.8227, 0.8227, 0.8227, 0.8227, 0.8227, 0.8227, 0.8227, 0.8665, 0.8665, 0.8665, 0.8665, 0.8665, 0.8665, 0.8665, 0.8665, 0.8665, 0.8665, 0.9718, 0.9718, 0.9718, 0.9718, 0.9718, 0.9718, 0.9718, 0.9718, 0.9718, 0.9718, 0.7899, 0.7899, 0.7899, 0.7899, 0.7899, 0.7899, 0.7899, 0.7899, 0.7899, 0.7899, 0.7928, 0.7928, 0.7928, 0.7928, 0.7928, 0.7928, 0.7928, 0.7928, 0.7928, 0.7928, 0.8867, 0.8867, 0.8867, 0.8867, 0.8867, 0.8867, 0.8867, 0.8867, 0.8867, 0.8867, 0.8332, 0.8332, 0.8332, 0.8332, 0.8332, 0.8332, 0.8332, 0.8332, 0.8332, 0.8332, 0.7488, 0.7488, 0.7488, 0.7488, 0.7488, 0.7488, 0.7488, 0.7488, 0.7488, 0.7488, 0.6526, 0.6526, 0.6526, 0.6526, 0.6526, 0.6526, 0.6526, 0.6526, 0.6526, 0.6526, 0.8802, 0.8802, 0.8802, 0.8802, 0.8802, 0.8802, 0.8802, 0.8802, 0.8802, 0.8802, 0.9046, 0.9046, 0.9046, 0.9046, 0.9046, 0.9046, 0.9046, 0.9046, 0.9046, 0.9046, 0.8537, 0.8537, 0.8537, 0.8537, 0.8537, 0.8537, 0.8537, 0.8537, 0.8537, 0.8537, 0.7853, 0.7853, 0.7853, 0.7853, 0.7853, 0.7853, 0.7853, 0.7853, 0.7853, 0.7853, 0.6767, 0.6767, 0.6767, 0.6767, 0.6767, 0.6767, 0.6767, 0.6767, 0.6767, 0.6767, 0.7206, 0.7206, 0.7206, 0.7206, 0.7206, 0.7206, 0.7206, 0.7206, 0.7206, 0.7206, 0.8653, 0.8653, 0.8653, 0.8653, 0.8653, 0.8653, 0.8653, 0.8653, 0.8653, 0.8653, 0.8379, 0.8379, 0.8379, 0.8379, 0.8379, 0.8379, 0.8379, 0.8379, 0.8379, 0.8379, 0.7703, 0.7703, 0.7703, 0.7703, 0.7703, 0.7703, 0.7703, 0.7703, 0.7703, 0.7703, 0.8528, 0.8528, 0.8528, 0.8528, 0.8528, 0.8528, 0.8528, 0.8528, 0.8528, 0.8528, 0.7771, 0.7771, 0.7771, 0.7771, 0.7771, 0.7771, 0.7771, 0.7771, 0.7771, 0.7771, 0.8632, 0.8632, 0.8632, 0.8632, 0.8632, 0.8632, 0.8632, 0.8632, 0.8632, 0.8632, 0.5493, 0.5493, 0.5493, 0.5493, 0.5493, 0.5493, 0.5493, 0.5493, 0.5493, 0.5493, 0.6608, 0.6608, 0.6608, 0.6608, 0.6608, 0.6608, 0.6608, 0.6608, 0.6608, 0.6608, 0.4534, 0.4534, 0.4534, 0.4534, 0.4534, 0.4534, 0.4534, 0.4534, 0.4534, 0.4534, 0.4716, 0.4716, 0.4716, 0.4716, 0.4716, 0.4716, 0.4716, 0.4716, 0.4716, 0.4716, 0.7225, 0.7225, 0.7225, 0.7225, 0.7225, 0.7225, 0.7225, 0.7225, 0.7225, 0.7225, 0.5331, 0.5331, 0.5331, 0.5331, 0.5331, 0.5331, 0.5331, 0.5331, 0.5331, 0.5331, 0.644, 0.644, 0.644, 0.644, 0.644, 0.644, 0.644, 0.644, 0.644, 0.644, 0.5161, 0.5161, 0.5161, 0.5161, 0.5161, 0.5161, 0.5161, 0.5161, 0.5161, 0.5161, 0.6196, 0.6196, 0.6196, 0.6196, 0.6196, 0.6196, 0.6196, 0.6196, 0.6196, 0.6196, 0.4484, 0.4484, 0.4484, 0.4484, 0.4484, 0.4484, 0.4484, 0.4484, 0.4484, 0.4484, 0.3404, 0.3404, 0.3404, 0.3404, 0.3404, 0.3404, 0.3404, 0.3404, 0.3404, 0.3404, 0.4495, 0.4495, 0.4495, 0.4495, 0.4495, 0.4495, 0.4495, 0.4495, 0.4495, 0.4495, 0.448, 0.448, 0.448, 0.448, 0.448, 0.448, 0.448, 0.448, 0.448, 0.448, 0.7036, 0.7036, 0.7036, 0.7036, 0.7036, 0.7036, 0.7036, 0.7036, 0.7036, 0.7036, 0.3936, 0.3936, 0.3936, 0.3936, 0.3936, 0.3936, 0.3936, 0.3936, 0.3936, 0.3936, 0.5251, 0.5251, 0.5251, 0.5251, 0.5251, 0.5251, 0.5251, 0.5251, 0.5251, 0.5251, 0.4835, 0.4835, 0.4835, 0.4835, 0.4835, 0.4835, 0.4835, 0.4835, 0.4835, 0.4835, 0.7583, 0.7583, 0.7583, 0.7583, 0.7583, 0.7583, 0.7583, 0.7583, 0.7583, 0.7583, 0.5766, 0.5766, 0.5766, 0.5766, 0.5766, 0.5766, 0.5766, 0.5766, 0.5766, 0.5766, 0.4466, 0.4466, 0.4466, 0.4466, 0.4466, 0.4466, 0.4466, 0.4466, 0.4466, 0.4466, 0.6031, 0.6031, 0.6031, 0.6031, 0.6031, 0.6031, 0.6031, 0.6031, 0.6031, 0.6031, 0.4083, 0.4083, 0.4083, 0.4083, 0.4083, 0.4083, 0.4083, 0.4083, 0.4083, 0.4083, 0.5977, 0.5977, 0.5977, 0.5977, 0.5977, 0.5977, 0.5977, 0.5977, 0.5977, 0.5977, 0.5901, 0.5901, 0.5901, 0.5901, 0.5901, 0.5901, 0.5901, 0.5901, 0.5901, 0.5901, 0.689, 0.689, 0.689, 0.689, 0.689, 0.689, 0.689, 0.689, 0.689, 0.689, 0.7044, 0.7044, 0.7044, 0.7044, 0.7044, 0.7044, 0.7044, 0.7044, 0.7044, 0.7044, 0.6214, 0.6214, 0.6214, 0.6214, 0.6214, 0.6214, 0.6214, 0.6214, 0.6214, 0.6214, 0.7844, 0.7844, 0.7844, 0.7844, 0.7844, 0.7844, 0.7844, 0.7844, 0.7844, 0.7844, 0.682, 0.682, 0.682, 0.682, 0.682, 0.682, 0.682, 0.682, 0.682, 0.682, 0.668, 0.668, 0.668, 0.668, 0.668, 0.668, 0.668, 0.668, 0.668, 0.668, 0.7112, 0.7112, 0.7112, 0.7112, 0.7112, 0.7112, 0.7112, 0.7112, 0.7112, 0.7112, 0.6439, 0.6439, 0.6439, 0.6439, 0.6439, 0.6439, 0.6439, 0.6439, 0.6439, 0.6439, 0.5065, 0.5065, 0.5065, 0.5065, 0.5065, 0.5065, 0.5065, 0.5065, 0.5065, 0.5065, 0.6821, 0.6821, 0.6821, 0.6821, 0.6821, 0.6821, 0.6821, 0.6821, 0.6821, 0.6821, 0.6084, 0.6084, 0.6084, 0.6084, 0.6084, 0.6084, 0.6084, 0.6084, 0.6084, 0.6084, 0.5802, 0.5802, 0.5802, 0.5802, 0.5802, 0.5802, 0.5802, 0.5802, 0.5802, 0.5802, 0.4773, 0.4773, 0.4773, 0.4773, 0.4773, 0.4773, 0.4773, 0.4773, 0.4773, 0.4773, 0.6945, 0.6945, 0.6945, 0.6945, 0.6945, 0.6945, 0.6945, 0.6945, 0.6945, 0.6945, 0.6443, 0.6443, 0.6443, 0.6443, 0.6443, 0.6443, 0.6443, 0.6443, 0.6443, 0.6443, 0.4649, 0.4649, 0.4649, 0.4649, 0.4649, 0.4649, 0.4649, 0.4649, 0.4649, 0.4649, 0.508, 0.508, 0.508, 0.508, 0.508, 0.508, 0.508, 0.508, 0.508, 0.508, 0.5695, 0.5695, 0.5695, 0.5695, 0.5695, 0.5695, 0.5695, 0.5695, 0.5695, 0.5695, 0.4983, 0.4983, 0.4983, 0.4983, 0.4983, 0.4983, 0.4983, 0.4983, 0.4983, 0.4983, 0.3353, 0.3353, 0.3353, 0.3353, 0.3353, 0.3353, 0.3353, 0.3353, 0.3353, 0.3353, 0.6163, 0.6163, 0.6163, 0.6163, 0.6163, 0.6163, 0.6163, 0.6163, 0.6163, 0.6163, 0.3641, 0.3641, 0.3641, 0.3641, 0.3641, 0.3641, 0.3641, 0.3641, 0.3641, 0.3641, 0.8215, 0.8215, 0.8215, 0.8215, 0.8215, 0.8215, 0.8215, 0.8215, 0.8215, 0.8215, 0.2784, 0.2784, 0.2784, 0.2784, 0.2784, 0.2784, 0.2784, 0.2784, 0.2784, 0.2784, 0.5905, 0.5905, 0.5905, 0.5905, 0.5905, 0.5905, 0.5905, 0.5905, 0.5905, 0.5905, 0.4387, 0.4387, 0.4387, 0.4387, 0.4387, 0.4387, 0.4387, 0.4387, 0.4387, 0.4387, 0.3431, 0.3431, 0.3431, 0.3431, 0.3431, 0.3431, 0.3431, 0.3431, 0.3431, 0.3431, 0.3452, 0.3452, 0.3452, 0.3452, 0.3452, 0.3452, 0.3452, 0.3452, 0.3452, 0.3452, 0.6858, 0.6858, 0.6858, 0.6858, 0.6858, 0.6858, 0.6858, 0.6858, 0.6858, 0.6858, 0.4427, 0.4427, 0.4427, 0.4427, 0.4427, 0.4427, 0.4427, 0.4427, 0.4427, 0.4427, 0.3689, 0.3689, 0.3689, 0.3689, 0.3689, 0.3689, 0.3689, 0.3689, 0.3689, 0.3689, 0.352, 0.352, 0.352, 0.352, 0.352, 0.352, 0.352, 0.352, 0.352, 0.352, 0.5907, 0.5907, 0.5907, 0.5907, 0.5907, 0.5907, 0.5907, 0.5907, 0.5907, 0.5907, 0.3161, 0.3161, 0.3161, 0.3161, 0.3161, 0.3161, 0.3161, 0.3161, 0.3161, 0.3161, 0.5281, 0.5281, 0.5281, 0.5281, 0.5281, 0.5281, 0.5281, 0.5281, 0.5281, 0.5281, 0.4827, 0.4827, 0.4827, 0.4827, 0.4827, 0.4827, 0.4827, 0.4827, 0.4827, 0.4827, 0.5483, 0.5483, 0.5483, 0.5483, 0.5483, 0.5483, 0.5483, 0.5483, 0.5483, 0.5483, 0.7343, 0.7343, 0.7343, 0.7343, 0.7343, 0.7343, 0.7343, 0.7343, 0.7343, 0.7343, 0.4166, 0.4166, 0.4166, 0.4166, 0.4166, 0.4166, 0.4166, 0.4166, 0.4166, 0.4166, 0.6741, 0.6741, 0.6741, 0.6741, 0.6741, 0.6741, 0.6741, 0.6741, 0.6741, 0.6741, 0.5742, 0.5742, 0.5742, 0.5742, 0.5742, 0.5742, 0.5742, 0.5742, 0.5742, 0.5742, 0.7758, 0.7758, 0.7758, 0.7758, 0.7758, 0.7758, 0.7758, 0.7758, 0.7758, 0.7758, 0.6047, 0.6047, 0.6047, 0.6047, 0.6047, 0.6047, 0.6047, 0.6047, 0.6047, 0.6047, 0.6028, 0.6028, 0.6028, 0.6028, 0.6028, 0.6028, 0.6028, 0.6028, 0.6028, 0.6028, 0.6194, 0.6194, 0.6194, 0.6194, 0.6194, 0.6194, 0.6194, 0.6194, 0.6194, 0.6194, 0.6659, 0.6659, 0.6659, 0.6659, 0.6659, 0.6659, 0.6659, 0.6659, 0.6659, 0.6659, 0.5392, 0.5392, 0.5392, 0.5392, 0.5392, 0.5392, 0.5392, 0.5392, 0.5392, 0.5392, 0.5464, 0.5464, 0.5464, 0.5464, 0.5464, 0.5464, 0.5464, 0.5464, 0.5464, 0.5464, 0.6178, 0.6178, 0.6178, 0.6178, 0.6178, 0.6178, 0.6178, 0.6178, 0.6178, 0.6178, 0.4572, 0.4572, 0.4572, 0.4572, 0.4572, 0.4572, 0.4572, 0.4572, 0.4572, 0.4572, 0.5857, 0.5857, 0.5857, 0.5857, 0.5857, 0.5857, 0.5857, 0.5857, 0.5857, 0.5857, 0.437, 0.437, 0.437, 0.437, 0.437, 0.437, 0.437, 0.437, 0.437, 0.437, 0.4924, 0.4924, 0.4924, 0.4924, 0.4924, 0.4924, 0.4924, 0.4924, 0.4924, 0.4924, 0.5712, 0.5712, 0.5712, 0.5712, 0.5712, 0.5712, 0.5712, 0.5712, 0.5712, 0.5712, 0.5134, 0.5134, 0.5134, 0.5134, 0.5134, 0.5134, 0.5134, 0.5134, 0.5134, 0.5134, 0.7639, 0.7639, 0.7639, 0.7639, 0.7639, 0.7639, 0.7639, 0.7639, 0.7639, 0.7639, 0.6735, 0.6735, 0.6735, 0.6735, 0.6735, 0.6735, 0.6735, 0.6735, 0.6735, 0.6735, 0.4204, 0.4204, 0.4204, 0.4204, 0.4204, 0.4204, 0.4204, 0.4204, 0.4204, 0.4204, 0.5223, 0.5223, 0.5223, 0.5223, 0.5223, 0.5223, 0.5223, 0.5223, 0.5223, 0.5223, 0.5116, 0.5116, 0.5116, 0.5116, 0.5116, 0.5116, 0.5116, 0.5116, 0.5116, 0.5116, 0.5181, 0.5181, 0.5181, 0.5181, 0.5181, 0.5181, 0.5181, 0.5181, 0.5181, 0.5181, 0.7551, 0.7551, 0.7551, 0.7551, 0.7551, 0.7551, 0.7551, 0.7551, 0.7551, 0.7551, 0.5478, 0.5478, 0.5478, 0.5478, 0.5478, 0.5478, 0.5478, 0.5478, 0.5478, 0.5478, 0.6497, 0.6497, 0.6497, 0.6497, 0.6497, 0.6497, 0.6497, 0.6497, 0.6497, 0.6497, 0.5277, 0.5277, 0.5277, 0.5277, 0.5277, 0.5277, 0.5277, 0.5277, 0.5277, 0.5277, 0.7744, 0.7744, 0.7744, 0.7744, 0.7744, 0.7744, 0.7744, 0.7744, 0.7744, 0.7744, 0.465, 0.465, 0.465, 0.465, 0.465, 0.465, 0.465, 0.465, 0.465, 0.465, 0.6143, 0.6143, 0.6143, 0.6143, 0.6143, 0.6143, 0.6143, 0.6143, 0.6143, 0.6143, 0.6112, 0.6112, 0.6112, 0.6112, 0.6112, 0.6112, 0.6112, 0.6112, 0.6112, 0.6112, 0.6916, 0.6916, 0.6916, 0.6916, 0.6916, 0.6916, 0.6916, 0.6916, 0.6916, 0.6916, 0.5909, 0.5909, 0.5909, 0.5909, 0.5909, 0.5909, 0.5909, 0.5909, 0.5909, 0.5909, 0.5658, 0.5658, 0.5658, 0.5658, 0.5658, 0.5658, 0.5658, 0.5658, 0.5658, 0.5658, 0.7533, 0.7533, 0.7533, 0.7533, 0.7533, 0.7533, 0.7533, 0.7533, 0.7533, 0.7533, 0.3772, 0.3772, 0.3772, 0.3772, 0.3772, 0.3772, 0.3772, 0.3772, 0.3772, 0.3772, 0.5386, 0.5386, 0.5386, 0.5386, 0.5386, 0.5386, 0.5386, 0.5386, 0.5386, 0.5386, 0.5961, 0.5961, 0.5961, 0.5961, 0.5961, 0.5961, 0.5961, 0.5961, 0.5961, 0.5961, 0.4806, 0.4806, 0.4806, 0.4806, 0.4806, 0.4806, 0.4806, 0.4806, 0.4806, 0.4806, 0.6614, 0.6614, 0.6614, 0.6614, 0.6614, 0.6614, 0.6614, 0.6614, 0.6614, 0.6614, 0.5774, 0.5774, 0.5774, 0.5774, 0.5774, 0.5774, 0.5774, 0.5774, 0.5774, 0.5774, 0.626, 0.626, 0.626, 0.626, 0.626, 0.626, 0.626, 0.626, 0.626, 0.626, 0.8315, 0.8315, 0.8315, 0.8315, 0.8315, 0.8315, 0.8315, 0.8315, 0.8315, 0.8315, 0.6082, 0.6082, 0.6082, 0.6082, 0.6082, 0.6082, 0.6082, 0.6082, 0.6082, 0.6082, 0.5633, 0.5633, 0.5633, 0.5633, 0.5633, 0.5633, 0.5633, 0.5633, 0.5633, 0.5633, 0.5202, 0.5202, 0.5202, 0.5202, 0.5202, 0.5202, 0.5202, 0.5202, 0.5202, 0.5202, 0.7183, 0.7183, 0.7183, 0.7183, 0.7183, 0.7183, 0.7183, 0.7183, 0.7183, 0.7183, 0.5441, 0.5441, 0.5441, 0.5441, 0.5441, 0.5441, 0.5441, 0.5441, 0.5441, 0.5441, 0.496, 0.496, 0.496, 0.496, 0.496, 0.496, 0.496, 0.496, 0.496, 0.496, 0.6206, 0.6206, 0.6206, 0.6206, 0.6206, 0.6206, 0.6206, 0.6206, 0.6206, 0.6206, 0.4991, 0.4991, 0.4991, 0.4991, 0.4991, 0.4991, 0.4991, 0.4991, 0.4991, 0.4991, 0.6847, 0.6847, 0.6847, 0.6847, 0.6847, 0.6847, 0.6847, 0.6847, 0.6847, 0.6847, 0.6827, 0.6827, 0.6827, 0.6827, 0.6827, 0.6827, 0.6827, 0.6827, 0.6827, 0.6827, 0.6893, 0.6893, 0.6893, 0.6893, 0.6893, 0.6893, 0.6893, 0.6893, 0.6893, 0.6893, 0.4331, 0.4331, 0.4331, 0.4331, 0.4331, 0.4331, 0.4331, 0.4331, 0.4331, 0.4331, 0.6097, 0.6097, 0.6097, 0.6097, 0.6097, 0.6097, 0.6097, 0.6097, 0.6097, 0.6097, 0.5642, 0.5642, 0.5642, 0.5642, 0.5642, 0.5642, 0.5642, 0.5642, 0.5642, 0.5642, 0.6603, 0.6603, 0.6603, 0.6603, 0.6603, 0.6603, 0.6603, 0.6603, 0.6603, 0.6603, 0.6015, 0.6015, 0.6015, 0.6015, 0.6015, 0.6015, 0.6015, 0.6015, 0.6015, 0.6015, 0.4577, 0.4577, 0.4577, 0.4577, 0.4577, 0.4577, 0.4577, 0.4577, 0.4577, 0.4577, 0.5844, 0.5844, 0.5844, 0.5844, 0.5844, 0.5844, 0.5844, 0.5844, 0.5844, 0.5844, 0.4104, 0.4104, 0.4104, 0.4104, 0.4104, 0.4104, 0.4104, 0.4104, 0.4104, 0.4104, 0.5718, 0.5718, 0.5718, 0.5718, 0.5718, 0.5718, 0.5718, 0.5718, 0.5718, 0.5718, 0.4195, 0.4195, 0.4195, 0.4195, 0.4195, 0.4195, 0.4195, 0.4195, 0.4195, 0.4195, 0.5013, 0.5013, 0.5013, 0.5013, 0.5013, 0.5013, 0.5013, 0.5013, 0.5013, 0.5013, 0.3321, 0.3321, 0.3321, 0.3321, 0.3321, 0.3321, 0.3321, 0.3321, 0.3321, 0.3321, 0.6324, 0.6324, 0.6324, 0.6324, 0.6324, 0.6324, 0.6324, 0.6324, 0.6324, 0.6324, 0.7805, 0.7805, 0.7805, 0.7805, 0.7805, 0.7805, 0.7805, 0.7805, 0.7805, 0.7805, 0.4681, 0.4681, 0.4681, 0.4681, 0.4681, 0.4681, 0.4681, 0.4681, 0.4681, 0.4681, 0.3143, 0.3143, 0.3143, 0.3143, 0.3143, 0.3143, 0.3143, 0.3143, 0.3143, 0.3143, 0.6181, 0.6181, 0.6181, 0.6181, 0.6181, 0.6181, 0.6181, 0.6181, 0.6181, 0.6181, 0.4902, 0.4902, 0.4902, 0.4902, 0.4902, 0.4902, 0.4902, 0.4902, 0.4902, 0.4902, 0.3142, 0.3142, 0.3142, 0.3142, 0.3142, 0.3142, 0.3142, 0.3142, 0.3142, 0.3142, 0.495, 0.495, 0.495, 0.495, 0.495, 0.495, 0.495, 0.495, 0.495, 0.495, 0.5649, 0.5649, 0.5649, 0.5649, 0.5649, 0.5649, 0.5649, 0.5649, 0.5649, 0.5649, 0.5927, 0.5927, 0.5927, 0.5927, 0.5927, 0.5927, 0.5927, 0.5927, 0.5927, 0.5927, 0.4411, 0.4411, 0.4411, 0.4411, 0.4411, 0.4411, 0.4411, 0.4411, 0.4411, 0.4411, 0.4815, 0.4815, 0.4815, 0.4815, 0.4815, 0.4815, 0.4815, 0.4815, 0.4815, 0.4815, 0.2651, 0.2651, 0.2651, 0.2651, 0.2651, 0.2651, 0.2651, 0.2651, 0.2651, 0.2651, 0.2547, 0.2547, 0.2547, 0.2547, 0.2547, 0.2547, 0.2547, 0.2547, 0.2547, 0.2547, 0.3798, 0.3798, 0.3798, 0.3798, 0.3798, 0.3798, 0.3798, 0.3798, 0.3798, 0.3798, 0.4046, 0.4046, 0.4046, 0.4046, 0.4046, 0.4046, 0.4046, 0.4046, 0.4046, 0.4046, 0.4464, 0.4464, 0.4464, 0.4464, 0.4464, 0.4464, 0.4464, 0.4464, 0.4464, 0.4464, 1.1393, 1.1393, 1.1393, 1.1393, 1.1393, 1.1393, 1.1393, 1.1393, 1.1393, 1.1393, 1.1734, 1.1734, 1.1734, 1.1734, 1.1734, 1.1734, 1.1734, 1.1734, 1.1734, 1.1734, 0.4899, 0.4899, 0.4899, 0.4899, 0.4899, 0.4899, 0.4899, 0.4899, 0.4899, 0.4899, 0.9312, 0.9312, 0.9312, 0.9312, 0.9312, 0.9312, 0.9312, 0.9312, 0.9312, 0.9312, 0.3205, 0.3205, 0.3205, 0.3205, 0.3205, 0.3205, 0.3205, 0.3205, 0.3205, 0.3205, 0.4729, 0.4729, 0.4729, 0.4729, 0.4729, 0.4729, 0.4729, 0.4729, 0.4729, 0.4729, 0.5196, 0.5196, 0.5196, 0.5196, 0.5196, 0.5196, 0.5196, 0.5196, 0.5196, 0.5196, 0.5149, 0.5149, 0.5149, 0.5149, 0.5149, 0.5149, 0.5149, 0.5149, 0.5149, 0.5149, 0.4577, 0.4577, 0.4577, 0.4577, 0.4577, 0.4577, 0.4577, 0.4577, 0.4577, 0.4577, 0.6714, 0.6714, 0.6714, 0.6714, 0.6714, 0.6714, 0.6714, 0.6714, 0.6714, 0.6714, 0.5191, 0.5191, 0.5191, 0.5191, 0.5191, 0.5191, 0.5191, 0.5191, 0.5191, 0.5191, 0.5096, 0.5096, 0.5096, 0.5096, 0.5096, 0.5096, 0.5096, 0.5096, 0.5096, 0.5096, 0.347, 0.347, 0.347, 0.347, 0.347, 0.347, 0.347, 0.347, 0.347, 0.347, 0.7346, 0.7346, 0.7346, 0.7346, 0.7346, 0.7346, 0.7346, 0.7346, 0.7346, 0.7346, 0.5616, 0.5616, 0.5616, 0.5616, 0.5616, 0.5616, 0.5616, 0.5616, 0.5616, 0.5616, 0.6598, 0.6598, 0.6598, 0.6598, 0.6598, 0.6598, 0.6598, 0.6598, 0.6598, 0.6598, 0.5445, 0.5445, 0.5445, 0.5445, 0.5445, 0.5445, 0.5445, 0.5445, 0.5445, 0.5445, 0.7381, 0.7381, 0.7381, 0.7381, 0.7381, 0.7381, 0.7381, 0.7381, 0.7381, 0.7381, 0.4886, 0.4886, 0.4886, 0.4886, 0.4886, 0.4886, 0.4886, 0.4886, 0.4886, 0.4886, 0.7097, 0.7097, 0.7097, 0.7097, 0.7097, 0.7097, 0.7097, 0.7097, 0.7097, 0.7097, 0.6998, 0.6998, 0.6998, 0.6998, 0.6998, 0.6998, 0.6998, 0.6998, 0.6998, 0.6998, 0.5562, 0.5562, 0.5562, 0.5562, 0.5562, 0.5562, 0.5562, 0.5562, 0.5562, 0.5562, 0.4434, 0.4434, 0.4434, 0.4434, 0.4434, 0.4434, 0.4434, 0.4434, 0.4434, 0.4434, 0.5673, 0.5673, 0.5673, 0.5673, 0.5673, 0.5673, 0.5673, 0.5673, 0.5673, 0.5673, 0.5657, 0.5657, 0.5657, 0.5657, 0.5657, 0.5657, 0.5657, 0.5657, 0.5657, 0.5657, 0.524, 0.524, 0.524, 0.524, 0.524, 0.524, 0.524, 0.524, 0.524, 0.524, 0.3802, 0.3802, 0.3802, 0.3802, 0.3802, 0.3802, 0.3802, 0.3802, 0.3802, 0.3802, 0.5752, 0.5752, 0.5752, 0.5752, 0.5752, 0.5752, 0.5752, 0.5752, 0.5752, 0.5752, 0.3338, 0.3338, 0.3338, 0.3338, 0.3338, 0.3338, 0.3338, 0.3338, 0.3338, 0.3338, 0.7009, 0.7009, 0.7009, 0.7009, 0.7009, 0.7009, 0.7009, 0.7009, 0.7009, 0.7009, 0.3398, 0.3398, 0.3398, 0.3398, 0.3398, 0.3398, 0.3398, 0.3398, 0.3398, 0.3398, 0.5724, 0.5724, 0.5724, 0.5724, 0.5724, 0.5724, 0.5724, 0.5724, 0.5724, 0.5724, 0.5665, 0.5665, 0.5665, 0.5665, 0.5665, 0.5665, 0.5665, 0.5665, 0.5665, 0.5665, 0.4629, 0.4629, 0.4629, 0.4629, 0.4629, 0.4629, 0.4629, 0.4629, 0.4629, 0.4629, 0.374, 0.374, 0.374, 0.374, 0.374, 0.374, 0.374, 0.374, 0.374, 0.374, 0.5611, 0.5611, 0.5611, 0.5611, 0.5611, 0.5611, 0.5611, 0.5611, 0.5611, 0.5611, 0.6087, 0.6087, 0.6087, 0.6087, 0.6087, 0.6087, 0.6087, 0.6087, 0.6087, 0.6087, 0.4245, 0.4245, 0.4245, 0.4245, 0.4245, 0.4245, 0.4245, 0.4245, 0.4245, 0.4245, 0.3915, 0.3915, 0.3915, 0.3915, 0.3915, 0.3915, 0.3915, 0.3915, 0.3915, 0.3915, 0.3673, 0.3673, 0.3673, 0.3673, 0.3673, 0.3673, 0.3673, 0.3673, 0.3673, 0.3673, 0.5626, 0.5626, 0.5626, 0.5626, 0.5626, 0.5626, 0.5626, 0.5626, 0.5626, 0.5626, 0.3766, 0.3766, 0.3766, 0.3766, 0.3766, 0.3766, 0.3766, 0.3766, 0.3766, 0.3766, 0.5326, 0.5326, 0.5326, 0.5326, 0.5326, 0.5326, 0.5326, 0.5326, 0.5326, 0.5326, 0.3701, 0.3701, 0.3701, 0.3701, 0.3701, 0.3701, 0.3701, 0.3701, 0.3701, 0.3701, 0.5988, 0.5988, 0.5988, 0.5988, 0.5988, 0.5988, 0.5988, 0.5988, 0.5988, 0.5988, 0.56, 0.56, 0.56, 0.56, 0.56, 0.56, 0.56, 0.56, 0.56, 0.56, 0.4416, 0.4416, 0.4416, 0.4416, 0.4416, 0.4416, 0.4416, 0.4416, 0.4416, 0.4416, 0.4125, 0.4125, 0.4125, 0.4125, 0.4125, 0.4125, 0.4125, 0.4125, 0.4125, 0.4125, 0.5959, 0.5959, 0.5959, 0.5959, 0.5959, 0.5959, 0.5959, 0.5959, 0.5959, 0.5959, 0.4105, 0.4105, 0.4105, 0.4105, 0.4105, 0.4105, 0.4105, 0.4105, 0.4105, 0.4105, 0.4728, 0.4728, 0.4728, 0.4728, 0.4728, 0.4728, 0.4728, 0.4728, 0.4728, 0.4728, 0.6455, 0.6455, 0.6455, 0.6455, 0.6455, 0.6455, 0.6455, 0.6455, 0.6455, 0.6455, 0.7268, 0.7268, 0.7268, 0.7268, 0.7268, 0.7268, 0.7268, 0.7268, 0.7268, 0.7268, 0.4412, 0.4412, 0.4412, 0.4412, 0.4412, 0.4412, 0.4412, 0.4412, 0.4412, 0.4412, 0.5585, 0.5585, 0.5585, 0.5585, 0.5585, 0.5585, 0.5585, 0.5585, 0.5585, 0.5585, 0.4637, 0.4637, 0.4637, 0.4637, 0.4637, 0.4637, 0.4637, 0.4637, 0.4637, 0.4637, 0.363, 0.363, 0.363, 0.363, 0.363, 0.363, 0.363, 0.363, 0.363, 0.363, 0.4459, 0.4459, 0.4459, 0.4459, 0.4459, 0.4459, 0.4459, 0.4459, 0.4459, 0.4459, 0.6292, 0.6292, 0.6292, 0.6292, 0.6292, 0.6292, 0.6292, 0.6292, 0.6292, 0.6292, 0.3532, 0.3532, 0.3532, 0.3532, 0.3532, 0.3532, 0.3532, 0.3532, 0.3532, 0.3532, 0.677, 0.677, 0.677, 0.677, 0.677, 0.677, 0.677, 0.677, 0.677, 0.677, 0.422, 0.422, 0.422, 0.422, 0.422, 0.422, 0.422, 0.422, 0.422, 0.422, 0.4654, 0.4654, 0.4654, 0.4654, 0.4654, 0.4654, 0.4654, 0.4654, 0.4654, 0.4654, 0.4523, 0.4523, 0.4523, 0.4523, 0.4523, 0.4523, 0.4523, 0.4523, 0.4523, 0.4523, 0.6061, 0.6061, 0.6061, 0.6061, 0.6061, 0.6061, 0.6061, 0.6061, 0.6061, 0.6061, 0.9594, 0.9594, 0.9594, 0.9594, 0.9594, 0.9594, 0.9594, 0.9594, 0.9594, 0.9594, 0.8358, 0.8358, 0.8358, 0.8358, 0.8358, 0.8358, 0.8358, 0.8358, 0.8358, 0.8358, 0.5982, 0.5982, 0.5982, 0.5982, 0.5982, 0.5982, 0.5982, 0.5982, 0.5982, 0.5982, 0.9715, 0.9715, 0.9715, 0.9715, 0.9715, 0.9715, 0.9715, 0.9715, 0.9715, 0.9715, 0.8749, 0.8749, 0.8749, 0.8749, 0.8749, 0.8749, 0.8749, 0.8749, 0.8749, 0.8749, 0.5645, 0.5645, 0.5645, 0.5645, 0.5645, 0.5645, 0.5645, 0.5645, 0.5645, 0.5645, 0.6111, 0.6111, 0.6111, 0.6111, 0.6111, 0.6111, 0.6111, 0.6111, 0.6111, 0.6111, 0.3594, 0.3594, 0.3594, 0.3594, 0.3594, 0.3594, 0.3594, 0.3594, 0.3594, 0.3594, 0.5906, 0.5906, 0.5906, 0.5906, 0.5906, 0.5906, 0.5906, 0.5906, 0.5906, 0.5906, 0.5466, 0.5466, 0.5466, 0.5466, 0.5466, 0.5466, 0.5466, 0.5466, 0.5466, 0.5466, 0.4288, 0.4288, 0.4288, 0.4288, 0.4288, 0.4288, 0.4288, 0.4288, 0.4288, 0.4288, 0.2995, 0.2995, 0.2995, 0.2995, 0.2995, 0.2995, 0.2995, 0.2995, 0.2995, 0.2995, 0.4534, 0.4534, 0.4534, 0.4534, 0.4534, 0.4534, 0.4534, 0.4534, 0.4534, 0.4534, 0.4085, 0.4085, 0.4085, 0.4085, 0.4085, 0.4085, 0.4085, 0.4085, 0.4085, 0.4085, 0.4425, 0.4425, 0.4425, 0.4425, 0.4425, 0.4425, 0.4425, 0.4425, 0.4425, 0.4425, 0.4389, 0.4389, 0.4389, 0.4389, 0.4389, 0.4389, 0.4389, 0.4389, 0.4389, 0.4389, 0.5807, 0.5807, 0.5807, 0.5807, 0.5807, 0.5807, 0.5807, 0.5807, 0.5807, 0.5807, 0.4512, 0.4512, 0.4512, 0.4512, 0.4512, 0.4512, 0.4512, 0.4512, 0.4512, 0.4512, 0.361, 0.361, 0.361, 0.361, 0.361, 0.361, 0.361, 0.361, 0.361, 0.361, 0.3883, 0.3883, 0.3883, 0.3883, 0.3883, 0.3883, 0.3883, 0.3883, 0.3883, 0.3883, 0.4712, 0.4712, 0.4712, 0.4712, 0.4712, 0.4712, 0.4712, 0.4712, 0.4712, 0.4712, 0.3817, 0.3817, 0.3817, 0.3817, 0.3817, 0.3817, 0.3817, 0.3817, 0.3817, 0.3817, 0.6204, 0.6204, 0.6204, 0.6204, 0.6204, 0.6204, 0.6204, 0.6204, 0.6204, 0.6204, 0.4021, 0.4021, 0.4021, 0.4021, 0.4021, 0.4021, 0.4021, 0.4021, 0.4021, 0.4021, 0.4013, 0.4013, 0.4013, 0.4013, 0.4013, 0.4013, 0.4013, 0.4013, 0.4013, 0.4013, 0.6166, 0.6166, 0.6166, 0.6166, 0.6166, 0.6166, 0.6166, 0.6166, 0.6166, 0.6166, 0.4119, 0.4119, 0.4119, 0.4119, 0.4119, 0.4119, 0.4119, 0.4119, 0.4119, 0.4119, 0.4111, 0.4111, 0.4111, 0.4111, 0.4111, 0.4111, 0.4111, 0.4111, 0.4111, 0.4111, 0.4322, 0.4322, 0.4322, 0.4322, 0.4322, 0.4322, 0.4322, 0.4322, 0.4322, 0.4322, 0.5792, 0.5792, 0.5792, 0.5792, 0.5792, 0.5792, 0.5792, 0.5792, 0.5792, 0.5792, 0.3458, 0.3458, 0.3458, 0.3458, 0.3458, 0.3458, 0.3458, 0.3458, 0.3458, 0.3458, 0.5455, 0.5455, 0.5455, 0.5455, 0.5455, 0.5455, 0.5455, 0.5455, 0.5455, 0.5455, 0.5147, 0.5147, 0.5147, 0.5147, 0.5147, 0.5147, 0.5147, 0.5147, 0.5147, 0.5147, 0.5312, 0.5312, 0.5312, 0.5312, 0.5312, 0.5312, 0.5312, 0.5312, 0.5312, 0.5312, 0.4969, 0.4969, 0.4969, 0.4969, 0.4969, 0.4969, 0.4969, 0.4969, 0.4969, 0.4969, 0.3249, 0.3249, 0.3249, 0.3249, 0.3249, 0.3249, 0.3249, 0.3249, 0.3249, 0.3249, 0.4825, 0.4825, 0.4825, 0.4825, 0.4825, 0.4825, 0.4825, 0.4825, 0.4825, 0.4825, 0.526, 0.526, 0.526, 0.526, 0.526, 0.526, 0.526, 0.526, 0.526, 0.526, 0.3512, 0.3512, 0.3512, 0.3512, 0.3512, 0.3512, 0.3512, 0.3512, 0.3512, 0.3512, 0.4399, 0.4399, 0.4399, 0.4399, 0.4399, 0.4399, 0.4399, 0.4399, 0.4399, 0.4399, 0.3213, 0.3213, 0.3213, 0.3213, 0.3213, 0.3213, 0.3213, 0.3213, 0.3213, 0.3213, 0.4582, 0.4582, 0.4582, 0.4582, 0.4582, 0.4582, 0.4582, 0.4582, 0.4582, 0.4582, 0.4625, 0.4625, 0.4625, 0.4625, 0.4625, 0.4625, 0.4625, 0.4625, 0.4625, 0.4625, 0.3256, 0.3256, 0.3256, 0.3256, 0.3256, 0.3256, 0.3256, 0.3256, 0.3256, 0.3256, 0.3355, 0.3355, 0.3355, 0.3355, 0.3355, 0.3355, 0.3355, 0.3355, 0.3355, 0.3355, 0.611, 0.611, 0.611, 0.611, 0.611, 0.611, 0.611, 0.611, 0.611, 0.611, 0.3575, 0.3575, 0.3575, 0.3575, 0.3575, 0.3575, 0.3575, 0.3575, 0.3575, 0.3575, 0.5672, 0.5672, 0.5672, 0.5672, 0.5672, 0.5672, 0.5672, 0.5672, 0.5672, 0.5672, 0.3363, 0.3363, 0.3363, 0.3363, 0.3363, 0.3363, 0.3363, 0.3363, 0.3363, 0.3363, 0.4392, 0.4392, 0.4392, 0.4392, 0.4392, 0.4392, 0.4392, 0.4392, 0.4392, 0.4392, 0.426, 0.426, 0.426, 0.426, 0.426, 0.426, 0.426, 0.426, 0.426, 0.426, 0.1491, 0.1491, 0.1491, 0.1491, 0.1491, 0.1491, 0.1491, 0.1491, 0.1491, 0.1491, 0.4473, 0.4473, 0.4473, 0.4473, 0.4473, 0.4473, 0.4473, 0.4473, 0.4473, 0.4473, 0.6436, 0.6436, 0.6436, 0.6436, 0.6436, 0.6436, 0.6436, 0.6436, 0.6436, 0.6436, 0.4207, 0.4207, 0.4207, 0.4207, 0.4207, 0.4207, 0.4207, 0.4207, 0.4207, 0.4207, 0.3711, 0.3711, 0.3711, 0.3711, 0.3711, 0.3711, 0.3711, 0.3711, 0.3711, 0.3711, 0.6891, 0.6891, 0.6891, 0.6891, 0.6891, 0.6891, 0.6891, 0.6891, 0.6891, 0.6891, 0.3062, 0.3062, 0.3062, 0.3062, 0.3062, 0.3062, 0.3062, 0.3062, 0.3062, 0.3062, 0.5345, 0.5345, 0.5345, 0.5345, 0.5345, 0.5345, 0.5345, 0.5345, 0.5345, 0.5345, 0.6213, 0.6213, 0.6213, 0.6213, 0.6213, 0.6213, 0.6213, 0.6213, 0.6213, 0.6213, 0.4667, 0.4667, 0.4667, 0.4667, 0.4667, 0.4667, 0.4667, 0.4667, 0.4667, 0.4667, 0.4028, 0.4028, 0.4028, 0.4028, 0.4028, 0.4028, 0.4028, 0.4028, 0.4028, 0.4028, 0.356, 0.356, 0.356, 0.356, 0.356, 0.356, 0.356, 0.356, 0.356, 0.356, 0.7231, 0.7231, 0.7231, 0.7231, 0.7231, 0.7231, 0.7231, 0.7231, 0.7231, 0.7231, 0.6083, 0.6083, 0.6083, 0.6083, 0.6083, 0.6083, 0.6083, 0.6083, 0.6083, 0.6083, 0.5559, 0.5559, 0.5559, 0.5559, 0.5559, 0.5559, 0.5559, 0.5559, 0.5559, 0.5559, 0.3183, 0.3183, 0.3183, 0.3183, 0.3183, 0.3183, 0.3183, 0.3183, 0.3183, 0.3183, 0.5732, 0.5732, 0.5732, 0.5732, 0.5732, 0.5732, 0.5732, 0.5732, 0.5732, 0.5732, 0.5169, 0.5169, 0.5169, 0.5169, 0.5169, 0.5169, 0.5169, 0.5169, 0.5169, 0.5169, 0.3409, 0.3409, 0.3409, 0.3409, 0.3409, 0.3409, 0.3409, 0.3409, 0.3409, 0.3409, 0.3716, 0.3716, 0.3716, 0.3716, 0.3716, 0.3716, 0.3716, 0.3716, 0.3716, 0.3716, 0.483, 0.483, 0.483, 0.483, 0.483, 0.483, 0.483, 0.483, 0.483, 0.483, 0.4585, 0.4585, 0.4585, 0.4585, 0.4585, 0.4585, 0.4585, 0.4585, 0.4585, 0.4585, 0.4075, 0.4075, 0.4075, 0.4075, 0.4075, 0.4075, 0.4075, 0.4075, 0.4075, 0.4075, 0.5461, 0.5461, 0.5461, 0.5461, 0.5461, 0.5461, 0.5461, 0.5461, 0.5461, 0.5461, 0.4023, 0.4023, 0.4023, 0.4023, 0.4023, 0.4023, 0.4023, 0.4023, 0.4023, 0.4023, 0.4932, 0.4932, 0.4932, 0.4932, 0.4932, 0.4932, 0.4932, 0.4932, 0.4932, 0.4932, 0.417, 0.417, 0.417, 0.417, 0.417, 0.417, 0.417, 0.417, 0.417, 0.417, 0.4727, 0.4727, 0.4727, 0.4727, 0.4727, 0.4727, 0.4727, 0.4727, 0.4727, 0.4727, 0.4754, 0.4754, 0.4754, 0.4754, 0.4754, 0.4754, 0.4754, 0.4754, 0.4754, 0.4754, 0.331, 0.331, 0.331, 0.331, 0.331, 0.331, 0.331, 0.331, 0.331, 0.331, 0.5331, 0.5331, 0.5331, 0.5331, 0.5331, 0.5331, 0.5331, 0.5331, 0.5331, 0.5331, 0.4336, 0.4336, 0.4336, 0.4336, 0.4336, 0.4336, 0.4336, 0.4336, 0.4336, 0.4336, 0.5756, 0.5756, 0.5756, 0.5756, 0.5756, 0.5756, 0.5756, 0.5756, 0.5756, 0.5756, 0.4518, 0.4518, 0.4518, 0.4518, 0.4518, 0.4518, 0.4518, 0.4518, 0.4518, 0.4518, 0.4937, 0.4937, 0.4937, 0.4937, 0.4937, 0.4937, 0.4937, 0.4937, 0.4937, 0.4937, 0.409, 0.409, 0.409, 0.409, 0.409, 0.409, 0.409, 0.409, 0.409, 0.409, 0.6605, 0.6605, 0.6605, 0.6605, 0.6605, 0.6605, 0.6605, 0.6605, 0.6605, 0.6605, 0.4169, 0.4169, 0.4169, 0.4169, 0.4169, 0.4169, 0.4169, 0.4169, 0.4169, 0.4169, 0.4426, 0.4426, 0.4426, 0.4426, 0.4426, 0.4426, 0.4426, 0.4426, 0.4426, 0.4426, 0.3026, 0.3026, 0.3026, 0.3026, 0.3026, 0.3026, 0.3026, 0.3026, 0.3026, 0.3026, 0.4461, 0.4461, 0.4461, 0.4461, 0.4461, 0.4461, 0.4461, 0.4461, 0.4461, 0.4461, 0.2957, 0.2957, 0.2957, 0.2957, 0.2957, 0.2957, 0.2957, 0.2957, 0.2957, 0.2957, 0.4237, 0.4237, 0.4237, 0.4237, 0.4237, 0.4237, 0.4237, 0.4237, 0.4237, 0.4237, 0.2378, 0.2378, 0.2378, 0.2378, 0.2378, 0.2378, 0.2378, 0.2378, 0.2378, 0.2378, 0.3828, 0.3828, 0.3828, 0.3828, 0.3828, 0.3828, 0.3828, 0.3828, 0.3828, 0.3828, 0.3625, 0.3625, 0.3625, 0.3625, 0.3625, 0.3625, 0.3625, 0.3625, 0.3625, 0.3625, 0.414, 0.414, 0.414, 0.414, 0.414, 0.414, 0.414, 0.414, 0.414, 0.414, 0.2231, 0.2231, 0.2231, 0.2231, 0.2231, 0.2231, 0.2231, 0.2231, 0.2231, 0.2231, 0.3874, 0.3874, 0.3874, 0.3874, 0.3874, 0.3874, 0.3874, 0.3874, 0.3874, 0.3874, 0.6042, 0.6042, 0.6042, 0.6042, 0.6042, 0.6042, 0.6042, 0.6042, 0.6042, 0.6042, 0.4416, 0.4416, 0.4416, 0.4416, 0.4416, 0.4416, 0.4416, 0.4416, 0.4416, 0.4416, 0.5782, 0.5782, 0.5782, 0.5782, 0.5782, 0.5782, 0.5782, 0.5782, 0.5782, 0.5782, 0.2434, 0.2434, 0.2434, 0.2434, 0.2434, 0.2434, 0.2434, 0.2434, 0.2434, 0.2434, 0.2231, 0.2231, 0.2231, 0.2231, 0.2231, 0.2231, 0.2231, 0.2231, 0.2231, 0.2231, 0.5569, 0.5569, 0.5569, 0.5569, 0.5569, 0.5569, 0.5569, 0.5569, 0.5569, 0.5569, 0.4923, 0.4923, 0.4923, 0.4923, 0.4923, 0.4923, 0.4923, 0.4923, 0.4923, 0.4923, 0.516, 0.516, 0.516, 0.516, 0.516, 0.516, 0.516, 0.516, 0.516, 0.516, 0.4252, 0.4252, 0.4252, 0.4252, 0.4252, 0.4252, 0.4252, 0.4252, 0.4252, 0.4252, 0.4463, 0.4463, 0.4463, 0.4463, 0.4463, 0.4463, 0.4463, 0.4463, 0.4463, 0.4463, 0.2829, 0.2829, 0.2829, 0.2829, 0.2829, 0.2829, 0.2829, 0.2829, 0.2829, 0.2829, 0.3904, 0.3904, 0.3904, 0.3904, 0.3904, 0.3904, 0.3904, 0.3904, 0.3904, 0.3904, 0.4634, 0.4634, 0.4634, 0.4634, 0.4634, 0.4634, 0.4634, 0.4634, 0.4634, 0.4634, 0.2255, 0.2255, 0.2255, 0.2255, 0.2255, 0.2255, 0.2255, 0.2255, 0.2255, 0.2255, 0.6233, 0.6233, 0.6233, 0.6233, 0.6233, 0.6233, 0.6233, 0.6233, 0.6233, 0.6233, 0.6313, 0.6313, 0.6313, 0.6313, 0.6313, 0.6313, 0.6313, 0.6313, 0.6313, 0.6313, 0.2845, 0.2845, 0.2845, 0.2845, 0.2845, 0.2845, 0.2845, 0.2845, 0.2845, 0.2845, 0.5052, 0.5052, 0.5052, 0.5052, 0.5052, 0.5052, 0.5052, 0.5052, 0.5052, 0.5052, 0.6286, 0.6286, 0.6286, 0.6286, 0.6286, 0.6286, 0.6286, 0.6286, 0.6286, 0.6286, 0.6023, 0.6023, 0.6023, 0.6023, 0.6023, 0.6023, 0.6023, 0.6023, 0.6023, 0.6023, 0.4497, 0.4497, 0.4497, 0.4497, 0.4497, 0.4497, 0.4497, 0.4497, 0.4497, 0.4497, 0.4589, 0.4589, 0.4589, 0.4589, 0.4589, 0.4589, 0.4589, 0.4589, 0.4589, 0.4589, 0.7177, 0.7177, 0.7177, 0.7177, 0.7177, 0.7177, 0.7177, 0.7177, 0.7177, 0.7177, 0.438, 0.438, 0.438, 0.438, 0.438, 0.438, 0.438, 0.438, 0.438, 0.438, 0.3919, 0.3919, 0.3919, 0.3919, 0.3919, 0.3919, 0.3919, 0.3919, 0.3919, 0.3919, 0.4275, 0.4275, 0.4275, 0.4275, 0.4275, 0.4275, 0.4275, 0.4275, 0.4275, 0.4275, 0.4071, 0.4071, 0.4071, 0.4071, 0.4071, 0.4071, 0.4071, 0.4071, 0.4071, 0.4071, 0.477, 0.477, 0.477, 0.477, 0.477, 0.477, 0.477, 0.477, 0.477, 0.477, 0.501, 0.501, 0.501, 0.501, 0.501, 0.501, 0.501, 0.501, 0.501, 0.501, 0.2464, 0.2464, 0.2464, 0.2464, 0.2464, 0.2464, 0.2464, 0.2464, 0.2464, 0.2464, 0.502, 0.502, 0.502, 0.502, 0.502, 0.502, 0.502, 0.502, 0.502, 0.502, 0.2799, 0.2799, 0.2799, 0.2799, 0.2799, 0.2799, 0.2799, 0.2799, 0.2799, 0.2799, 0.266, 0.266, 0.266, 0.266, 0.266, 0.266, 0.266, 0.266, 0.266, 0.266, 0.4501, 0.4501, 0.4501, 0.4501, 0.4501, 0.4501, 0.4501, 0.4501, 0.4501, 0.4501, 0.2721, 0.2721, 0.2721, 0.2721, 0.2721, 0.2721, 0.2721, 0.2721, 0.2721, 0.2721, 0.5872, 0.5872, 0.5872, 0.5872, 0.5872, 0.5872, 0.5872, 0.5872, 0.5872, 0.5872, 0.4605, 0.4605, 0.4605, 0.4605, 0.4605, 0.4605, 0.4605, 0.4605, 0.4605, 0.4605, 0.3957, 0.3957, 0.3957, 0.3957, 0.3957, 0.3957, 0.3957, 0.3957, 0.3957, 0.3957, 0.2573, 0.2573, 0.2573, 0.2573, 0.2573, 0.2573, 0.2573, 0.2573, 0.2573, 0.2573, 0.266, 0.266, 0.266, 0.266, 0.266, 0.266, 0.266, 0.266, 0.266, 0.266, 0.3909, 0.3909, 0.3909, 0.3909, 0.3909, 0.3909, 0.3909, 0.3909, 0.3909, 0.3909, 0.4768, 0.4768, 0.4768, 0.4768, 0.4768, 0.4768, 0.4768, 0.4768, 0.4768, 0.4768, 0.266, 0.266, 0.266, 0.266, 0.266, 0.266, 0.266, 0.266, 0.266, 0.266, 0.3648, 0.3648, 0.3648, 0.3648, 0.3648, 0.3648, 0.3648, 0.3648, 0.3648, 0.3648, 0.4188, 0.4188, 0.4188, 0.4188, 0.4188, 0.4188, 0.4188, 0.4188, 0.4188, 0.4188, 0.2385, 0.2385, 0.2385, 0.2385, 0.2385, 0.2385, 0.2385, 0.2385, 0.2385, 0.2385, 0.3283, 0.3283, 0.3283, 0.3283, 0.3283, 0.3283, 0.3283, 0.3283, 0.3283, 0.3283, 0.3323, 0.3323, 0.3323, 0.3323, 0.3323, 0.3323, 0.3323, 0.3323, 0.3323, 0.3323, 0.6897, 0.6897, 0.6897, 0.6897, 0.6897, 0.6897, 0.6897, 0.6897, 0.6897, 0.6897, 0.4963, 0.4963, 0.4963, 0.4963, 0.4963, 0.4963, 0.4963, 0.4963, 0.4963, 0.4963, 0.352, 0.352, 0.352, 0.352, 0.352, 0.352, 0.352, 0.352, 0.352, 0.352, 0.3769, 0.3769, 0.3769, 0.3769, 0.3769, 0.3769, 0.3769, 0.3769, 0.3769, 0.3769, 0.296, 0.296, 0.296, 0.296, 0.296, 0.296, 0.296, 0.296, 0.296, 0.296, 0.4664, 0.4664, 0.4664, 0.4664, 0.4664, 0.4664, 0.4664, 0.4664, 0.4664, 0.4664, 0.4032, 0.4032, 0.4032, 0.4032, 0.4032, 0.4032, 0.4032, 0.4032, 0.4032, 0.4032, 0.6059, 0.6059, 0.6059, 0.6059, 0.6059, 0.6059, 0.6059, 0.6059, 0.6059, 0.6059, 0.4096, 0.4096, 0.4096, 0.4096, 0.4096, 0.4096, 0.4096, 0.4096, 0.4096, 0.4096, 0.7021, 0.7021, 0.7021, 0.7021, 0.7021, 0.7021, 0.7021, 0.7021, 0.7021, 0.7021, 0.4372, 0.4372, 0.4372, 0.4372, 0.4372, 0.4372, 0.4372, 0.4372, 0.4372, 0.4372, 0.3423, 0.3423, 0.3423, 0.3423, 0.3423, 0.3423, 0.3423, 0.3423, 0.3423, 0.3423, 0.4629, 0.4629, 0.4629, 0.4629, 0.4629, 0.4629, 0.4629, 0.4629, 0.4629, 0.4629, 0.3864, 0.3864, 0.3864, 0.3864, 0.3864, 0.3864, 0.3864, 0.3864, 0.3864, 0.3864, 0.4071, 0.4071, 0.4071, 0.4071, 0.4071, 0.4071, 0.4071, 0.4071, 0.4071, 0.4071, 0.6255, 0.6255, 0.6255, 0.6255, 0.6255, 0.6255, 0.6255, 0.6255, 0.6255, 0.6255, 0.5537, 0.5537, 0.5537, 0.5537, 0.5537, 0.5537, 0.5537, 0.5537, 0.5537, 0.5537, 0.3945, 0.3945, 0.3945, 0.3945, 0.3945, 0.3945, 0.3945, 0.3945, 0.3945, 0.3945, 0.2529, 0.2529, 0.2529, 0.2529, 0.2529, 0.2529, 0.2529, 0.2529, 0.2529, 0.2529, 0.4132, 0.4132, 0.4132, 0.4132, 0.4132, 0.4132, 0.4132, 0.4132, 0.4132, 0.4132, 0.4525, 0.4525, 0.4525, 0.4525, 0.4525, 0.4525, 0.4525, 0.4525, 0.4525, 0.4525, 0.5421, 0.5421, 0.5421, 0.5421, 0.5421, 0.5421, 0.5421, 0.5421, 0.5421, 0.5421, 0.4146, 0.4146, 0.4146, 0.4146, 0.4146, 0.4146, 0.4146, 0.4146, 0.4146, 0.4146, 0.4429, 0.4429, 0.4429, 0.4429, 0.4429, 0.4429, 0.4429, 0.4429, 0.4429, 0.4429, 0.385, 0.385, 0.385, 0.385, 0.385, 0.385, 0.385, 0.385, 0.385, 0.385, 0.5511, 0.5511, 0.5511, 0.5511, 0.5511, 0.5511, 0.5511, 0.5511, 0.5511, 0.5511, 0.3412, 0.3412, 0.3412, 0.3412, 0.3412, 0.3412, 0.3412, 0.3412, 0.3412, 0.3412, 0.3822, 0.3822, 0.3822, 0.3822, 0.3822, 0.3822, 0.3822, 0.3822, 0.3822, 0.3822, 0.3096, 0.3096, 0.3096, 0.3096, 0.3096, 0.3096, 0.3096, 0.3096, 0.3096, 0.3096, 0.3181, 0.3181, 0.3181, 0.3181, 0.3181, 0.3181, 0.3181, 0.3181, 0.3181, 0.3181, 0.2965, 0.2965, 0.2965, 0.2965, 0.2965, 0.2965, 0.2965, 0.2965, 0.2965, 0.2965, 0.3386, 0.3386, 0.3386, 0.3386, 0.3386, 0.3386, 0.3386, 0.3386, 0.3386, 0.3386, 0.2142, 0.2142, 0.2142, 0.2142, 0.2142, 0.2142, 0.2142, 0.2142, 0.2142, 0.2142, 0.2164, 0.2164, 0.2164, 0.2164, 0.2164, 0.2164, 0.2164, 0.2164, 0.2164, 0.2164, 0.2752, 0.2752, 0.2752, 0.2752, 0.2752, 0.2752, 0.2752, 0.2752, 0.2752, 0.2752, 0.5169, 0.5169, 0.5169, 0.5169, 0.5169, 0.5169, 0.5169, 0.5169, 0.5169, 0.5169, 0.5415, 0.5415, 0.5415, 0.5415, 0.5415, 0.5415, 0.5415, 0.5415, 0.5415, 0.5415, 0.2192, 0.2192, 0.2192, 0.2192, 0.2192, 0.2192, 0.2192, 0.2192, 0.2192, 0.2192, 0.2423, 0.2423, 0.2423, 0.2423, 0.2423, 0.2423, 0.2423, 0.2423, 0.2423, 0.2423, 0.321, 0.321, 0.321, 0.321, 0.321, 0.321, 0.321, 0.321, 0.321, 0.321, 0.3931, 0.3931, 0.3931, 0.3931, 0.3931, 0.3931, 0.3931, 0.3931, 0.3931, 0.3931, 0.3821, 0.3821, 0.3821, 0.3821, 0.3821, 0.3821, 0.3821, 0.3821, 0.3821, 0.3821, 0.47, 0.47, 0.47, 0.47, 0.47, 0.47, 0.47, 0.47, 0.47, 0.47, 0.4166, 0.4166, 0.4166, 0.4166, 0.4166, 0.4166, 0.4166, 0.4166, 0.4166, 0.4166, 0.2221, 0.2221, 0.2221, 0.2221, 0.2221, 0.2221, 0.2221, 0.2221, 0.2221, 0.2221, 0.3868, 0.3868, 0.3868, 0.3868, 0.3868, 0.3868, 0.3868, 0.3868, 0.3868, 0.3868, 0.5913, 0.5913, 0.5913, 0.5913, 0.5913, 0.5913, 0.5913, 0.5913, 0.5913, 0.5913, 0.4871, 0.4871, 0.4871, 0.4871, 0.4871, 0.4871, 0.4871, 0.4871, 0.4871, 0.4871]
Validation Loss:
[0.5066424012184143, 1.0107132196426392, 0.5270729660987854, 0.7282134890556335, 0.5189871191978455, 0.5373911261558533, 0.4964487850666046, 0.5082687139511108, 0.43640774488449097, 0.46642428636550903]
Train, Validation, Test split:
Train: 6233
Validation: 1759
Test: 889
