Accuracy: 0.9492988133764833
Classification Report:
                  precision    recall  f1-score   support

        Archival       0.97      0.98      0.97       411
          Letter       0.96      0.94      0.95       208
        Literary       0.42      0.50      0.45        10
Royal/Monumental       0.92      0.94      0.93       102
      Scientific       0.95      0.93      0.94       196

        accuracy                           0.95       927
       macro avg       0.84      0.86      0.85       927
    weighted avg       0.95      0.95      0.95       927

Training Loss:
[1.6265, 1.6265, 1.6265, 1.6265, 1.6265, 1.6265, 1.6265, 1.6265, 1.6265, 1.6265, 1.5642, 1.5642, 1.5642, 1.5642, 1.5642, 1.5642, 1.5642, 1.5642, 1.5642, 1.5642, 1.4285, 1.4285, 1.4285, 1.4285, 1.4285, 1.4285, 1.4285, 1.4285, 1.4285, 1.4285, 1.2657, 1.2657, 1.2657, 1.2657, 1.2657, 1.2657, 1.2657, 1.2657, 1.2657, 1.2657, 1.3678, 1.3678, 1.3678, 1.3678, 1.3678, 1.3678, 1.3678, 1.3678, 1.3678, 1.3678, 1.208, 1.208, 1.208, 1.208, 1.208, 1.208, 1.208, 1.208, 1.208, 1.208, 1.1349, 1.1349, 1.1349, 1.1349, 1.1349, 1.1349, 1.1349, 1.1349, 1.1349, 1.1349, 1.2679, 1.2679, 1.2679, 1.2679, 1.2679, 1.2679, 1.2679, 1.2679, 1.2679, 1.2679, 1.1173, 1.1173, 1.1173, 1.1173, 1.1173, 1.1173, 1.1173, 1.1173, 1.1173, 1.1173, 0.9994, 0.9994, 0.9994, 0.9994, 0.9994, 0.9994, 0.9994, 0.9994, 0.9994, 0.9994, 1.0356, 1.0356, 1.0356, 1.0356, 1.0356, 1.0356, 1.0356, 1.0356, 1.0356, 1.0356, 1.051, 1.051, 1.051, 1.051, 1.051, 1.051, 1.051, 1.051, 1.051, 1.051, 0.6634, 0.6634, 0.6634, 0.6634, 0.6634, 0.6634, 0.6634, 0.6634, 0.6634, 0.6634, 0.6683, 0.6683, 0.6683, 0.6683, 0.6683, 0.6683, 0.6683, 0.6683, 0.6683, 0.6683, 0.7971, 0.7971, 0.7971, 0.7971, 0.7971, 0.7971, 0.7971, 0.7971, 0.7971, 0.7971, 0.6126, 0.6126, 0.6126, 0.6126, 0.6126, 0.6126, 0.6126, 0.6126, 0.6126, 0.6126, 0.6586, 0.6586, 0.6586, 0.6586, 0.6586, 0.6586, 0.6586, 0.6586, 0.6586, 0.6586, 0.7345, 0.7345, 0.7345, 0.7345, 0.7345, 0.7345, 0.7345, 0.7345, 0.7345, 0.7345, 0.7562, 0.7562, 0.7562, 0.7562, 0.7562, 0.7562, 0.7562, 0.7562, 0.7562, 0.7562, 0.8505, 0.8505, 0.8505, 0.8505, 0.8505, 0.8505, 0.8505, 0.8505, 0.8505, 0.8505, 0.6161, 0.6161, 0.6161, 0.6161, 0.6161, 0.6161, 0.6161, 0.6161, 0.6161, 0.6161, 0.5206, 0.5206, 0.5206, 0.5206, 0.5206, 0.5206, 0.5206, 0.5206, 0.5206, 0.5206, 0.4023, 0.4023, 0.4023, 0.4023, 0.4023, 0.4023, 0.4023, 0.4023, 0.4023, 0.4023, 0.4905, 0.4905, 0.4905, 0.4905, 0.4905, 0.4905, 0.4905, 0.4905, 0.4905, 0.4905, 0.7475, 0.7475, 0.7475, 0.7475, 0.7475, 0.7475, 0.7475, 0.7475, 0.7475, 0.7475, 0.7692, 0.7692, 0.7692, 0.7692, 0.7692, 0.7692, 0.7692, 0.7692, 0.7692, 0.7692, 0.6007, 0.6007, 0.6007, 0.6007, 0.6007, 0.6007, 0.6007, 0.6007, 0.6007, 0.6007, 0.5409, 0.5409, 0.5409, 0.5409, 0.5409, 0.5409, 0.5409, 0.5409, 0.5409, 0.5409, 0.7709, 0.7709, 0.7709, 0.7709, 0.7709, 0.7709, 0.7709, 0.7709, 0.7709, 0.7709, 0.6222, 0.6222, 0.6222, 0.6222, 0.6222, 0.6222, 0.6222, 0.6222, 0.6222, 0.6222, 0.4897, 0.4897, 0.4897, 0.4897, 0.4897, 0.4897, 0.4897, 0.4897, 0.4897, 0.4897, 0.4449, 0.4449, 0.4449, 0.4449, 0.4449, 0.4449, 0.4449, 0.4449, 0.4449, 0.4449, 0.382, 0.382, 0.382, 0.382, 0.382, 0.382, 0.382, 0.382, 0.382, 0.382, 0.5271, 0.5271, 0.5271, 0.5271, 0.5271, 0.5271, 0.5271, 0.5271, 0.5271, 0.5271, 0.8044, 0.8044, 0.8044, 0.8044, 0.8044, 0.8044, 0.8044, 0.8044, 0.8044, 0.8044, 0.7432, 0.7432, 0.7432, 0.7432, 0.7432, 0.7432, 0.7432, 0.7432, 0.7432, 0.7432, 0.6774, 0.6774, 0.6774, 0.6774, 0.6774, 0.6774, 0.6774, 0.6774, 0.6774, 0.6774, 0.6717, 0.6717, 0.6717, 0.6717, 0.6717, 0.6717, 0.6717, 0.6717, 0.6717, 0.6717, 0.5402, 0.5402, 0.5402, 0.5402, 0.5402, 0.5402, 0.5402, 0.5402, 0.5402, 0.5402, 0.4507, 0.4507, 0.4507, 0.4507, 0.4507, 0.4507, 0.4507, 0.4507, 0.4507, 0.4507, 0.703, 0.703, 0.703, 0.703, 0.703, 0.703, 0.703, 0.703, 0.703, 0.703, 0.5839, 0.5839, 0.5839, 0.5839, 0.5839, 0.5839, 0.5839, 0.5839, 0.5839, 0.5839, 0.6006, 0.6006, 0.6006, 0.6006, 0.6006, 0.6006, 0.6006, 0.6006, 0.6006, 0.6006, 0.5196, 0.5196, 0.5196, 0.5196, 0.5196, 0.5196, 0.5196, 0.5196, 0.5196, 0.5196, 0.4186, 0.4186, 0.4186, 0.4186, 0.4186, 0.4186, 0.4186, 0.4186, 0.4186, 0.4186, 0.5577, 0.5577, 0.5577, 0.5577, 0.5577, 0.5577, 0.5577, 0.5577, 0.5577, 0.5577, 0.6261, 0.6261, 0.6261, 0.6261, 0.6261, 0.6261, 0.6261, 0.6261, 0.6261, 0.6261, 0.6586, 0.6586, 0.6586, 0.6586, 0.6586, 0.6586, 0.6586, 0.6586, 0.6586, 0.6586, 0.7469, 0.7469, 0.7469, 0.7469, 0.7469, 0.7469, 0.7469, 0.7469, 0.7469, 0.7469, 0.6102, 0.6102, 0.6102, 0.6102, 0.6102, 0.6102, 0.6102, 0.6102, 0.6102, 0.6102, 0.4293, 0.4293, 0.4293, 0.4293, 0.4293, 0.4293, 0.4293, 0.4293, 0.4293, 0.4293, 0.7099, 0.7099, 0.7099, 0.7099, 0.7099, 0.7099, 0.7099, 0.7099, 0.7099, 0.7099, 0.5654, 0.5654, 0.5654, 0.5654, 0.5654, 0.5654, 0.5654, 0.5654, 0.5654, 0.5654, 0.3799, 0.3799, 0.3799, 0.3799, 0.3799, 0.3799, 0.3799, 0.3799, 0.3799, 0.3799, 0.5719, 0.5719, 0.5719, 0.5719, 0.5719, 0.5719, 0.5719, 0.5719, 0.5719, 0.5719, 0.6592, 0.6592, 0.6592, 0.6592, 0.6592, 0.6592, 0.6592, 0.6592, 0.6592, 0.6592, 0.613, 0.613, 0.613, 0.613, 0.613, 0.613, 0.613, 0.613, 0.613, 0.613, 0.3715, 0.3715, 0.3715, 0.3715, 0.3715, 0.3715, 0.3715, 0.3715, 0.3715, 0.3715, 0.4834, 0.4834, 0.4834, 0.4834, 0.4834, 0.4834, 0.4834, 0.4834, 0.4834, 0.4834, 0.5215, 0.5215, 0.5215, 0.5215, 0.5215, 0.5215, 0.5215, 0.5215, 0.5215, 0.5215, 0.7378, 0.7378, 0.7378, 0.7378, 0.7378, 0.7378, 0.7378, 0.7378, 0.7378, 0.7378, 1.003, 1.003, 1.003, 1.003, 1.003, 1.003, 1.003, 1.003, 1.003, 1.003, 0.4349, 0.4349, 0.4349, 0.4349, 0.4349, 0.4349, 0.4349, 0.4349, 0.4349, 0.4349, 0.519, 0.519, 0.519, 0.519, 0.519, 0.519, 0.519, 0.519, 0.519, 0.519, 0.5143, 0.5143, 0.5143, 0.5143, 0.5143, 0.5143, 0.5143, 0.5143, 0.5143, 0.5143, 0.5094, 0.5094, 0.5094, 0.5094, 0.5094, 0.5094, 0.5094, 0.5094, 0.5094, 0.5094, 0.4927, 0.4927, 0.4927, 0.4927, 0.4927, 0.4927, 0.4927, 0.4927, 0.4927, 0.4927, 0.3868, 0.3868, 0.3868, 0.3868, 0.3868, 0.3868, 0.3868, 0.3868, 0.3868, 0.3868, 0.527, 0.527, 0.527, 0.527, 0.527, 0.527, 0.527, 0.527, 0.527, 0.527, 0.3786, 0.3786, 0.3786, 0.3786, 0.3786, 0.3786, 0.3786, 0.3786, 0.3786, 0.3786, 0.6808, 0.6808, 0.6808, 0.6808, 0.6808, 0.6808, 0.6808, 0.6808, 0.6808, 0.6808, 0.4534, 0.4534, 0.4534, 0.4534, 0.4534, 0.4534, 0.4534, 0.4534, 0.4534, 0.4534, 0.451, 0.451, 0.451, 0.451, 0.451, 0.451, 0.451, 0.451, 0.451, 0.451, 0.6028, 0.6028, 0.6028, 0.6028, 0.6028, 0.6028, 0.6028, 0.6028, 0.6028, 0.6028, 0.4126, 0.4126, 0.4126, 0.4126, 0.4126, 0.4126, 0.4126, 0.4126, 0.4126, 0.4126, 0.2918, 0.2918, 0.2918, 0.2918, 0.2918, 0.2918, 0.2918, 0.2918, 0.2918, 0.2918, 0.6139, 0.6139, 0.6139, 0.6139, 0.6139, 0.6139, 0.6139, 0.6139, 0.6139, 0.6139, 0.4174, 0.4174, 0.4174, 0.4174, 0.4174, 0.4174, 0.4174, 0.4174, 0.4174, 0.4174, 0.3974, 0.3974, 0.3974, 0.3974, 0.3974, 0.3974, 0.3974, 0.3974, 0.3974, 0.3974, 0.6279, 0.6279, 0.6279, 0.6279, 0.6279, 0.6279, 0.6279, 0.6279, 0.6279, 0.6279, 0.6605, 0.6605, 0.6605, 0.6605, 0.2827, 0.2827, 0.2827, 0.2827, 0.2827, 0.2827, 0.2827, 0.2827, 0.2827, 0.2827, 0.2345, 0.2345, 0.2345, 0.2345, 0.2345, 0.2345, 0.2345, 0.2345, 0.2345, 0.2345, 0.4935, 0.4935, 0.4935, 0.4935, 0.4935, 0.4935, 0.4935, 0.4935, 0.4935, 0.4935, 0.5797, 0.5797, 0.5797, 0.5797, 0.5797, 0.5797, 0.5797, 0.5797, 0.5797, 0.5797, 0.3978, 0.3978, 0.3978, 0.3978, 0.3978, 0.3978, 0.3978, 0.3978, 0.3978, 0.3978, 0.4651, 0.4651, 0.4651, 0.4651, 0.4651, 0.4651, 0.4651, 0.4651, 0.4651, 0.4651, 0.4112, 0.4112, 0.4112, 0.4112, 0.4112, 0.4112, 0.4112, 0.4112, 0.4112, 0.4112, 0.0949, 0.0949, 0.0949, 0.0949, 0.0949, 0.0949, 0.0949, 0.0949, 0.0949, 0.0949, 0.6803, 0.6803, 0.6803, 0.6803, 0.6803, 0.6803, 0.6803, 0.6803, 0.6803, 0.6803, 0.1956, 0.1956, 0.1956, 0.1956, 0.1956, 0.1956, 0.1956, 0.1956, 0.1956, 0.1956, 0.2669, 0.2669, 0.2669, 0.2669, 0.2669, 0.2669, 0.2669, 0.2669, 0.2669, 0.2669, 0.4176, 0.4176, 0.4176, 0.4176, 0.4176, 0.4176, 0.4176, 0.4176, 0.4176, 0.4176, 0.5824, 0.5824, 0.5824, 0.5824, 0.5824, 0.5824, 0.5824, 0.5824, 0.5824, 0.5824, 0.4566, 0.4566, 0.4566, 0.4566, 0.4566, 0.4566, 0.4566, 0.4566, 0.4566, 0.4566, 0.4378, 0.4378, 0.4378, 0.4378, 0.4378, 0.4378, 0.4378, 0.4378, 0.4378, 0.4378, 0.4314, 0.4314, 0.4314, 0.4314, 0.4314, 0.4314, 0.4314, 0.4314, 0.4314, 0.4314, 0.5376, 0.5376, 0.5376, 0.5376, 0.5376, 0.5376, 0.5376, 0.5376, 0.5376, 0.5376, 0.5853, 0.5853, 0.5853, 0.5853, 0.5853, 0.5853, 0.5853, 0.5853, 0.5853, 0.5853, 0.4545, 0.4545, 0.4545, 0.4545, 0.4545, 0.4545, 0.4545, 0.4545, 0.4545, 0.4545, 0.4096, 0.4096, 0.4096, 0.4096, 0.4096, 0.4096, 0.4096, 0.4096, 0.4096, 0.4096, 0.7157, 0.7157, 0.7157, 0.7157, 0.7157, 0.7157, 0.7157, 0.7157, 0.7157, 0.7157, 0.2698, 0.2698, 0.2698, 0.2698, 0.2698, 0.2698, 0.2698, 0.2698, 0.2698, 0.2698, 0.2559, 0.2559, 0.2559, 0.2559, 0.2559, 0.2559, 0.2559, 0.2559, 0.2559, 0.2559, 0.184, 0.184, 0.184, 0.184, 0.184, 0.184, 0.184, 0.184, 0.184, 0.184, 0.4253, 0.4253, 0.4253, 0.4253, 0.4253, 0.4253, 0.4253, 0.4253, 0.4253, 0.4253, 0.2025, 0.2025, 0.2025, 0.2025, 0.2025, 0.2025, 0.2025, 0.2025, 0.2025, 0.2025, 0.3881, 0.3881, 0.3881, 0.3881, 0.3881, 0.3881, 0.3881, 0.3881, 0.3881, 0.3881, 0.9042, 0.9042, 0.9042, 0.9042, 0.9042, 0.9042, 0.9042, 0.9042, 0.9042, 0.9042, 0.5413, 0.5413, 0.5413, 0.5413, 0.5413, 0.5413, 0.5413, 0.5413, 0.5413, 0.5413, 0.3439, 0.3439, 0.3439, 0.3439, 0.3439, 0.3439, 0.3439, 0.3439, 0.3439, 0.3439, 0.2918, 0.2918, 0.2918, 0.2918, 0.2918, 0.2918, 0.2918, 0.2918, 0.2918, 0.2918, 0.4044, 0.4044, 0.4044, 0.4044, 0.4044, 0.4044, 0.4044, 0.4044, 0.4044, 0.4044, 0.2376, 0.2376, 0.2376, 0.2376, 0.2376, 0.2376, 0.2376, 0.2376, 0.2376, 0.2376, 0.3192, 0.3192, 0.3192, 0.3192, 0.3192, 0.3192, 0.3192, 0.3192, 0.3192, 0.3192, 0.2811, 0.2811, 0.2811, 0.2811, 0.2811, 0.2811, 0.2811, 0.2811, 0.2811, 0.2811, 0.3803, 0.3803, 0.3803, 0.3803, 0.3803, 0.3803, 0.3803, 0.3803, 0.3803, 0.3803, 0.6191, 0.6191, 0.6191, 0.6191, 0.6191, 0.6191, 0.6191, 0.6191, 0.6191, 0.6191, 0.3358, 0.3358, 0.3358, 0.3358, 0.3358, 0.3358, 0.3358, 0.3358, 0.3358, 0.3358, 0.3575, 0.3575, 0.3575, 0.3575, 0.3575, 0.3575, 0.3575, 0.3575, 0.3575, 0.3575, 0.5482, 0.5482, 0.5482, 0.5482, 0.5482, 0.5482, 0.5482, 0.5482, 0.5482, 0.5482, 0.2453, 0.2453, 0.2453, 0.2453, 0.2453, 0.2453, 0.2453, 0.2453, 0.2453, 0.2453, 0.6039, 0.6039, 0.6039, 0.6039, 0.6039, 0.6039, 0.6039, 0.6039, 0.6039, 0.6039, 0.4247, 0.4247, 0.4247, 0.4247, 0.4247, 0.4247, 0.4247, 0.4247, 0.4247, 0.4247, 0.4622, 0.4622, 0.4622, 0.4622, 0.4622, 0.4622, 0.4622, 0.4622, 0.4622, 0.4622, 0.4246, 0.4246, 0.4246, 0.4246, 0.4246, 0.4246, 0.4246, 0.4246, 0.4246, 0.4246, 0.0589, 0.0589, 0.0589, 0.0589, 0.0589, 0.0589, 0.0589, 0.0589, 0.0589, 0.0589, 0.2428, 0.2428, 0.2428, 0.2428, 0.2428, 0.2428, 0.2428, 0.2428, 0.2428, 0.2428, 0.3605, 0.3605, 0.3605, 0.3605, 0.3605, 0.3605, 0.3605, 0.3605, 0.3605, 0.3605, 0.3906, 0.3906, 0.3906, 0.3906, 0.3906, 0.3906, 0.3906, 0.3906, 0.3906, 0.3906, 0.3044, 0.3044, 0.3044, 0.3044, 0.3044, 0.3044, 0.3044, 0.3044, 0.3044, 0.3044, 0.3762, 0.3762, 0.3762, 0.3762, 0.3762, 0.3762, 0.3762, 0.3762, 0.3762, 0.3762, 0.2776, 0.2776, 0.2776, 0.2776, 0.2776, 0.2776, 0.2776, 0.2776, 0.2776, 0.2776, 0.2262, 0.2262, 0.2262, 0.2262, 0.2262, 0.2262, 0.2262, 0.2262, 0.2262, 0.2262, 0.2186, 0.2186, 0.2186, 0.2186, 0.2186, 0.2186, 0.2186, 0.2186, 0.2186, 0.2186, 0.3051, 0.3051, 0.3051, 0.3051, 0.3051, 0.3051, 0.3051, 0.3051, 0.3051, 0.3051, 0.2816, 0.2816, 0.2816, 0.2816, 0.2816, 0.2816, 0.2816, 0.2816, 0.2816, 0.2816, 0.5813, 0.5813, 0.5813, 0.5813, 0.5813, 0.5813, 0.5813, 0.5813, 0.5813, 0.5813, 0.5175, 0.5175, 0.5175, 0.5175, 0.5175, 0.5175, 0.5175, 0.5175, 0.5175, 0.5175, 0.3869, 0.3869, 0.3869, 0.3869, 0.3869, 0.3869, 0.3869, 0.3869, 0.3869, 0.3869, 0.1828, 0.1828, 0.1828, 0.1828, 0.1828, 0.1828, 0.1828, 0.1828, 0.1828, 0.1828, 0.1507, 0.1507, 0.1507, 0.1507, 0.1507, 0.1507, 0.1507, 0.1507, 0.1507, 0.1507, 0.2654, 0.2654, 0.2654, 0.2654, 0.2654, 0.2654, 0.2654, 0.2654, 0.2654, 0.2654, 0.2905, 0.2905, 0.2905, 0.2905, 0.2905, 0.2905, 0.2905, 0.2905, 0.2905, 0.2905, 0.3505, 0.3505, 0.3505, 0.3505, 0.3505, 0.3505, 0.3505, 0.3505, 0.3505, 0.3505, 0.3969, 0.3969, 0.3969, 0.3969, 0.3969, 0.3969, 0.3969, 0.3969, 0.3969, 0.3969, 0.2651, 0.2651, 0.2651, 0.2651, 0.2651, 0.2651, 0.2651, 0.2651, 0.2651, 0.2651, 0.43, 0.43, 0.43, 0.43, 0.43, 0.43, 0.43, 0.43, 0.43, 0.43, 0.4101, 0.4101, 0.4101, 0.4101, 0.4101, 0.4101, 0.4101, 0.4101, 0.4101, 0.4101, 0.1147, 0.1147, 0.1147, 0.1147, 0.1147, 0.1147, 0.1147, 0.1147, 0.1147, 0.1147, 0.6116, 0.6116, 0.6116, 0.6116, 0.6116, 0.6116, 0.6116, 0.6116, 0.6116, 0.6116, 0.3966, 0.3966, 0.3966, 0.3966, 0.3966, 0.3966, 0.3966, 0.3966, 0.3966, 0.3966, 0.3941, 0.3941, 0.3941, 0.3941, 0.3941, 0.3941, 0.3941, 0.3941, 0.3941, 0.3941, 0.4779, 0.4779, 0.4779, 0.4779, 0.4779, 0.4779, 0.4779, 0.4779, 0.4779, 0.4779, 0.4829, 0.4829, 0.4829, 0.4829, 0.4829, 0.4829, 0.4829, 0.4829, 0.4829, 0.4829, 0.4066, 0.4066, 0.4066, 0.4066, 0.4066, 0.4066, 0.4066, 0.4066, 0.4066, 0.4066, 0.6989, 0.6989, 0.6989, 0.6989, 0.6989, 0.6989, 0.6989, 0.6989, 0.6989, 0.6989, 0.4673, 0.4673, 0.4673, 0.4673, 0.4673, 0.4673, 0.4673, 0.4673, 0.4673, 0.4673, 0.5544, 0.5544, 0.5544, 0.5544, 0.5544, 0.5544, 0.5544, 0.5544, 0.5544, 0.5544, 0.5847, 0.5847, 0.5847, 0.5847, 0.5847, 0.5847, 0.5847, 0.5847, 0.5847, 0.5847, 0.7601, 0.7601, 0.7601, 0.7601, 0.7601, 0.7601, 0.7601, 0.7601, 0.7601, 0.7601, 0.4079, 0.4079, 0.4079, 0.4079, 0.4079, 0.4079, 0.4079, 0.4079, 0.5333, 0.5333, 0.5333, 0.5333, 0.5333, 0.5333, 0.5333, 0.5333, 0.5333, 0.5333, 0.3986, 0.3986, 0.3986, 0.3986, 0.3986, 0.3986, 0.3986, 0.3986, 0.3986, 0.3986, 0.1236, 0.1236, 0.1236, 0.1236, 0.1236, 0.1236, 0.1236, 0.1236, 0.1236, 0.1236, 0.1146, 0.1146, 0.1146, 0.1146, 0.1146, 0.1146, 0.1146, 0.1146, 0.1146, 0.1146, 0.5871, 0.5871, 0.5871, 0.5871, 0.5871, 0.5871, 0.5871, 0.5871, 0.5871, 0.5871, 0.35, 0.35, 0.35, 0.35, 0.35, 0.35, 0.35, 0.35, 0.35, 0.35, 0.4986, 0.4986, 0.4986, 0.4986, 0.4986, 0.4986, 0.4986, 0.4986, 0.4986, 0.4986, 0.4038, 0.4038, 0.4038, 0.4038, 0.4038, 0.4038, 0.4038, 0.4038, 0.4038, 0.4038, 0.4548, 0.4548, 0.4548, 0.4548, 0.4548, 0.4548, 0.4548, 0.4548, 0.4548, 0.4548, 0.5067, 0.5067, 0.5067, 0.5067, 0.5067, 0.5067, 0.5067, 0.5067, 0.5067, 0.5067, 0.3755, 0.3755, 0.3755, 0.3755, 0.3755, 0.3755, 0.3755, 0.3755, 0.3755, 0.3755, 0.0211, 0.0211, 0.0211, 0.0211, 0.0211, 0.0211, 0.0211, 0.0211, 0.0211, 0.0211, 0.3501, 0.3501, 0.3501, 0.3501, 0.3501, 0.3501, 0.3501, 0.3501, 0.3501, 0.3501, 0.2825, 0.2825, 0.2825, 0.2825, 0.2825, 0.2825, 0.2825, 0.2825, 0.2825, 0.2825, 0.0879, 0.0879, 0.0879, 0.0879, 0.0879, 0.0879, 0.0879, 0.0879, 0.0879, 0.0879, 0.3822, 0.3822, 0.3822, 0.3822, 0.3822, 0.3822, 0.3822, 0.3822, 0.3822, 0.3822, 0.3372, 0.3372, 0.3372, 0.3372, 0.3372, 0.3372, 0.3372, 0.3372, 0.3372, 0.3372, 0.2099, 0.2099, 0.2099, 0.2099, 0.2099, 0.2099, 0.2099, 0.2099, 0.2099, 0.2099, 0.4998, 0.4998, 0.4998, 0.4998, 0.4998, 0.4998, 0.4998, 0.4998, 0.4998, 0.4998, 0.9848, 0.9848, 0.9848, 0.9848, 0.9848, 0.9848, 0.9848, 0.9848, 0.9848, 0.9848, 0.2261, 0.2261, 0.2261, 0.2261, 0.2261, 0.2261, 0.2261, 0.2261, 0.2261, 0.2261, 0.5067, 0.5067, 0.5067, 0.5067, 0.5067, 0.5067, 0.5067, 0.5067, 0.5067, 0.5067, 0.1881, 0.1881, 0.1881, 0.1881, 0.1881, 0.1881, 0.1881, 0.1881, 0.1881, 0.1881, 0.2239, 0.2239, 0.2239, 0.2239, 0.2239, 0.2239, 0.2239, 0.2239, 0.2239, 0.2239, 0.299, 0.299, 0.299, 0.299, 0.299, 0.299, 0.299, 0.299, 0.299, 0.299, 0.0942, 0.0942, 0.0942, 0.0942, 0.0942, 0.0942, 0.0942, 0.0942, 0.0942, 0.0942, 0.6411, 0.6411, 0.6411, 0.6411, 0.6411, 0.6411, 0.6411, 0.6411, 0.6411, 0.6411, 0.1804, 0.1804, 0.1804, 0.1804, 0.1804, 0.1804, 0.1804, 0.1804, 0.1804, 0.1804, 0.1446, 0.1446, 0.1446, 0.1446, 0.1446, 0.1446, 0.1446, 0.1446, 0.1446, 0.1446, 0.1996, 0.1996, 0.1996, 0.1996, 0.1996, 0.1996, 0.1996, 0.1996, 0.1996, 0.1996, 0.1376, 0.1376, 0.1376, 0.1376, 0.1376, 0.1376, 0.1376, 0.1376, 0.1376, 0.1376, 0.178, 0.178, 0.178, 0.178, 0.178, 0.178, 0.178, 0.178, 0.178, 0.178, 0.4518, 0.4518, 0.4518, 0.4518, 0.4518, 0.4518, 0.4518, 0.4518, 0.4518, 0.4518, 0.1696, 0.1696, 0.1696, 0.1696, 0.1696, 0.1696, 0.1696, 0.1696, 0.1696, 0.1696, 0.5237, 0.5237, 0.5237, 0.5237, 0.5237, 0.5237, 0.5237, 0.5237, 0.5237, 0.5237, 0.2344, 0.2344, 0.2344, 0.2344, 0.2344, 0.2344, 0.2344, 0.2344, 0.2344, 0.2344, 0.0812, 0.0812, 0.0812, 0.0812, 0.0812, 0.0812, 0.0812, 0.0812, 0.0812, 0.0812, 0.0934, 0.0934, 0.0934, 0.0934, 0.0934, 0.0934, 0.0934, 0.0934, 0.0934, 0.0934, 0.3575, 0.3575, 0.3575, 0.3575, 0.3575, 0.3575, 0.3575, 0.3575, 0.3575, 0.3575, 0.4426, 0.4426, 0.4426, 0.4426, 0.4426, 0.4426, 0.4426, 0.4426, 0.4426, 0.4426, 0.3521, 0.3521, 0.3521, 0.3521, 0.3521, 0.3521, 0.3521, 0.3521, 0.3521, 0.3521, 0.5408, 0.5408, 0.5408, 0.5408, 0.5408, 0.5408, 0.5408, 0.5408, 0.5408, 0.5408, 0.3574, 0.3574, 0.3574, 0.3574, 0.3574, 0.3574, 0.3574, 0.3574, 0.3574, 0.3574, 0.1128, 0.1128, 0.1128, 0.1128, 0.1128, 0.1128, 0.1128, 0.1128, 0.1128, 0.1128, 0.2746, 0.2746, 0.2746, 0.2746, 0.2746, 0.2746, 0.2746, 0.2746, 0.2746, 0.2746, 0.2885, 0.2885, 0.2885, 0.2885, 0.2885, 0.2885, 0.2885, 0.2885, 0.2885, 0.2885, 0.6293, 0.6293, 0.6293, 0.6293, 0.6293, 0.6293, 0.6293, 0.6293, 0.6293, 0.6293, 0.3025, 0.3025, 0.3025, 0.3025, 0.3025, 0.3025, 0.3025, 0.3025, 0.3025, 0.3025, 0.6744, 0.6744, 0.6744, 0.6744, 0.6744, 0.6744, 0.6744, 0.6744, 0.6744, 0.6744, 0.1471, 0.1471, 0.1471, 0.1471, 0.1471, 0.1471, 0.1471, 0.1471, 0.1471, 0.1471, 0.3379, 0.3379, 0.3379, 0.3379, 0.3379, 0.3379, 0.3379, 0.3379, 0.3379, 0.3379, 0.2947, 0.2947, 0.2947, 0.2947, 0.2947, 0.2947, 0.2947, 0.2947, 0.2947, 0.2947, 0.0955, 0.0955, 0.0955, 0.0955, 0.0955, 0.0955, 0.0955, 0.0955, 0.0955, 0.0955, 0.2528, 0.2528, 0.2528, 0.2528, 0.2528, 0.2528, 0.2528, 0.2528, 0.2528, 0.2528, 0.4703, 0.4703, 0.4703, 0.4703, 0.4703, 0.4703, 0.4703, 0.4703, 0.4703, 0.4703, 0.2603, 0.2603, 0.2603, 0.2603, 0.2603, 0.2603, 0.2603, 0.2603, 0.2603, 0.2603, 0.2838, 0.2838, 0.2838, 0.2838, 0.2838, 0.2838, 0.2838, 0.2838, 0.2838, 0.2838, 0.5834, 0.5834, 0.5834, 0.5834, 0.5834, 0.5834, 0.5834, 0.5834, 0.5834, 0.5834, 0.4385, 0.4385, 0.4385, 0.4385, 0.4385, 0.4385, 0.4385, 0.4385, 0.4385, 0.4385, 0.2944, 0.2944, 0.2944, 0.2944, 0.2944, 0.2944, 0.2944, 0.2944, 0.2944, 0.2944, 0.3147, 0.3147, 0.3147, 0.3147, 0.3147, 0.3147, 0.3147, 0.3147, 0.3147, 0.3147, 0.1355, 0.1355, 0.1355, 0.1355, 0.1355, 0.1355, 0.1355, 0.1355, 0.1355, 0.1355, 0.0747, 0.0747, 0.0747, 0.0747, 0.0747, 0.0747, 0.0747, 0.0747, 0.0747, 0.0747, 0.3217, 0.3217, 0.3217, 0.3217, 0.3217, 0.3217, 0.3217, 0.3217, 0.3217, 0.3217, 0.2555, 0.2555, 0.2555, 0.2555, 0.2555, 0.2555, 0.2555, 0.2555, 0.2555, 0.2555, 0.3548, 0.3548, 0.3548, 0.3548, 0.3548, 0.3548, 0.3548, 0.3548, 0.3548, 0.3548, 0.1346, 0.1346, 0.1346, 0.1346, 0.1346, 0.1346, 0.1346, 0.1346, 0.1346, 0.1346, 0.5484, 0.5484, 0.5484, 0.5484, 0.5484, 0.5484, 0.5484, 0.5484, 0.5484, 0.5484, 0.2941, 0.2941, 0.2941, 0.2941, 0.2941, 0.2941, 0.2941, 0.2941, 0.2941, 0.2941, 0.1206, 0.1206, 0.1206, 0.1206, 0.1206, 0.1206, 0.1206, 0.1206, 0.1206, 0.1206, 0.3077, 0.3077, 0.3077, 0.3077, 0.3077, 0.3077, 0.3077, 0.3077, 0.3077, 0.3077, 0.1635, 0.1635, 0.1635, 0.1635, 0.1635, 0.1635, 0.1635, 0.1635, 0.1635, 0.1635, 0.3784, 0.3784, 0.3784, 0.3784, 0.3784, 0.3784, 0.3784, 0.3784, 0.3784, 0.3784, 0.0814, 0.0814, 0.0814, 0.0814, 0.0814, 0.0814, 0.0814, 0.0814, 0.0814, 0.0814, 0.258, 0.258, 0.258, 0.258, 0.258, 0.258, 0.258, 0.258, 0.258, 0.258, 0.2119, 0.2119, 0.2119, 0.2119, 0.2119, 0.2119, 0.2119, 0.2119, 0.2119, 0.2119, 0.2682, 0.2682, 0.2682, 0.2682, 0.2682, 0.2682, 0.2682, 0.2682, 0.2682, 0.2682, 0.3286, 0.3286, 0.3286, 0.3286, 0.3286, 0.3286, 0.3286, 0.3286, 0.3286, 0.3286, 0.3854, 0.3854, 0.3854, 0.3854, 0.3854, 0.3854, 0.3854, 0.3854, 0.3854, 0.3854, 0.3044, 0.3044, 0.3044, 0.3044, 0.3044, 0.3044, 0.3044, 0.3044, 0.3044, 0.3044, 0.2175, 0.2175, 0.2175, 0.2175, 0.2175, 0.2175, 0.2175, 0.2175, 0.2175, 0.2175, 0.3521, 0.3521, 0.1993, 0.1993, 0.1993, 0.1993, 0.1993, 0.1993, 0.1993, 0.1993, 0.1993, 0.1993, 0.4169, 0.4169, 0.4169, 0.4169, 0.4169, 0.4169, 0.4169, 0.4169, 0.4169, 0.4169, 0.1647, 0.1647, 0.1647, 0.1647, 0.1647, 0.1647, 0.1647, 0.1647, 0.1647, 0.1647, 0.1012, 0.1012, 0.1012, 0.1012, 0.1012, 0.1012, 0.1012, 0.1012, 0.1012, 0.1012, 0.2434, 0.2434, 0.2434, 0.2434, 0.2434, 0.2434, 0.2434, 0.2434, 0.2434, 0.2434, 0.2797, 0.2797, 0.2797, 0.2797, 0.2797, 0.2797, 0.2797, 0.2797, 0.2797, 0.2797, 0.2895, 0.2895, 0.2895, 0.2895, 0.2895, 0.2895, 0.2895, 0.2895, 0.2895, 0.2895, 0.2007, 0.2007, 0.2007, 0.2007, 0.2007, 0.2007, 0.2007, 0.2007, 0.2007, 0.2007, 0.1655, 0.1655, 0.1655, 0.1655, 0.1655, 0.1655, 0.1655, 0.1655, 0.1655, 0.1655, 0.0479, 0.0479, 0.0479, 0.0479, 0.0479, 0.0479, 0.0479, 0.0479, 0.0479, 0.0479, 0.6127, 0.6127, 0.6127, 0.6127, 0.6127, 0.6127, 0.6127, 0.6127, 0.6127, 0.6127, 0.3527, 0.3527, 0.3527, 0.3527, 0.3527, 0.3527, 0.3527, 0.3527, 0.3527, 0.3527, 0.3752, 0.3752, 0.3752, 0.3752, 0.3752, 0.3752, 0.3752, 0.3752, 0.3752, 0.3752, 0.3622, 0.3622, 0.3622, 0.3622, 0.3622, 0.3622, 0.3622, 0.3622, 0.3622, 0.3622, 0.3193, 0.3193, 0.3193, 0.3193, 0.3193, 0.3193, 0.3193, 0.3193, 0.3193, 0.3193, 0.2503, 0.2503, 0.2503, 0.2503, 0.2503, 0.2503, 0.2503, 0.2503, 0.2503, 0.2503, 0.5209, 0.5209, 0.5209, 0.5209, 0.5209, 0.5209, 0.5209, 0.5209, 0.5209, 0.5209, 0.2924, 0.2924, 0.2924, 0.2924, 0.2924, 0.2924, 0.2924, 0.2924, 0.2924, 0.2924, 0.1261, 0.1261, 0.1261, 0.1261, 0.1261, 0.1261, 0.1261, 0.1261, 0.1261, 0.1261, 0.2537, 0.2537, 0.2537, 0.2537, 0.2537, 0.2537, 0.2537, 0.2537, 0.2537, 0.2537, 0.2947, 0.2947, 0.2947, 0.2947, 0.2947, 0.2947, 0.2947, 0.2947, 0.2947, 0.2947, 0.1674, 0.1674, 0.1674, 0.1674, 0.1674, 0.1674, 0.1674, 0.1674, 0.1674, 0.1674, 0.217, 0.217, 0.217, 0.217, 0.217, 0.217, 0.217, 0.217, 0.217, 0.217, 0.1636, 0.1636, 0.1636, 0.1636, 0.1636, 0.1636, 0.1636, 0.1636, 0.1636, 0.1636, 0.2112, 0.2112, 0.2112, 0.2112, 0.2112, 0.2112, 0.2112, 0.2112, 0.2112, 0.2112, 0.3155, 0.3155, 0.3155, 0.3155, 0.3155, 0.3155, 0.3155, 0.3155, 0.3155, 0.3155, 0.2765, 0.2765, 0.2765, 0.2765, 0.2765, 0.2765, 0.2765, 0.2765, 0.2765, 0.2765, 0.0332, 0.0332, 0.0332, 0.0332, 0.0332, 0.0332, 0.0332, 0.0332, 0.0332, 0.0332, 0.134, 0.134, 0.134, 0.134, 0.134, 0.134, 0.134, 0.134, 0.134, 0.134, 0.532, 0.532, 0.532, 0.532, 0.532, 0.532, 0.532, 0.532, 0.532, 0.532, 0.2308, 0.2308, 0.2308, 0.2308, 0.2308, 0.2308, 0.2308, 0.2308, 0.2308, 0.2308, 0.1351, 0.1351, 0.1351, 0.1351, 0.1351, 0.1351, 0.1351, 0.1351, 0.1351, 0.1351, 0.5344, 0.5344, 0.5344, 0.5344, 0.5344, 0.5344, 0.5344, 0.5344, 0.5344, 0.5344, 0.2911, 0.2911, 0.2911, 0.2911, 0.2911, 0.2911, 0.2911, 0.2911, 0.2911, 0.2911, 0.1873, 0.1873, 0.1873, 0.1873, 0.1873, 0.1873, 0.1873, 0.1873, 0.1873, 0.1873, 0.2479, 0.2479, 0.2479, 0.2479, 0.2479, 0.2479, 0.2479, 0.2479, 0.2479, 0.2479, 0.1831, 0.1831, 0.1831, 0.1831, 0.1831, 0.1831, 0.1831, 0.1831, 0.1831, 0.1831, 0.2003, 0.2003, 0.2003, 0.2003, 0.2003, 0.2003, 0.2003, 0.2003, 0.2003, 0.2003, 0.0831, 0.0831, 0.0831, 0.0831, 0.0831, 0.0831, 0.0831, 0.0831, 0.0831, 0.0831, 0.1886, 0.1886, 0.1886, 0.1886, 0.1886, 0.1886, 0.1886, 0.1886, 0.1886, 0.1886, 0.108, 0.108, 0.108, 0.108, 0.108, 0.108, 0.108, 0.108, 0.108, 0.108, 0.2491, 0.2491, 0.2491, 0.2491, 0.2491, 0.2491, 0.2491, 0.2491, 0.2491, 0.2491, 0.3194, 0.3194, 0.3194, 0.3194, 0.3194, 0.3194, 0.3194, 0.3194, 0.3194, 0.3194, 0.2469, 0.2469, 0.2469, 0.2469, 0.2469, 0.2469, 0.2469, 0.2469, 0.2469, 0.2469, 0.2142, 0.2142, 0.2142, 0.2142, 0.2142, 0.2142, 0.2142, 0.2142, 0.2142, 0.2142, 0.3975, 0.3975, 0.3975, 0.3975, 0.3975, 0.3975, 0.3975, 0.3975, 0.3975, 0.3975, 0.1165, 0.1165, 0.1165, 0.1165, 0.1165, 0.1165, 0.1165, 0.1165, 0.1165, 0.1165, 0.1686, 0.1686, 0.1686, 0.1686, 0.1686, 0.1686, 0.1686, 0.1686, 0.1686, 0.1686, 0.359, 0.359, 0.359, 0.359, 0.359, 0.359, 0.359, 0.359, 0.359, 0.359, 0.0125, 0.0125, 0.0125, 0.0125, 0.0125, 0.0125, 0.0125, 0.0125, 0.0125, 0.0125, 0.2258, 0.2258, 0.2258, 0.2258, 0.2258, 0.2258, 0.2258, 0.2258, 0.2258, 0.2258, 0.2517, 0.2517, 0.2517, 0.2517, 0.2517, 0.2517, 0.2517, 0.2517, 0.2517, 0.2517, 0.1098, 0.1098, 0.1098, 0.1098, 0.1098, 0.1098, 0.1098, 0.1098, 0.1098, 0.1098, 0.2519, 0.2519, 0.2519, 0.2519, 0.2519, 0.2519, 0.2519, 0.2519, 0.2519, 0.2519, 0.3074, 0.3074, 0.3074, 0.3074, 0.3074, 0.3074, 0.3074, 0.3074, 0.3074, 0.3074, 0.1242, 0.1242, 0.1242, 0.1242, 0.1242, 0.1242, 0.1242, 0.1242, 0.1242, 0.1242, 0.2602, 0.2602, 0.2602, 0.2602, 0.2602, 0.2602, 0.2602, 0.2602, 0.2602, 0.2602, 0.1625, 0.1625, 0.1625, 0.1625, 0.1625, 0.1625, 0.1625, 0.1625, 0.1625, 0.1625, 0.3228, 0.3228, 0.3228, 0.3228, 0.3228, 0.3228, 0.3228, 0.3228, 0.3228, 0.3228, 0.3735, 0.3735, 0.3735, 0.3735, 0.3735, 0.3735, 0.3735, 0.3735, 0.3735, 0.3735, 0.2199, 0.2199, 0.2199, 0.2199, 0.2199, 0.2199, 0.2199, 0.2199, 0.2199, 0.2199, 0.5609, 0.5609, 0.5609, 0.5609, 0.5609, 0.5609, 0.5609, 0.5609, 0.5609, 0.5609, 0.1286, 0.1286, 0.1286, 0.1286, 0.1286, 0.1286, 0.1286, 0.1286, 0.1286, 0.1286, 0.1375, 0.1375, 0.1375, 0.1375, 0.1375, 0.1375, 0.1375, 0.1375, 0.1375, 0.1375, 0.2104, 0.2104, 0.2104, 0.2104, 0.2104, 0.2104, 0.2104, 0.2104, 0.2104, 0.2104, 0.1509, 0.1509, 0.1509, 0.1509, 0.1509, 0.1509, 0.1509, 0.1509, 0.1509, 0.1509, 0.3434, 0.3434, 0.3434, 0.3434, 0.3434, 0.3434, 0.3434, 0.3434, 0.3434, 0.3434, 0.0373, 0.0373, 0.0373, 0.0373, 0.0373, 0.0373, 0.0373, 0.0373, 0.0373, 0.0373, 0.0126, 0.0126, 0.0126, 0.0126, 0.0126, 0.0126, 0.0126, 0.0126, 0.0126, 0.0126, 0.0498, 0.0498, 0.0498, 0.0498, 0.0498, 0.0498, 0.0498, 0.0498, 0.0498, 0.0498, 0.266, 0.266, 0.266, 0.266, 0.266, 0.266, 0.266, 0.266, 0.266, 0.266, 0.3189, 0.3189, 0.3189, 0.3189, 0.3189, 0.3189, 0.3189, 0.3189, 0.3189, 0.3189, 0.4754, 0.4754, 0.4754, 0.4754, 0.4754, 0.4754, 0.4754, 0.4754, 0.4754, 0.4754, 0.0473, 0.0473, 0.0473, 0.0473, 0.0473, 0.0473, 0.0473, 0.0473, 0.0473, 0.0473, 0.2127, 0.2127, 0.2127, 0.2127, 0.2127, 0.2127, 0.2127, 0.2127, 0.2127, 0.2127, 0.1272, 0.1272, 0.1272, 0.1272, 0.1272, 0.1272, 0.1272, 0.1272, 0.1272, 0.1272, 0.2301, 0.2301, 0.2301, 0.2301, 0.2301, 0.2301, 0.2301, 0.2301, 0.2301, 0.2301, 0.1081, 0.1081, 0.1081, 0.1081, 0.1081, 0.1081, 0.1081, 0.1081, 0.1081, 0.1081, 0.2279, 0.2279, 0.2279, 0.2279, 0.2279, 0.2279, 0.2279, 0.2279, 0.2279, 0.2279, 0.2245, 0.2245, 0.2245, 0.2245, 0.2245, 0.2245, 0.2245, 0.2245, 0.2245, 0.2245, 0.0833, 0.0833, 0.0833, 0.0833, 0.0833, 0.0833, 0.1326, 0.1326, 0.1326, 0.1326, 0.1326, 0.1326, 0.1326, 0.1326, 0.1326, 0.1326, 0.0437, 0.0437, 0.0437, 0.0437, 0.0437, 0.0437, 0.0437, 0.0437, 0.0437, 0.0437, 0.0036, 0.0036, 0.0036, 0.0036, 0.0036, 0.0036, 0.0036, 0.0036, 0.0036, 0.0036, 0.1918, 0.1918, 0.1918, 0.1918, 0.1918, 0.1918, 0.1918, 0.1918, 0.1918, 0.1918, 0.2215, 0.2215, 0.2215, 0.2215, 0.2215, 0.2215, 0.2215, 0.2215, 0.2215, 0.2215, 0.0866, 0.0866, 0.0866, 0.0866, 0.0866, 0.0866, 0.0866, 0.0866, 0.0866, 0.0866, 0.1199, 0.1199, 0.1199, 0.1199, 0.1199, 0.1199, 0.1199, 0.1199, 0.1199, 0.1199, 0.0771, 0.0771, 0.0771, 0.0771, 0.0771, 0.0771, 0.0771, 0.0771, 0.0771, 0.0771, 0.1101, 0.1101, 0.1101, 0.1101, 0.1101, 0.1101, 0.1101, 0.1101, 0.1101, 0.1101, 0.1417, 0.1417, 0.1417, 0.1417, 0.1417, 0.1417, 0.1417, 0.1417, 0.1417, 0.1417, 0.3391, 0.3391, 0.3391, 0.3391, 0.3391, 0.3391, 0.3391, 0.3391, 0.3391, 0.3391, 0.212, 0.212, 0.212, 0.212, 0.212, 0.212, 0.212, 0.212, 0.212, 0.212, 0.1459, 0.1459, 0.1459, 0.1459, 0.1459, 0.1459, 0.1459, 0.1459, 0.1459, 0.1459, 0.1962, 0.1962, 0.1962, 0.1962, 0.1962, 0.1962, 0.1962, 0.1962, 0.1962, 0.1962, 0.2492, 0.2492, 0.2492, 0.2492, 0.2492, 0.2492, 0.2492, 0.2492, 0.2492, 0.2492, 0.3959, 0.3959, 0.3959, 0.3959, 0.3959, 0.3959, 0.3959, 0.3959, 0.3959, 0.3959, 0.1015, 0.1015, 0.1015, 0.1015, 0.1015, 0.1015, 0.1015, 0.1015, 0.1015, 0.1015, 0.0592, 0.0592, 0.0592, 0.0592, 0.0592, 0.0592, 0.0592, 0.0592, 0.0592, 0.0592, 0.1243, 0.1243, 0.1243, 0.1243, 0.1243, 0.1243, 0.1243, 0.1243, 0.1243, 0.1243, 0.2419, 0.2419, 0.2419, 0.2419, 0.2419, 0.2419, 0.2419, 0.2419, 0.2419, 0.2419, 0.1611, 0.1611, 0.1611, 0.1611, 0.1611, 0.1611, 0.1611, 0.1611, 0.1611, 0.1611, 0.0747, 0.0747, 0.0747, 0.0747, 0.0747, 0.0747, 0.0747, 0.0747, 0.0747, 0.0747, 0.1765, 0.1765, 0.1765, 0.1765, 0.1765, 0.1765, 0.1765, 0.1765, 0.1765, 0.1765, 0.2222, 0.2222, 0.2222, 0.2222, 0.2222, 0.2222, 0.2222, 0.2222, 0.2222, 0.2222, 0.4389, 0.4389, 0.4389, 0.4389, 0.4389, 0.4389, 0.4389, 0.4389, 0.4389, 0.4389, 0.1734, 0.1734, 0.1734, 0.1734, 0.1734, 0.1734, 0.1734, 0.1734, 0.1734, 0.1734, 0.1696, 0.1696, 0.1696, 0.1696, 0.1696, 0.1696, 0.1696, 0.1696, 0.1696, 0.1696, 0.5126, 0.5126, 0.5126, 0.5126, 0.5126, 0.5126, 0.5126, 0.5126, 0.5126, 0.5126, 0.1179, 0.1179, 0.1179, 0.1179, 0.1179, 0.1179, 0.1179, 0.1179, 0.1179, 0.1179, 0.2535, 0.2535, 0.2535, 0.2535, 0.2535, 0.2535, 0.2535, 0.2535, 0.2535, 0.2535, 0.145, 0.145, 0.145, 0.145, 0.145, 0.145, 0.145, 0.145, 0.145, 0.145, 0.2107, 0.2107, 0.2107, 0.2107, 0.2107, 0.2107, 0.2107, 0.2107, 0.2107, 0.2107, 0.3551, 0.3551, 0.3551, 0.3551, 0.3551, 0.3551, 0.3551, 0.3551, 0.3551, 0.3551, 0.0886, 0.0886, 0.0886, 0.0886, 0.0886, 0.0886, 0.0886, 0.0886, 0.0886, 0.0886, 0.177, 0.177, 0.177, 0.177, 0.177, 0.177, 0.177, 0.177, 0.177, 0.177, 0.2442, 0.2442, 0.2442, 0.2442, 0.2442, 0.2442, 0.2442, 0.2442, 0.2442, 0.2442, 0.1355, 0.1355, 0.1355, 0.1355, 0.1355, 0.1355, 0.1355, 0.1355, 0.1355, 0.1355, 0.0617, 0.0617, 0.0617, 0.0617, 0.0617, 0.0617, 0.0617, 0.0617, 0.0617, 0.0617, 0.0426, 0.0426, 0.0426, 0.0426, 0.0426, 0.0426, 0.0426, 0.0426, 0.0426, 0.0426, 0.196, 0.196, 0.196, 0.196, 0.196, 0.196, 0.196, 0.196, 0.196, 0.196, 0.2816, 0.2816, 0.2816, 0.2816, 0.2816, 0.2816, 0.2816, 0.2816, 0.2816, 0.2816, 0.1332, 0.1332, 0.1332, 0.1332, 0.1332, 0.1332, 0.1332, 0.1332, 0.1332, 0.1332, 0.3678, 0.3678, 0.3678, 0.3678, 0.3678, 0.3678, 0.3678, 0.3678, 0.3678, 0.3678, 0.1242, 0.1242, 0.1242, 0.1242, 0.1242, 0.1242, 0.1242, 0.1242, 0.1242, 0.1242, 0.3435, 0.3435, 0.3435, 0.3435, 0.3435, 0.3435, 0.3435, 0.3435, 0.3435, 0.3435, 0.1287, 0.1287, 0.1287, 0.1287, 0.1287, 0.1287, 0.1287, 0.1287, 0.1287, 0.1287, 0.0752, 0.0752, 0.0752, 0.0752, 0.0752, 0.0752, 0.0752, 0.0752, 0.0752, 0.0752, 0.2886, 0.2886, 0.2886, 0.2886, 0.2886, 0.2886, 0.2886, 0.2886, 0.2886, 0.2886, 0.1778, 0.1778, 0.1778, 0.1778, 0.1778, 0.1778, 0.1778, 0.1778, 0.1778, 0.1778, 0.1027, 0.1027, 0.1027, 0.1027, 0.1027, 0.1027, 0.1027, 0.1027, 0.1027, 0.1027, 0.0794, 0.0794, 0.0794, 0.0794, 0.0794, 0.0794, 0.0794, 0.0794, 0.0794, 0.0794, 0.2109, 0.2109, 0.2109, 0.2109, 0.2109, 0.2109, 0.2109, 0.2109, 0.2109, 0.2109, 0.2164, 0.2164, 0.2164, 0.2164, 0.2164, 0.2164, 0.2164, 0.2164, 0.2164, 0.2164, 0.1998, 0.1998, 0.1998, 0.1998, 0.1998, 0.1998, 0.1998, 0.1998, 0.1998, 0.1998, 0.1312, 0.1312, 0.1312, 0.1312, 0.1312, 0.1312, 0.1312, 0.1312, 0.1312, 0.1312, 0.0786, 0.0786, 0.0786, 0.0786, 0.0786, 0.0786, 0.0786, 0.0786, 0.0786, 0.0786, 0.3092, 0.3092, 0.3092, 0.3092, 0.3092, 0.3092, 0.3092, 0.3092, 0.3092, 0.3092, 0.0908, 0.0908, 0.0908, 0.0908, 0.0908, 0.0908, 0.0908, 0.0908, 0.0908, 0.0908, 0.3546, 0.3546, 0.3546, 0.3546, 0.3546, 0.3546, 0.3546, 0.3546, 0.3546, 0.3546, 0.2705, 0.2705, 0.2705, 0.2705, 0.2705, 0.2705, 0.2705, 0.2705, 0.2705, 0.2705, 0.2186, 0.2186, 0.2186, 0.2186, 0.2186, 0.2186, 0.2186, 0.2186, 0.2186, 0.2186, 0.1036, 0.1036, 0.1036, 0.1036, 0.1036, 0.1036, 0.1036, 0.1036, 0.1036, 0.1036, 0.2404, 0.2404, 0.2404, 0.2404, 0.2404, 0.2404, 0.2404, 0.2404, 0.2404, 0.2404, 0.1043, 0.1043, 0.1043, 0.1043, 0.1043, 0.1043, 0.1043, 0.1043, 0.1043, 0.1043, 0.1957, 0.1957, 0.1957, 0.1957, 0.1957, 0.1957, 0.1957, 0.1957, 0.1957, 0.1957, 0.0952, 0.0952, 0.0952, 0.0952, 0.0952, 0.0952, 0.0952, 0.0952, 0.0952, 0.0952, 0.0686, 0.0686, 0.0686, 0.0686, 0.0686, 0.0686, 0.0686, 0.0686, 0.0686, 0.0686, 0.3646, 0.3646, 0.3646, 0.3646, 0.3646, 0.3646, 0.3646, 0.3646, 0.3646, 0.3646, 0.2353, 0.2353, 0.2353, 0.2353, 0.2353, 0.2353, 0.2353, 0.2353, 0.2353, 0.2353, 0.0207, 0.0207, 0.0207, 0.0207, 0.0207, 0.0207, 0.0207, 0.0207, 0.0207, 0.0207, 0.0635, 0.0635, 0.0635, 0.0635, 0.0635, 0.0635, 0.0635, 0.0635, 0.0635, 0.0635, 0.1779, 0.1779, 0.1779, 0.1779, 0.1779, 0.1779, 0.1779, 0.1779, 0.1779, 0.1779, 0.1695, 0.1695, 0.1695, 0.1695, 0.1695, 0.1695, 0.1695, 0.1695, 0.1695, 0.1695, 0.0549, 0.0549, 0.0549, 0.0549, 0.0549, 0.0549, 0.0549, 0.0549, 0.0549, 0.0549, 0.2681, 0.2681, 0.2681, 0.2681, 0.2681, 0.2681, 0.2681, 0.2681, 0.2681, 0.2681, 0.2374, 0.2374, 0.2374, 0.2374, 0.2374, 0.2374, 0.2374, 0.2374, 0.2374, 0.2374, 0.004, 0.004, 0.004, 0.004, 0.004, 0.004, 0.004, 0.004, 0.004, 0.004, 0.2562, 0.2562, 0.2562, 0.2562, 0.2562, 0.2562, 0.2562, 0.2562, 0.2562, 0.2562, 0.2686, 0.2686, 0.2686, 0.2686, 0.2686, 0.2686, 0.2686, 0.2686, 0.2686, 0.2686, 0.1184, 0.1184, 0.1184, 0.1184, 0.1184, 0.1184, 0.1184, 0.1184, 0.1184, 0.1184, 0.0455, 0.0455, 0.0455, 0.0455, 0.0455, 0.0455, 0.0455, 0.0455, 0.0455, 0.0455, 0.2833, 0.2833, 0.2833, 0.2833, 0.2833, 0.2833, 0.2833, 0.2833, 0.2833, 0.2833, 0.0086, 0.0086, 0.0086, 0.0086, 0.0086, 0.0086, 0.0086, 0.0086, 0.0086, 0.0086, 0.2003, 0.2003, 0.2003, 0.2003, 0.2003, 0.2003, 0.2003, 0.2003, 0.2003, 0.2003, 0.0845, 0.0845, 0.0845, 0.0845, 0.0845, 0.0845, 0.0845, 0.0845, 0.0845, 0.0845, 0.0781, 0.0781, 0.0781, 0.0781, 0.0781, 0.0781, 0.0781, 0.0781, 0.0781, 0.0781, 0.0928, 0.0928, 0.0928, 0.0928, 0.0928, 0.0928, 0.0928, 0.0928, 0.0928, 0.0928, 0.1829, 0.1829, 0.1829, 0.1829, 0.1829, 0.1829, 0.1829, 0.1829, 0.1829, 0.1829, 0.0035, 0.0035, 0.0035, 0.0035, 0.0035, 0.0035, 0.0035, 0.0035, 0.0035, 0.0035, 0.0987, 0.0987, 0.0987, 0.0987, 0.0987, 0.0987, 0.0987, 0.0987, 0.0987, 0.0987, 0.0434, 0.0434, 0.0434, 0.0434, 0.0434, 0.0434, 0.0434, 0.0434, 0.0434, 0.0434, 0.0673, 0.0673, 0.0673, 0.0673, 0.0673, 0.0673, 0.0673, 0.0673, 0.0673, 0.0673, 0.2412, 0.2412, 0.2412, 0.2412, 0.2412, 0.2412, 0.2412, 0.2412, 0.2412, 0.2412, 0.013, 0.013, 0.013, 0.013, 0.013, 0.013, 0.013, 0.013, 0.013, 0.013, 0.0956, 0.0956, 0.0956, 0.0956, 0.0956, 0.0956, 0.0956, 0.0956, 0.0956, 0.0956, 0.2204, 0.2204, 0.2204, 0.2204, 0.2204, 0.2204, 0.2204, 0.2204, 0.2204, 0.2204, 0.0811, 0.0811, 0.0811, 0.0811, 0.0811, 0.0811, 0.0811, 0.0811, 0.0811, 0.0811, 0.097, 0.097, 0.097, 0.097, 0.097, 0.097, 0.097, 0.097, 0.097, 0.097, 0.1789, 0.1789, 0.1789, 0.1789, 0.1789, 0.1789, 0.1789, 0.1789, 0.1789, 0.1789, 0.1613, 0.1613, 0.1613, 0.1613, 0.1613, 0.1613, 0.1613, 0.1613, 0.1613, 0.1613, 0.0333, 0.0333, 0.0333, 0.0333, 0.0333, 0.0333, 0.0333, 0.0333, 0.0333, 0.0333, 0.0826, 0.0826, 0.0826, 0.0826, 0.0826, 0.0826, 0.0826, 0.0826, 0.0826, 0.0826, 0.262, 0.262, 0.262, 0.262, 0.262, 0.262, 0.262, 0.262, 0.262, 0.262, 0.5887, 0.5887, 0.5887, 0.5887, 0.5887, 0.5887, 0.5887, 0.5887, 0.5887, 0.5887, 0.2145, 0.2145, 0.2145, 0.2145, 0.2145, 0.2145, 0.2145, 0.2145, 0.2145, 0.2145, 0.2896, 0.2896, 0.2896, 0.2896, 0.2896, 0.2896, 0.2896, 0.2896, 0.2896, 0.2896, 0.0822, 0.0822, 0.0822, 0.0822, 0.0822, 0.0822, 0.0822, 0.0822, 0.0822, 0.0822, 0.1167, 0.1167, 0.1167, 0.1167, 0.1167, 0.1167, 0.1167, 0.1167, 0.1167, 0.1167, 0.3741, 0.3741, 0.3741, 0.3741, 0.3741, 0.3741, 0.3741, 0.3741, 0.3741, 0.3741, 0.154, 0.154, 0.154, 0.154, 0.154, 0.154, 0.154, 0.154, 0.154, 0.154, 0.372, 0.372, 0.372, 0.372, 0.372, 0.372, 0.372, 0.372, 0.372, 0.372, 0.1174, 0.1174, 0.1174, 0.1174, 0.1174, 0.1174, 0.1174, 0.1174, 0.1174, 0.1174, 0.1179, 0.1179, 0.1179, 0.1179, 0.1179, 0.1179, 0.1179, 0.1179, 0.1179, 0.1179, 0.5562, 0.5562, 0.5562, 0.5562, 0.5562, 0.5562, 0.5562, 0.5562, 0.5562, 0.5562, 0.035, 0.035, 0.035, 0.035, 0.035, 0.035, 0.035, 0.035, 0.035, 0.035, 0.0701, 0.0701, 0.0701, 0.0701, 0.0701, 0.0701, 0.0701, 0.0701, 0.0701, 0.0701, 0.0785, 0.0785, 0.0785, 0.0785, 0.0785, 0.0785, 0.0785, 0.0785, 0.0785, 0.0785, 0.0713, 0.0713, 0.0713, 0.0713, 0.0713, 0.0713, 0.0713, 0.0713, 0.0713, 0.0713, 0.0039, 0.0039, 0.0039, 0.0039, 0.0039, 0.0039, 0.0039, 0.0039, 0.0039, 0.0039, 0.2074, 0.2074, 0.2074, 0.2074, 0.2074, 0.2074, 0.2074, 0.2074, 0.2074, 0.2074, 0.1148, 0.1148, 0.1148, 0.1148, 0.1148, 0.1148, 0.1148, 0.1148, 0.1148, 0.1148, 0.2852, 0.2852, 0.2852, 0.2852, 0.2852, 0.2852, 0.2852, 0.2852, 0.2852, 0.2852, 0.3739, 0.3739, 0.3739, 0.3739, 0.3739, 0.3739, 0.3739, 0.3739, 0.3739, 0.3739, 0.1764, 0.1764, 0.1764, 0.1764, 0.1764, 0.1764, 0.1764, 0.1764, 0.1764, 0.1764, 0.2547, 0.2547, 0.2547, 0.2547, 0.2547, 0.2547, 0.2547, 0.2547, 0.2547, 0.2547, 0.0795, 0.0795, 0.0795, 0.0795, 0.0795, 0.0795, 0.0795, 0.0795, 0.0795, 0.0795, 0.0633, 0.0633, 0.0633, 0.0633, 0.0633, 0.0633, 0.0633, 0.0633, 0.0633, 0.0633, 0.4115, 0.4115, 0.4115, 0.4115, 0.4115, 0.4115, 0.4115, 0.4115, 0.4115, 0.4115, 0.0126, 0.0126, 0.0126, 0.0126, 0.0126, 0.0126, 0.0126, 0.0126, 0.0126, 0.0126, 0.1834, 0.1834, 0.1834, 0.1834, 0.1834, 0.1834, 0.1834, 0.1834, 0.1834, 0.1834, 0.0043, 0.0043, 0.0043, 0.0043, 0.0043, 0.0043, 0.0043, 0.0043, 0.0043, 0.0043, 0.2548, 0.2548, 0.2548, 0.2548, 0.2548, 0.2548, 0.2548, 0.2548, 0.2548, 0.2548, 0.0226, 0.0226, 0.0226, 0.0226, 0.0226, 0.0226, 0.0226, 0.0226, 0.0226, 0.0226, 0.1735, 0.1735, 0.1735, 0.1735, 0.1735, 0.1735, 0.1735, 0.1735, 0.1735, 0.1735, 0.1562, 0.1562, 0.1562, 0.1562, 0.1562, 0.1562, 0.1562, 0.1562, 0.1562, 0.1562, 0.0706, 0.0706, 0.0706, 0.0706, 0.0706, 0.0706, 0.0706, 0.0706, 0.0706, 0.0706, 0.2689, 0.2689, 0.2689, 0.2689, 0.2689, 0.2689, 0.2689, 0.2689, 0.2689, 0.2689, 0.1793, 0.1793, 0.1793, 0.1793, 0.1793, 0.1793, 0.1793, 0.1793, 0.1793, 0.1793, 0.0638, 0.0638, 0.0638, 0.0638, 0.0638, 0.0638, 0.0638, 0.0638, 0.0638, 0.0638, 0.0024, 0.0024, 0.0024, 0.0024, 0.0024, 0.0024, 0.0024, 0.0024, 0.0024, 0.0024, 0.0991, 0.0991, 0.0991, 0.0991, 0.0991, 0.0991, 0.0991, 0.0991, 0.0991, 0.0991, 0.2695, 0.2695, 0.2695, 0.2695, 0.2695, 0.2695, 0.2695, 0.2695, 0.2695, 0.2695, 0.2228, 0.2228, 0.2228, 0.2228, 0.2228, 0.2228, 0.2228, 0.2228, 0.2228, 0.2228, 0.0714, 0.0714, 0.0714, 0.0714, 0.0714, 0.0714, 0.0714, 0.0714, 0.0714, 0.0714, 0.0337, 0.0337, 0.0337, 0.0337, 0.0337, 0.0337, 0.0337, 0.0337, 0.0337, 0.0337, 0.0732, 0.0732, 0.0732, 0.0732, 0.0732, 0.0732, 0.0732, 0.0732, 0.0732, 0.0732, 0.2848, 0.2848, 0.2848, 0.2848, 0.2848, 0.2848, 0.2848, 0.2848, 0.2848, 0.2848, 0.2747, 0.2747, 0.2747, 0.2747, 0.2747, 0.2747, 0.2747, 0.2747, 0.2747, 0.2747, 0.0104, 0.0104, 0.0104, 0.0104, 0.0104, 0.0104, 0.0104, 0.0104, 0.0104, 0.0104, 0.2319, 0.2319, 0.2319, 0.2319, 0.2319, 0.2319, 0.2319, 0.2319, 0.2319, 0.2319, 0.118, 0.118, 0.118, 0.118, 0.118, 0.118, 0.118, 0.118, 0.118, 0.118, 0.1835, 0.1835, 0.1835, 0.1835, 0.1835, 0.1835, 0.1835, 0.1835, 0.1835, 0.1835, 0.0499, 0.0499, 0.0499, 0.0499, 0.0499, 0.0499, 0.0499, 0.0499, 0.0499, 0.0499, 0.2097, 0.2097, 0.2097, 0.2097, 0.2097, 0.2097, 0.2097, 0.2097, 0.2097, 0.2097, 0.0898, 0.0898, 0.0898, 0.0898, 0.0898, 0.0898, 0.0898, 0.0898, 0.0898, 0.0898, 0.1842, 0.1842, 0.1842, 0.1842, 0.1842, 0.1842, 0.1842, 0.1842, 0.1842, 0.1842, 0.2591, 0.2591, 0.2591, 0.2591, 0.2591, 0.2591, 0.2591, 0.2591, 0.2591, 0.2591, 0.1652, 0.1652, 0.1652, 0.1652, 0.1652, 0.1652, 0.1652, 0.1652, 0.1652, 0.1652, 0.1109, 0.1109, 0.1109, 0.1109, 0.1109, 0.1109, 0.1109, 0.1109, 0.1109, 0.1109, 0.2617, 0.2617, 0.2617, 0.2617, 0.2617, 0.2617, 0.2617, 0.2617, 0.2617, 0.2617, 0.1608, 0.1608, 0.1608, 0.1608, 0.1608, 0.1608, 0.1608, 0.1608, 0.1608, 0.1608, 0.0992, 0.0992, 0.0992, 0.0992, 0.0037, 0.0037, 0.0037, 0.0037, 0.0037, 0.0037, 0.0037, 0.0037, 0.0037, 0.0037, 0.1403, 0.1403, 0.1403, 0.1403, 0.1403, 0.1403, 0.1403, 0.1403, 0.1403, 0.1403, 0.0034, 0.0034, 0.0034, 0.0034, 0.0034, 0.0034, 0.0034, 0.0034, 0.0034, 0.0034, 0.1442, 0.1442, 0.1442, 0.1442, 0.1442, 0.1442, 0.1442, 0.1442, 0.1442, 0.1442, 0.1002, 0.1002, 0.1002, 0.1002, 0.1002, 0.1002, 0.1002, 0.1002, 0.1002, 0.1002, 0.427, 0.427, 0.427, 0.427, 0.427, 0.427, 0.427, 0.427, 0.427, 0.427, 0.1603, 0.1603, 0.1603, 0.1603, 0.1603, 0.1603, 0.1603, 0.1603, 0.1603, 0.1603, 0.0031, 0.0031, 0.0031, 0.0031, 0.0031, 0.0031, 0.0031, 0.0031, 0.0031, 0.0031, 0.0725, 0.0725, 0.0725, 0.0725, 0.0725, 0.0725, 0.0725, 0.0725, 0.0725, 0.0725, 0.1783, 0.1783, 0.1783, 0.1783, 0.1783, 0.1783, 0.1783, 0.1783, 0.1783, 0.1783, 0.093, 0.093, 0.093, 0.093, 0.093, 0.093, 0.093, 0.093, 0.093, 0.093, 0.2459, 0.2459, 0.2459, 0.2459, 0.2459, 0.2459, 0.2459, 0.2459, 0.2459, 0.2459, 0.4476, 0.4476, 0.4476, 0.4476, 0.4476, 0.4476, 0.4476, 0.4476, 0.4476, 0.4476, 0.1589, 0.1589, 0.1589, 0.1589, 0.1589, 0.1589, 0.1589, 0.1589, 0.1589, 0.1589, 0.1706, 0.1706, 0.1706, 0.1706, 0.1706, 0.1706, 0.1706, 0.1706, 0.1706, 0.1706, 0.2011, 0.2011, 0.2011, 0.2011, 0.2011, 0.2011, 0.2011, 0.2011, 0.2011, 0.2011, 0.005, 0.005, 0.005, 0.005, 0.005, 0.005, 0.005, 0.005, 0.005, 0.005, 0.1604, 0.1604, 0.1604, 0.1604, 0.1604, 0.1604, 0.1604, 0.1604, 0.1604, 0.1604, 0.0035, 0.0035, 0.0035, 0.0035, 0.0035, 0.0035, 0.0035, 0.0035, 0.0035, 0.0035, 0.1016, 0.1016, 0.1016, 0.1016, 0.1016, 0.1016, 0.1016, 0.1016, 0.1016, 0.1016, 0.0031, 0.0031, 0.0031, 0.0031, 0.0031, 0.0031, 0.0031, 0.0031, 0.0031, 0.0031, 0.0696, 0.0696, 0.0696, 0.0696, 0.0696, 0.0696, 0.0696, 0.0696, 0.0696, 0.0696, 0.0664, 0.0664, 0.0664, 0.0664, 0.0664, 0.0664, 0.0664, 0.0664, 0.0664, 0.0664, 0.1577, 0.1577, 0.1577, 0.1577, 0.1577, 0.1577, 0.1577, 0.1577, 0.1577, 0.1577, 0.0034, 0.0034, 0.0034, 0.0034, 0.0034, 0.0034, 0.0034, 0.0034, 0.0034, 0.0034, 0.0025, 0.0025, 0.0025, 0.0025, 0.0025, 0.0025, 0.0025, 0.0025, 0.0025, 0.0025, 0.0051, 0.0051, 0.0051, 0.0051, 0.0051, 0.0051, 0.0051, 0.0051, 0.0051, 0.0051, 0.0024, 0.0024, 0.0024, 0.0024, 0.0024, 0.0024, 0.0024, 0.0024, 0.0024, 0.0024, 0.0688, 0.0688, 0.0688, 0.0688, 0.0688, 0.0688, 0.0688, 0.0688, 0.0688, 0.0688, 0.0444, 0.0444, 0.0444, 0.0444, 0.0444, 0.0444, 0.0444, 0.0444, 0.0444, 0.0444, 0.0928, 0.0928, 0.0928, 0.0928, 0.0928, 0.0928, 0.0928, 0.0928, 0.0928, 0.0928, 0.0676, 0.0676, 0.0676, 0.0676, 0.0676, 0.0676, 0.0676, 0.0676, 0.0676, 0.0676, 0.1803, 0.1803, 0.1803, 0.1803, 0.1803, 0.1803, 0.1803, 0.1803, 0.1803, 0.1803, 0.0753, 0.0753, 0.0753, 0.0753, 0.0753, 0.0753, 0.0753, 0.0753, 0.0753, 0.0753, 0.1799, 0.1799, 0.1799, 0.1799, 0.1799, 0.1799, 0.1799, 0.1799, 0.1799, 0.1799, 0.1467, 0.1467, 0.1467, 0.1467, 0.1467, 0.1467, 0.1467, 0.1467, 0.1467, 0.1467, 0.2953, 0.2953, 0.2953, 0.2953, 0.2953, 0.2953, 0.2953, 0.2953, 0.2953, 0.2953, 0.0037, 0.0037, 0.0037, 0.0037, 0.0037, 0.0037, 0.0037, 0.0037, 0.0037, 0.0037, 0.1675, 0.1675, 0.1675, 0.1675, 0.1675, 0.1675, 0.1675, 0.1675, 0.1675, 0.1675, 0.1517, 0.1517, 0.1517, 0.1517, 0.1517, 0.1517, 0.1517, 0.1517, 0.1517, 0.1517, 0.0474, 0.0474, 0.0474, 0.0474, 0.0474, 0.0474, 0.0474, 0.0474, 0.0474, 0.0474, 0.1277, 0.1277, 0.1277, 0.1277, 0.1277, 0.1277, 0.1277, 0.1277, 0.1277, 0.1277, 0.0725, 0.0725, 0.0725, 0.0725, 0.0725, 0.0725, 0.0725, 0.0725, 0.0725, 0.0725, 0.2701, 0.2701, 0.2701, 0.2701, 0.2701, 0.2701, 0.2701, 0.2701, 0.2701, 0.2701, 0.0386, 0.0386, 0.0386, 0.0386, 0.0386, 0.0386, 0.0386, 0.0386, 0.0386, 0.0386, 0.1541, 0.1541, 0.1541, 0.1541, 0.1541, 0.1541, 0.1541, 0.1541, 0.1541, 0.1541, 0.1765, 0.1765, 0.1765, 0.1765, 0.1765, 0.1765, 0.1765, 0.1765, 0.1765, 0.1765, 0.2136, 0.2136, 0.2136, 0.2136, 0.2136, 0.2136, 0.2136, 0.2136, 0.2136, 0.2136, 0.2103, 0.2103, 0.2103, 0.2103, 0.2103, 0.2103, 0.2103, 0.2103, 0.2103, 0.2103, 0.2676, 0.2676, 0.2676, 0.2676, 0.2676, 0.2676, 0.2676, 0.2676, 0.2676, 0.2676, 0.2287, 0.2287, 0.2287, 0.2287, 0.2287, 0.2287, 0.2287, 0.2287, 0.2287, 0.2287, 0.004, 0.004, 0.004, 0.004, 0.004, 0.004, 0.004, 0.004, 0.004, 0.004, 0.0744, 0.0744, 0.0744, 0.0744, 0.0744, 0.0744, 0.0744, 0.0744, 0.0744, 0.0744, 0.0338, 0.0338, 0.0338, 0.0338, 0.0338, 0.0338, 0.0338, 0.0338, 0.0338, 0.0338, 0.131, 0.131, 0.131, 0.131, 0.131, 0.131, 0.131, 0.131, 0.131, 0.131, 0.0035, 0.0035, 0.0035, 0.0035, 0.0035, 0.0035, 0.0035, 0.0035, 0.0035, 0.0035, 0.168, 0.168, 0.168, 0.168, 0.168, 0.168, 0.168, 0.168, 0.168, 0.168, 0.0027, 0.0027, 0.0027, 0.0027, 0.0027, 0.0027, 0.0027, 0.0027, 0.0027, 0.0027, 0.1134, 0.1134, 0.1134, 0.1134, 0.1134, 0.1134, 0.1134, 0.1134, 0.1134, 0.1134, 0.24, 0.24, 0.24, 0.24, 0.24, 0.24, 0.24, 0.24, 0.24, 0.24, 0.1321, 0.1321, 0.1321, 0.1321, 0.1321, 0.1321, 0.1321, 0.1321, 0.1321, 0.1321, 0.104, 0.104, 0.104, 0.104, 0.104, 0.104, 0.104, 0.104, 0.104, 0.104, 0.0833, 0.0833, 0.0833, 0.0833, 0.0833, 0.0833, 0.0833, 0.0833, 0.0833, 0.0833, 0.0976, 0.0976, 0.0976, 0.0976, 0.0976, 0.0976, 0.0976, 0.0976, 0.0976, 0.0976, 0.013, 0.013, 0.013, 0.013, 0.013, 0.013, 0.013, 0.013, 0.013, 0.013, 0.0022, 0.0022, 0.0022, 0.0022, 0.0022, 0.0022, 0.0022, 0.0022, 0.0022, 0.0022, 0.0881, 0.0881, 0.0881, 0.0881, 0.0881, 0.0881, 0.0881, 0.0881, 0.0881, 0.0881, 0.3059, 0.3059, 0.3059, 0.3059, 0.3059, 0.3059, 0.3059, 0.3059, 0.3059, 0.3059, 0.0878, 0.0878, 0.0878, 0.0878, 0.0878, 0.0878, 0.0878, 0.0878, 0.0878, 0.0878, 0.092, 0.092, 0.092, 0.092, 0.092, 0.092, 0.092, 0.092, 0.092, 0.092, 0.0022, 0.0022, 0.0022, 0.0022, 0.0022, 0.0022, 0.0022, 0.0022, 0.0022, 0.0022, 0.0018, 0.0018, 0.0018, 0.0018, 0.0018, 0.0018, 0.0018, 0.0018, 0.0018, 0.0018, 0.0018, 0.0018, 0.0018, 0.0018, 0.0018, 0.0018, 0.0018, 0.0018, 0.0018, 0.0018, 0.0017, 0.0017, 0.0017, 0.0017, 0.0017, 0.0017, 0.0017, 0.0017, 0.0017, 0.0017, 0.09, 0.09, 0.09, 0.09, 0.09, 0.09, 0.09, 0.09, 0.09, 0.09, 0.0015, 0.0015, 0.0015, 0.0015, 0.0015, 0.0015, 0.0015, 0.0015, 0.0015, 0.0015, 0.0016, 0.0016, 0.0016, 0.0016, 0.0016, 0.0016, 0.0016, 0.0016, 0.0016, 0.0016, 0.0012, 0.0012, 0.0012, 0.0012, 0.0012, 0.0012, 0.0012, 0.0012, 0.0012, 0.0012, 0.101, 0.101, 0.101, 0.101, 0.101, 0.101, 0.101, 0.101, 0.101, 0.101, 0.1027, 0.1027, 0.1027, 0.1027, 0.1027, 0.1027, 0.1027, 0.1027, 0.1027, 0.1027, 0.098, 0.098, 0.098, 0.098, 0.098, 0.098, 0.098, 0.098, 0.0686, 0.0686, 0.0686, 0.0686, 0.0686, 0.0686, 0.0686, 0.0686, 0.0686, 0.0686, 0.0917, 0.0917, 0.0917, 0.0917, 0.0917, 0.0917, 0.0917, 0.0917, 0.0917, 0.0917, 0.2012, 0.2012, 0.2012, 0.2012, 0.2012, 0.2012, 0.2012, 0.2012, 0.2012, 0.2012, 0.1484, 0.1484, 0.1484, 0.1484, 0.1484, 0.1484, 0.1484, 0.1484, 0.1484, 0.1484, 0.1651, 0.1651, 0.1651, 0.1651, 0.1651, 0.1651, 0.1651, 0.1651, 0.1651, 0.1651, 0.1762, 0.1762, 0.1762, 0.1762, 0.1762, 0.1762, 0.1762, 0.1762, 0.1762, 0.1762, 0.0026, 0.0026, 0.0026, 0.0026, 0.0026, 0.0026, 0.0026, 0.0026, 0.0026, 0.0026, 0.0801, 0.0801, 0.0801, 0.0801, 0.0801, 0.0801, 0.0801, 0.0801, 0.0801, 0.0801, 0.0032, 0.0032, 0.0032, 0.0032, 0.0032, 0.0032, 0.0032, 0.0032, 0.0032, 0.0032, 0.1236, 0.1236, 0.1236, 0.1236, 0.1236, 0.1236, 0.1236, 0.1236, 0.1236, 0.1236, 0.102, 0.102, 0.102, 0.102, 0.102, 0.102, 0.102, 0.102, 0.102, 0.102, 0.0811, 0.0811, 0.0811, 0.0811, 0.0811, 0.0811, 0.0811, 0.0811, 0.0811, 0.0811, 0.1769, 0.1769, 0.1769, 0.1769, 0.1769, 0.1769, 0.1769, 0.1769, 0.1769, 0.1769, 0.0021, 0.0021, 0.0021, 0.0021, 0.0021, 0.0021, 0.0021, 0.0021, 0.0021, 0.0021, 0.17, 0.17, 0.17, 0.17, 0.17, 0.17, 0.17, 0.17, 0.17, 0.17, 0.0309, 0.0309, 0.0309, 0.0309, 0.0309, 0.0309, 0.0309, 0.0309, 0.0309, 0.0309, 0.0167, 0.0167, 0.0167, 0.0167, 0.0167, 0.0167, 0.0167, 0.0167, 0.0167, 0.0167, 0.0832, 0.0832, 0.0832, 0.0832, 0.0832, 0.0832, 0.0832, 0.0832, 0.0832, 0.0832, 0.1051, 0.1051, 0.1051, 0.1051, 0.1051, 0.1051, 0.1051, 0.1051, 0.1051, 0.1051, 0.3088, 0.3088, 0.3088, 0.3088, 0.3088, 0.3088, 0.3088, 0.3088, 0.3088, 0.3088, 0.1023, 0.1023, 0.1023, 0.1023, 0.1023, 0.1023, 0.1023, 0.1023, 0.1023, 0.1023, 0.0785, 0.0785, 0.0785, 0.0785, 0.0785, 0.0785, 0.0785, 0.0785, 0.0785, 0.0785, 0.0015, 0.0015, 0.0015, 0.0015, 0.0015, 0.0015, 0.0015, 0.0015, 0.0015, 0.0015, 0.1549, 0.1549, 0.1549, 0.1549, 0.1549, 0.1549, 0.1549, 0.1549, 0.1549, 0.1549, 0.002, 0.002, 0.002, 0.002, 0.002, 0.002, 0.002, 0.002, 0.002, 0.002, 0.0566, 0.0566, 0.0566, 0.0566, 0.0566, 0.0566, 0.0566, 0.0566, 0.0566, 0.0566, 0.0018, 0.0018, 0.0018, 0.0018, 0.0018, 0.0018, 0.0018, 0.0018, 0.0018, 0.0018, 0.1043, 0.1043, 0.1043, 0.1043, 0.1043, 0.1043, 0.1043, 0.1043, 0.1043, 0.1043, 0.0017, 0.0017, 0.0017, 0.0017, 0.0017, 0.0017, 0.0017, 0.0017, 0.0017, 0.0017, 0.0012, 0.0012, 0.0012, 0.0012, 0.0012, 0.0012, 0.0012, 0.0012, 0.0012, 0.0012, 0.0832, 0.0832, 0.0832, 0.0832, 0.0832, 0.0832, 0.0832, 0.0832, 0.0832, 0.0832, 0.1741, 0.1741, 0.1741, 0.1741, 0.1741, 0.1741, 0.1741, 0.1741, 0.1741, 0.1741, 0.0841, 0.0841, 0.0841, 0.0841, 0.0841, 0.0841, 0.0841, 0.0841, 0.0841, 0.0841, 0.0591, 0.0591, 0.0591, 0.0591, 0.0591, 0.0591, 0.0591, 0.0591, 0.0591, 0.0591, 0.1027, 0.1027, 0.1027, 0.1027, 0.1027, 0.1027, 0.1027, 0.1027, 0.1027, 0.1027, 0.0919, 0.0919, 0.0919, 0.0919, 0.0919, 0.0919, 0.0919, 0.0919, 0.0919, 0.0919, 0.0016, 0.0016, 0.0016, 0.0016, 0.0016, 0.0016, 0.0016, 0.0016, 0.0016, 0.0016, 0.0021, 0.0021, 0.0021, 0.0021, 0.0021, 0.0021, 0.0021, 0.0021, 0.0021, 0.0021, 0.0382, 0.0382, 0.0382, 0.0382, 0.0382, 0.0382, 0.0382, 0.0382, 0.0382, 0.0382, 0.0271, 0.0271, 0.0271, 0.0271, 0.0271, 0.0271, 0.0271, 0.0271, 0.0271, 0.0271, 0.2604, 0.2604, 0.2604, 0.2604, 0.2604, 0.2604, 0.2604, 0.2604, 0.2604, 0.2604, 0.0728, 0.0728, 0.0728, 0.0728, 0.0728, 0.0728, 0.0728, 0.0728, 0.0728, 0.0728, 0.074, 0.074, 0.074, 0.074, 0.074, 0.074, 0.074, 0.074, 0.074, 0.074, 0.0018, 0.0018, 0.0018, 0.0018, 0.0018, 0.0018, 0.0018, 0.0018, 0.0018, 0.0018, 0.0532, 0.0532, 0.0532, 0.0532, 0.0532, 0.0532, 0.0532, 0.0532, 0.0532, 0.0532, 0.0013, 0.0013, 0.0013, 0.0013, 0.0013, 0.0013, 0.0013, 0.0013, 0.0013, 0.0013, 0.0011, 0.0011, 0.0011, 0.0011, 0.0011, 0.0011, 0.0011, 0.0011, 0.0011, 0.0011, 0.1615, 0.1615, 0.1615, 0.1615, 0.1615, 0.1615, 0.1615, 0.1615, 0.1615, 0.1615, 0.1307, 0.1307, 0.1307, 0.1307, 0.1307, 0.1307, 0.1307, 0.1307, 0.1307, 0.1307, 0.0013, 0.0013, 0.0013, 0.0013, 0.0013, 0.0013, 0.0013, 0.0013, 0.0013, 0.0013, 0.0014, 0.0014, 0.0014, 0.0014, 0.0014, 0.0014, 0.0014, 0.0014, 0.0014, 0.0014, 0.0896, 0.0896, 0.0896, 0.0896, 0.0896, 0.0896, 0.0896, 0.0896, 0.0896, 0.0896, 0.1889, 0.1889, 0.1889, 0.1889, 0.1889, 0.1889, 0.1889, 0.1889, 0.1889, 0.1889, 0.4334, 0.4334, 0.4334, 0.4334, 0.4334, 0.4334, 0.4334, 0.4334, 0.4334, 0.4334, 0.0022, 0.0022, 0.0022, 0.0022, 0.0022, 0.0022, 0.0022, 0.0022, 0.0022, 0.0022, 0.0776, 0.0776, 0.0776, 0.0776, 0.0776, 0.0776, 0.0776, 0.0776, 0.0776, 0.0776, 0.0997, 0.0997, 0.0997, 0.0997, 0.0997, 0.0997, 0.0997, 0.0997, 0.0997, 0.0997, 0.0014, 0.0014, 0.0014, 0.0014, 0.0014, 0.0014, 0.0014, 0.0014, 0.0014, 0.0014, 0.1127, 0.1127, 0.1127, 0.1127, 0.1127, 0.1127, 0.1127, 0.1127, 0.1127, 0.1127, 0.0013, 0.0013, 0.0013, 0.0013, 0.0013, 0.0013, 0.0013, 0.0013, 0.0013, 0.0013, 0.0172, 0.0172, 0.0172, 0.0172, 0.0172, 0.0172, 0.0172, 0.0172, 0.0172, 0.0172, 0.0015, 0.0015, 0.0015, 0.0015, 0.0015, 0.0015, 0.0015, 0.0015, 0.0015, 0.0015, 0.0013, 0.0013, 0.0013, 0.0013, 0.0013, 0.0013, 0.0013, 0.0013, 0.0013, 0.0013, 0.1631, 0.1631, 0.1631, 0.1631, 0.1631, 0.1631, 0.1631, 0.1631, 0.1631, 0.1631, 0.1165, 0.1165, 0.1165, 0.1165, 0.1165, 0.1165, 0.1165, 0.1165, 0.1165, 0.1165, 0.0015, 0.0015, 0.0015, 0.0015, 0.0015, 0.0015, 0.0015, 0.0015, 0.0015, 0.0015, 0.063, 0.063, 0.063, 0.063, 0.063, 0.063, 0.063, 0.063, 0.063, 0.063, 0.0014, 0.0014, 0.0014, 0.0014, 0.0014, 0.0014, 0.0014, 0.0014, 0.0014, 0.0014, 0.0059, 0.0059, 0.0059, 0.0059, 0.0059, 0.0059, 0.0059, 0.0059, 0.0059, 0.0059, 0.1231, 0.1231, 0.1231, 0.1231, 0.1231, 0.1231, 0.1231, 0.1231, 0.1231, 0.1231, 0.0011, 0.0011, 0.0011, 0.0011, 0.0011, 0.0011, 0.0011, 0.0011, 0.0011, 0.0011, 0.0946, 0.0946, 0.0946, 0.0946, 0.0946, 0.0946, 0.0946, 0.0946, 0.0946, 0.0946, 0.297, 0.297, 0.297, 0.297, 0.297, 0.297, 0.297, 0.297, 0.297, 0.297, 0.0506, 0.0506, 0.0506, 0.0506, 0.0506, 0.0506, 0.0506, 0.0506, 0.0506, 0.0506, 0.0017, 0.0017, 0.0017, 0.0017, 0.0017, 0.0017, 0.0017, 0.0017, 0.0017, 0.0017, 0.0019, 0.0019, 0.0019, 0.0019, 0.0019, 0.0019, 0.0019, 0.0019, 0.0019, 0.0019, 0.0014, 0.0014, 0.0014, 0.0014, 0.0014, 0.0014, 0.0014, 0.0014, 0.0014, 0.0014, 0.0015, 0.0015, 0.0015, 0.0015, 0.0015, 0.0015, 0.0015, 0.0015, 0.0015, 0.0015, 0.037, 0.037, 0.037, 0.037, 0.037, 0.037, 0.037, 0.037, 0.037, 0.037, 0.002, 0.002, 0.002, 0.002, 0.002, 0.002, 0.002, 0.002, 0.002, 0.002, 0.0725, 0.0725, 0.0725, 0.0725, 0.0725, 0.0725, 0.0725, 0.0725, 0.0725, 0.0725, 0.0024, 0.0024, 0.084, 0.084, 0.084, 0.084, 0.084, 0.084, 0.084, 0.084, 0.084, 0.084, 0.0971, 0.0971, 0.0971, 0.0971, 0.0971, 0.0971, 0.0971, 0.0971, 0.0971, 0.0971, 0.0139, 0.0139, 0.0139, 0.0139, 0.0139, 0.0139, 0.0139, 0.0139, 0.0139, 0.0139, 0.1281, 0.1281, 0.1281, 0.1281, 0.1281, 0.1281, 0.1281, 0.1281, 0.1281, 0.1281, 0.0011, 0.0011, 0.0011, 0.0011, 0.0011, 0.0011, 0.0011, 0.0011, 0.0011, 0.0011, 0.0456, 0.0456, 0.0456, 0.0456, 0.0456, 0.0456, 0.0456, 0.0456, 0.0456, 0.0456, 0.0934, 0.0934, 0.0934, 0.0934, 0.0934, 0.0934, 0.0934, 0.0934, 0.0934, 0.0934, 0.0009, 0.0009, 0.0009, 0.0009, 0.0009, 0.0009, 0.0009, 0.0009, 0.0009, 0.0009, 0.0011, 0.0011, 0.0011, 0.0011, 0.0011, 0.0011, 0.0011, 0.0011, 0.0011, 0.0011, 0.1072, 0.1072, 0.1072, 0.1072, 0.1072, 0.1072, 0.1072, 0.1072, 0.1072, 0.1072, 0.0047, 0.0047, 0.0047, 0.0047, 0.0047, 0.0047, 0.0047, 0.0047, 0.0047, 0.0047, 0.1119, 0.1119, 0.1119, 0.1119, 0.1119, 0.1119, 0.1119, 0.1119, 0.1119, 0.1119, 0.0012, 0.0012, 0.0012, 0.0012, 0.0012, 0.0012, 0.0012, 0.0012, 0.0012, 0.0012, 0.0988, 0.0988, 0.0988, 0.0988, 0.0988, 0.0988, 0.0988, 0.0988, 0.0988, 0.0988, 0.0259, 0.0259, 0.0259, 0.0259, 0.0259, 0.0259, 0.0259, 0.0259, 0.0259, 0.0259, 0.001, 0.001, 0.001, 0.001, 0.001, 0.001, 0.001, 0.001, 0.001, 0.001, 0.0755, 0.0755, 0.0755, 0.0755, 0.0755, 0.0755, 0.0755, 0.0755, 0.0755, 0.0755, 0.0579, 0.0579, 0.0579, 0.0579, 0.0579, 0.0579, 0.0579, 0.0579, 0.0579, 0.0579, 0.0015, 0.0015, 0.0015, 0.0015, 0.0015, 0.0015, 0.0015, 0.0015, 0.0015, 0.0015, 0.0944, 0.0944, 0.0944, 0.0944, 0.0944, 0.0944, 0.0944, 0.0944, 0.0944, 0.0944, 0.091, 0.091, 0.091, 0.091, 0.091, 0.091, 0.091, 0.091, 0.091, 0.091, 0.001, 0.001, 0.001, 0.001, 0.001, 0.001, 0.001, 0.001, 0.001, 0.001, 0.0408, 0.0408, 0.0408, 0.0408, 0.0408, 0.0408, 0.0408, 0.0408, 0.0408, 0.0408, 0.0013, 0.0013, 0.0013, 0.0013, 0.0013, 0.0013, 0.0013, 0.0013, 0.0013, 0.0013, 0.0807, 0.0807, 0.0807, 0.0807, 0.0807, 0.0807, 0.0807, 0.0807, 0.0807, 0.0807, 0.0009, 0.0009, 0.0009, 0.0009, 0.0009, 0.0009, 0.0009, 0.0009, 0.0009, 0.0009, 0.001, 0.001, 0.001, 0.001, 0.001, 0.001, 0.001, 0.001, 0.001, 0.001, 0.001, 0.001, 0.001, 0.001, 0.001, 0.001, 0.001, 0.001, 0.001, 0.001, 0.0009, 0.0009, 0.0009, 0.0009, 0.0009, 0.0009, 0.0009, 0.0009, 0.0009, 0.0009, 0.0009, 0.0009, 0.0009, 0.0009, 0.0009, 0.0009, 0.0009, 0.0009, 0.0009, 0.0009, 0.0009, 0.0009, 0.0009, 0.0009, 0.0009, 0.0009, 0.0009, 0.0009, 0.0009, 0.0009, 0.0009, 0.0009, 0.0009, 0.0009, 0.0009, 0.0009, 0.0009, 0.0009, 0.0009, 0.0009, 0.0008, 0.0008, 0.0008, 0.0008, 0.0008, 0.0008, 0.0008, 0.0008, 0.0008, 0.0008, 0.0401, 0.0401, 0.0401, 0.0401, 0.0401, 0.0401, 0.0401, 0.0401, 0.0401, 0.0401, 0.0009, 0.0009, 0.0009, 0.0009, 0.0009, 0.0009, 0.0009, 0.0009, 0.0009, 0.0009, 0.0072, 0.0072, 0.0072, 0.0072, 0.0072, 0.0072, 0.0072, 0.0072, 0.0072, 0.0072, 0.1228, 0.1228, 0.1228, 0.1228, 0.1228, 0.1228, 0.1228, 0.1228, 0.1228, 0.1228, 0.0008, 0.0008, 0.0008, 0.0008, 0.0008, 0.0008, 0.0008, 0.0008, 0.0008, 0.0008, 0.0007, 0.0007, 0.0007, 0.0007, 0.0007, 0.0007, 0.0007, 0.0007, 0.0007, 0.0007, 0.0007, 0.0007, 0.0007, 0.0007, 0.0007, 0.0007, 0.0007, 0.0007, 0.0007, 0.0007, 0.0007, 0.0007, 0.0007, 0.0007, 0.0007, 0.0007, 0.0007, 0.0007, 0.0007, 0.0007, 0.0008, 0.0008, 0.0008, 0.0008, 0.0008, 0.0008, 0.0008, 0.0008, 0.0008, 0.0008, 0.2154, 0.2154, 0.2154, 0.2154, 0.2154, 0.2154, 0.2154, 0.2154, 0.2154, 0.2154, 0.001, 0.001, 0.001, 0.001, 0.001, 0.001, 0.001, 0.001, 0.001, 0.001, 0.1067, 0.1067, 0.1067, 0.1067, 0.1067, 0.1067, 0.1067, 0.1067, 0.1067, 0.1067, 0.0316, 0.0316, 0.0316, 0.0316, 0.0316, 0.0316, 0.0316, 0.0316, 0.0316, 0.0316, 0.1593, 0.1593, 0.1593, 0.1593, 0.1593, 0.1593, 0.1593, 0.1593, 0.1593, 0.1593, 0.3242, 0.3242, 0.3242, 0.3242, 0.3242, 0.3242, 0.3242, 0.3242, 0.3242, 0.3242, 0.0009, 0.0009, 0.0009, 0.0009, 0.0009, 0.0009, 0.0009, 0.0009, 0.0009, 0.0009, 0.0932, 0.0932, 0.0932, 0.0932, 0.0932, 0.0932, 0.0932, 0.0932, 0.0932, 0.0932, 0.1585, 0.1585, 0.1585, 0.1585, 0.1585, 0.1585, 0.1585, 0.1585, 0.1585, 0.1585, 0.0009, 0.0009, 0.0009, 0.0009, 0.0009, 0.0009, 0.0009, 0.0009, 0.0009, 0.0009, 0.0953, 0.0953, 0.0953, 0.0953, 0.0953, 0.0953, 0.0953, 0.0953, 0.0953, 0.0953, 0.0011, 0.0011, 0.0011, 0.0011, 0.0011, 0.0011, 0.0011, 0.0011, 0.0011, 0.0011, 0.0009, 0.0009, 0.0009, 0.0009, 0.0009, 0.0009, 0.0009, 0.0009, 0.0009, 0.0009, 0.001, 0.001, 0.001, 0.001, 0.001, 0.001, 0.001, 0.001, 0.001, 0.001, 0.1065, 0.1065, 0.1065, 0.1065, 0.1065, 0.1065, 0.1065, 0.1065, 0.1065, 0.1065, 0.001, 0.001, 0.001, 0.001, 0.001, 0.001, 0.001, 0.001, 0.001, 0.001, 0.0512, 0.0512, 0.0512, 0.0512, 0.0512, 0.0512, 0.0512, 0.0512, 0.0512, 0.0512, 0.0009, 0.0009, 0.0009, 0.0009, 0.0009, 0.0009, 0.0009, 0.0009, 0.0009, 0.0009, 0.1054, 0.1054, 0.1054, 0.1054, 0.1054, 0.1054, 0.1054, 0.1054, 0.1054, 0.1054, 0.0894, 0.0894, 0.0894, 0.0894, 0.0894, 0.0894, 0.0894, 0.0894, 0.0894, 0.0894, 0.0042, 0.0042, 0.0042, 0.0042, 0.0042, 0.0042, 0.0042, 0.0042, 0.0042, 0.0042, 0.1567, 0.1567, 0.1567, 0.1567, 0.1567, 0.1567, 0.1567, 0.1567, 0.1567, 0.1567, 0.0011, 0.0011, 0.0011, 0.0011, 0.0011, 0.0011, 0.0011, 0.0011, 0.0011, 0.0011, 0.0009, 0.0009, 0.0009, 0.0009, 0.0009, 0.0009, 0.0009, 0.0009, 0.0009, 0.0009, 0.0009, 0.0009, 0.0009, 0.0009, 0.0009, 0.0009, 0.0009, 0.0009, 0.0009, 0.0009, 0.0009, 0.0009, 0.0009, 0.0009, 0.0009, 0.0009, 0.0009, 0.0009, 0.0009, 0.0009, 0.0008, 0.0008, 0.0008, 0.0008, 0.0008, 0.0008, 0.0008, 0.0008, 0.0008, 0.0008, 0.087, 0.087, 0.087, 0.087, 0.087, 0.087, 0.087, 0.087, 0.087, 0.087, 0.0523, 0.0523, 0.0523, 0.0523, 0.0523, 0.0523, 0.0523, 0.0523, 0.0523, 0.0523, 0.1772, 0.1772, 0.1772, 0.1772, 0.1772, 0.1772, 0.1772, 0.1772, 0.1772, 0.1772, 0.0009, 0.0009, 0.0009, 0.0009, 0.0009, 0.0009, 0.0009, 0.0009, 0.0009, 0.0009, 0.1491, 0.1491, 0.1491, 0.1491, 0.1491, 0.1491, 0.1491, 0.1491, 0.1491, 0.1491, 0.1097, 0.1097, 0.1097, 0.1097, 0.1097, 0.1097, 0.1097, 0.1097, 0.1097, 0.1097, 0.0867, 0.0867, 0.0867, 0.0867, 0.0867, 0.0867, 0.0867, 0.0867, 0.0867, 0.0867, 0.0963, 0.0963, 0.0963, 0.0963, 0.0963, 0.0963, 0.0963, 0.0963, 0.0963, 0.0963, 0.0014, 0.0014, 0.0014, 0.0014, 0.0014, 0.0014, 0.0014, 0.0014, 0.0014, 0.0014, 0.0009, 0.0009, 0.0009, 0.0009, 0.0009, 0.0009, 0.0009, 0.0009, 0.0009, 0.0009, 0.001, 0.001, 0.001, 0.001, 0.001, 0.001, 0.001, 0.001, 0.001, 0.001, 0.0148, 0.0148, 0.0148, 0.0148, 0.0148, 0.0148, 0.0009, 0.0009, 0.0009, 0.0009, 0.0009, 0.0009, 0.0009, 0.0009, 0.0009, 0.0009, 0.0008, 0.0008, 0.0008, 0.0008, 0.0008, 0.0008, 0.0008, 0.0008, 0.0008, 0.0008, 0.0007, 0.0007, 0.0007, 0.0007, 0.0007, 0.0007, 0.0007, 0.0007, 0.0007, 0.0007, 0.0008, 0.0008, 0.0008, 0.0008, 0.0008, 0.0008, 0.0008, 0.0008, 0.0008, 0.0008, 0.1053, 0.1053, 0.1053, 0.1053, 0.1053, 0.1053, 0.1053, 0.1053, 0.1053, 0.1053, 0.0007, 0.0007, 0.0007, 0.0007, 0.0007, 0.0007, 0.0007, 0.0007, 0.0007, 0.0007, 0.0007, 0.0007, 0.0007, 0.0007, 0.0007, 0.0007, 0.0007, 0.0007, 0.0007, 0.0007, 0.0009, 0.0009, 0.0009, 0.0009, 0.0009, 0.0009, 0.0009, 0.0009, 0.0009, 0.0009, 0.0007, 0.0007, 0.0007, 0.0007, 0.0007, 0.0007, 0.0007, 0.0007, 0.0007, 0.0007, 0.0007, 0.0007, 0.0007, 0.0007, 0.0007, 0.0007, 0.0007, 0.0007, 0.0007, 0.0007, 0.0008, 0.0008, 0.0008, 0.0008, 0.0008, 0.0008, 0.0008, 0.0008, 0.0008, 0.0008, 0.0007, 0.0007, 0.0007, 0.0007, 0.0007, 0.0007, 0.0007, 0.0007, 0.0007, 0.0007, 0.1899, 0.1899, 0.1899, 0.1899, 0.1899, 0.1899, 0.1899, 0.1899, 0.1899, 0.1899, 0.0859, 0.0859, 0.0859, 0.0859, 0.0859, 0.0859, 0.0859, 0.0859, 0.0859, 0.0859, 0.0007, 0.0007, 0.0007, 0.0007, 0.0007, 0.0007, 0.0007, 0.0007, 0.0007, 0.0007, 0.0007, 0.0007, 0.0007, 0.0007, 0.0007, 0.0007, 0.0007, 0.0007, 0.0007, 0.0007, 0.0007, 0.0007, 0.0007, 0.0007, 0.0007, 0.0007, 0.0007, 0.0007, 0.0007, 0.0007, 0.0612, 0.0612, 0.0612, 0.0612, 0.0612, 0.0612, 0.0612, 0.0612, 0.0612, 0.0612, 0.0007, 0.0007, 0.0007, 0.0007, 0.0007, 0.0007, 0.0007, 0.0007, 0.0007, 0.0007, 0.0682, 0.0682, 0.0682, 0.0682, 0.0682, 0.0682, 0.0682, 0.0682, 0.0682, 0.0682, 0.0015, 0.0015, 0.0015, 0.0015, 0.0015, 0.0015, 0.0015, 0.0015, 0.0015, 0.0015, 0.1093, 0.1093, 0.1093, 0.1093, 0.1093, 0.1093, 0.1093, 0.1093, 0.1093, 0.1093, 0.0007, 0.0007, 0.0007, 0.0007, 0.0007, 0.0007, 0.0007, 0.0007, 0.0007, 0.0007, 0.0009, 0.0009, 0.0009, 0.0009, 0.0009, 0.0009, 0.0009, 0.0009, 0.0009, 0.0009, 0.0007, 0.0007, 0.0007, 0.0007, 0.0007, 0.0007, 0.0007, 0.0007, 0.0007, 0.0007, 0.0008, 0.0008, 0.0008, 0.0008, 0.0008, 0.0008, 0.0008, 0.0008, 0.0008, 0.0008, 0.0979, 0.0979, 0.0979, 0.0979, 0.0979, 0.0979, 0.0979, 0.0979, 0.0979, 0.0979, 0.0026, 0.0026, 0.0026, 0.0026, 0.0026, 0.0026, 0.0026, 0.0026, 0.0026, 0.0026, 0.0977, 0.0977, 0.0977, 0.0977, 0.0977, 0.0977, 0.0977, 0.0977, 0.0977, 0.0977, 0.108, 0.108, 0.108, 0.108, 0.108, 0.108, 0.108, 0.108, 0.108, 0.108, 0.0901, 0.0901, 0.0901, 0.0901, 0.0901, 0.0901, 0.0901, 0.0901, 0.0901, 0.0901, 0.001, 0.001, 0.001, 0.001, 0.001, 0.001, 0.001, 0.001, 0.001, 0.001, 0.0009, 0.0009, 0.0009, 0.0009, 0.0009, 0.0009, 0.0009, 0.0009, 0.0009, 0.0009, 0.0008, 0.0008, 0.0008, 0.0008, 0.0008, 0.0008, 0.0008, 0.0008, 0.0008, 0.0008, 0.0909, 0.0909, 0.0909, 0.0909, 0.0909, 0.0909, 0.0909, 0.0909, 0.0909, 0.0909, 0.0009, 0.0009, 0.0009, 0.0009, 0.0009, 0.0009, 0.0009, 0.0009, 0.0009, 0.0009, 0.0009, 0.0009, 0.0009, 0.0009, 0.0009, 0.0009, 0.0009, 0.0009, 0.0009, 0.0009, 0.0941, 0.0941, 0.0941, 0.0941, 0.0941, 0.0941, 0.0941, 0.0941, 0.0941, 0.0941, 0.0944, 0.0944, 0.0944, 0.0944, 0.0944, 0.0944, 0.0944, 0.0944, 0.0944, 0.0944, 0.0008, 0.0008, 0.0008, 0.0008, 0.0008, 0.0008, 0.0008, 0.0008, 0.0008, 0.0008, 0.0008, 0.0008, 0.0008, 0.0008, 0.0008, 0.0008, 0.0008, 0.0008, 0.0008, 0.0008, 0.1024, 0.1024, 0.1024, 0.1024, 0.1024, 0.1024, 0.1024, 0.1024, 0.1024, 0.1024, 0.0008, 0.0008, 0.0008, 0.0008, 0.0008, 0.0008, 0.0008, 0.0008, 0.0008, 0.0008, 0.0008, 0.0008, 0.0008, 0.0008, 0.0008, 0.0008, 0.0008, 0.0008, 0.0008, 0.0008, 0.0367, 0.0367, 0.0367, 0.0367, 0.0367, 0.0367, 0.0367, 0.0367, 0.0367, 0.0367, 0.0008, 0.0008, 0.0008, 0.0008, 0.0008, 0.0008, 0.0008, 0.0008, 0.0008, 0.0008, 0.0012, 0.0012, 0.0012, 0.0012, 0.0012, 0.0012, 0.0012, 0.0012, 0.0012, 0.0012, 0.0007, 0.0007, 0.0007, 0.0007, 0.0007, 0.0007, 0.0007, 0.0007, 0.0007, 0.0007, 0.0007, 0.0007, 0.0007, 0.0007, 0.0007, 0.0007, 0.0007, 0.0007, 0.0007, 0.0007, 0.0939, 0.0939, 0.0939, 0.0939, 0.0939, 0.0939, 0.0939, 0.0939, 0.0939, 0.0939, 0.0008, 0.0008, 0.0008, 0.0008, 0.0008, 0.0008, 0.0008, 0.0008, 0.0008, 0.0008, 0.001, 0.001, 0.001, 0.001, 0.001, 0.001, 0.001, 0.001, 0.001, 0.001, 0.0008, 0.0008, 0.0008, 0.0008, 0.0008, 0.0008, 0.0008, 0.0008, 0.0008, 0.0008, 0.0854, 0.0854, 0.0854, 0.0854, 0.0854, 0.0854, 0.0854, 0.0854, 0.0854, 0.0854, 0.0008, 0.0008, 0.0008, 0.0008, 0.0008, 0.0008, 0.0008, 0.0008, 0.0008, 0.0008, 0.0006, 0.0006, 0.0006, 0.0006, 0.0006, 0.0006, 0.0006, 0.0006, 0.0006, 0.0006, 0.0007, 0.0007, 0.0007, 0.0007, 0.0007, 0.0007, 0.0007, 0.0007, 0.0007, 0.0007, 0.0813, 0.0813, 0.0813, 0.0813, 0.0813, 0.0813, 0.0813, 0.0813, 0.0813, 0.0813, 0.0007, 0.0007, 0.0007, 0.0007, 0.0007, 0.0007, 0.0007, 0.0007, 0.0007, 0.0007, 0.0671, 0.0671, 0.0671, 0.0671, 0.0671, 0.0671, 0.0671, 0.0671, 0.0671, 0.0671, 0.0008, 0.0008, 0.0008, 0.0008, 0.0008, 0.0008, 0.0008, 0.0008, 0.0008, 0.0008, 0.0007, 0.0007, 0.0007, 0.0007, 0.0007, 0.0007, 0.0007, 0.0007, 0.0007, 0.0007, 0.0008, 0.0008, 0.0008, 0.0008, 0.0008, 0.0008, 0.0008, 0.0008, 0.0008, 0.0008, 0.0008, 0.0008, 0.0008, 0.0008, 0.0008, 0.0008, 0.0008, 0.0008, 0.0008, 0.0008, 0.1074, 0.1074, 0.1074, 0.1074, 0.1074, 0.1074, 0.1074, 0.1074, 0.1074, 0.1074, 0.0007, 0.0007, 0.0007, 0.0007, 0.0007, 0.0007, 0.0007, 0.0007, 0.0007, 0.0007, 0.0911, 0.0911, 0.0911, 0.0911, 0.0911, 0.0911, 0.0911, 0.0911, 0.0911, 0.0911, 0.0007, 0.0007, 0.0007, 0.0007, 0.0007, 0.0007, 0.0007, 0.0007, 0.0007, 0.0007, 0.1081, 0.1081, 0.1081, 0.1081, 0.1081, 0.1081, 0.1081, 0.1081, 0.1081, 0.1081, 0.1078, 0.1078, 0.1078, 0.1078, 0.1078, 0.1078, 0.1078, 0.1078, 0.1078, 0.1078, 0.0008, 0.0008, 0.0008, 0.0008, 0.0008, 0.0008, 0.0008, 0.0008, 0.0008, 0.0008, 0.0007, 0.0007, 0.0007, 0.0007, 0.0007, 0.0007, 0.0007, 0.0007, 0.0007, 0.0007, 0.0007, 0.0007, 0.0007, 0.0007, 0.0007, 0.0007, 0.0007, 0.0007, 0.0007, 0.0007, 0.0966, 0.0966, 0.0966, 0.0966, 0.0966, 0.0966, 0.0966, 0.0966, 0.0966, 0.0966, 0.0193, 0.0193, 0.0193, 0.0193, 0.0193, 0.0193, 0.0193, 0.0193, 0.0193, 0.0193, 0.097, 0.097, 0.097, 0.097, 0.097, 0.097, 0.097, 0.097, 0.097, 0.097, 0.0007, 0.0007, 0.0007, 0.0007, 0.0007, 0.0007, 0.0007, 0.0007, 0.0007, 0.0007, 0.1115, 0.1115, 0.1115, 0.1115, 0.1115, 0.1115, 0.1115, 0.1115, 0.1115, 0.1115, 0.0007, 0.0007, 0.0007, 0.0007, 0.0007, 0.0007, 0.0007, 0.0007, 0.0007, 0.0007, 0.1823, 0.1823, 0.1823, 0.1823, 0.1823, 0.1823, 0.1823, 0.1823, 0.1823, 0.1823, 0.0008, 0.0008, 0.0008, 0.0008, 0.0008, 0.0008, 0.0008, 0.0008, 0.0008, 0.0008]
Validation Loss:
[0.4094899296760559, 0.5036137700080872, 0.31073975563049316, 0.3686724901199341, 0.35649290680885315, 0.32343512773513794, 0.30124467611312866, 0.3345116078853607, 0.3114177882671356, 0.29769328236579895]
Train, Validation, Test split:
Train: 6506
Validation: 1836
Test: 927
