Accuracy: 0.9190101237345332
Classification Report:
              precision    recall  f1-score   support

     Assyria       0.93      0.97      0.95       608
   Babylonia       0.98      0.89      0.93       202
        West       0.69      0.59      0.64        79

    accuracy                           0.92       889
   macro avg       0.87      0.82      0.84       889
weighted avg       0.92      0.92      0.92       889

Training Loss:
[0.9999, 0.9999, 0.9999, 0.9999, 0.9999, 0.9999, 0.9999, 0.9999, 0.9999, 0.9999, 0.922, 0.922, 0.922, 0.922, 0.922, 0.922, 0.922, 0.922, 0.922, 0.922, 0.8185, 0.8185, 0.8185, 0.8185, 0.8185, 0.8185, 0.8185, 0.8185, 0.8185, 0.8185, 0.8308, 0.8308, 0.8308, 0.8308, 0.8308, 0.8308, 0.8308, 0.8308, 0.8308, 0.8308, 0.7512, 0.7512, 0.7512, 0.7512, 0.7512, 0.7512, 0.7512, 0.7512, 0.7512, 0.7512, 0.8021, 0.8021, 0.8021, 0.8021, 0.8021, 0.8021, 0.8021, 0.8021, 0.8021, 0.8021, 0.6589, 0.6589, 0.6589, 0.6589, 0.6589, 0.6589, 0.6589, 0.6589, 0.6589, 0.6589, 0.7597, 0.7597, 0.7597, 0.7597, 0.7597, 0.7597, 0.7597, 0.7597, 0.7597, 0.7597, 0.84, 0.84, 0.84, 0.84, 0.84, 0.84, 0.84, 0.84, 0.84, 0.84, 0.6454, 0.6454, 0.6454, 0.6454, 0.6454, 0.6454, 0.6454, 0.6454, 0.6454, 0.6454, 0.8042, 0.8042, 0.8042, 0.8042, 0.8042, 0.8042, 0.8042, 0.8042, 0.8042, 0.8042, 0.6522, 0.6522, 0.6522, 0.6522, 0.6522, 0.6522, 0.6522, 0.6522, 0.6522, 0.6522, 0.8785, 0.8785, 0.8785, 0.8785, 0.8785, 0.8785, 0.8785, 0.8785, 0.8785, 0.8785, 0.7283, 0.7283, 0.7283, 0.7283, 0.7283, 0.7283, 0.7283, 0.7283, 0.7283, 0.7283, 0.6878, 0.6878, 0.6878, 0.6878, 0.6878, 0.6878, 0.6878, 0.6878, 0.6878, 0.6878, 0.8561, 0.8561, 0.8561, 0.8561, 0.8561, 0.8561, 0.8561, 0.8561, 0.8561, 0.8561, 0.7895, 0.7895, 0.7895, 0.7895, 0.7895, 0.7895, 0.7895, 0.7895, 0.7895, 0.7895, 0.6368, 0.6368, 0.6368, 0.6368, 0.6368, 0.6368, 0.6368, 0.6368, 0.6368, 0.6368, 0.5458, 0.5458, 0.5458, 0.5458, 0.5458, 0.5458, 0.5458, 0.5458, 0.5458, 0.5458, 0.6007, 0.6007, 0.6007, 0.6007, 0.6007, 0.6007, 0.6007, 0.6007, 0.6007, 0.6007, 0.6575, 0.6575, 0.6575, 0.6575, 0.6575, 0.6575, 0.6575, 0.6575, 0.6575, 0.6575, 0.7404, 0.7404, 0.7404, 0.7404, 0.7404, 0.7404, 0.7404, 0.7404, 0.7404, 0.7404, 0.7856, 0.7856, 0.7856, 0.7856, 0.7856, 0.7856, 0.7856, 0.7856, 0.7856, 0.7856, 0.7898, 0.7898, 0.7898, 0.7898, 0.7898, 0.7898, 0.7898, 0.7898, 0.7898, 0.7898, 0.6352, 0.6352, 0.6352, 0.6352, 0.6352, 0.6352, 0.6352, 0.6352, 0.6352, 0.6352, 0.6311, 0.6311, 0.6311, 0.6311, 0.6311, 0.6311, 0.6311, 0.6311, 0.6311, 0.6311, 0.5424, 0.5424, 0.5424, 0.5424, 0.5424, 0.5424, 0.5424, 0.5424, 0.5424, 0.5424, 0.8325, 0.8325, 0.8325, 0.8325, 0.8325, 0.8325, 0.8325, 0.8325, 0.8325, 0.8325, 0.8314, 0.8314, 0.8314, 0.8314, 0.8314, 0.8314, 0.8314, 0.8314, 0.8314, 0.8314, 0.5851, 0.5851, 0.5851, 0.5851, 0.5851, 0.5851, 0.5851, 0.5851, 0.5851, 0.5851, 0.6375, 0.6375, 0.6375, 0.6375, 0.6375, 0.6375, 0.6375, 0.6375, 0.6375, 0.6375, 0.4389, 0.4389, 0.4389, 0.4389, 0.4389, 0.4389, 0.4389, 0.4389, 0.4389, 0.4389, 0.4267, 0.4267, 0.4267, 0.4267, 0.4267, 0.4267, 0.4267, 0.4267, 0.4267, 0.4267, 0.7777, 0.7777, 0.7777, 0.7777, 0.7777, 0.7777, 0.7777, 0.7777, 0.7777, 0.7777, 0.6069, 0.6069, 0.6069, 0.6069, 0.6069, 0.6069, 0.6069, 0.6069, 0.6069, 0.6069, 0.6282, 0.6282, 0.6282, 0.6282, 0.6282, 0.6282, 0.6282, 0.6282, 0.6282, 0.6282, 0.7977, 0.7977, 0.7977, 0.7977, 0.7977, 0.7977, 0.7977, 0.7977, 0.7977, 0.7977, 0.5197, 0.5197, 0.5197, 0.5197, 0.5197, 0.5197, 0.5197, 0.5197, 0.5197, 0.5197, 0.4845, 0.4845, 0.4845, 0.4845, 0.4845, 0.4845, 0.4845, 0.4845, 0.4845, 0.4845, 0.4518, 0.4518, 0.4518, 0.4518, 0.4518, 0.4518, 0.4518, 0.4518, 0.4518, 0.4518, 0.5834, 0.5834, 0.5834, 0.5834, 0.5834, 0.5834, 0.5834, 0.5834, 0.5834, 0.5834, 0.8508, 0.8508, 0.8508, 0.8508, 0.8508, 0.8508, 0.8508, 0.8508, 0.8508, 0.8508, 0.5947, 0.5947, 0.5947, 0.5947, 0.5947, 0.5947, 0.5947, 0.5947, 0.5947, 0.5947, 0.6132, 0.6132, 0.6132, 0.6132, 0.6132, 0.6132, 0.6132, 0.6132, 0.6132, 0.6132, 0.6442, 0.6442, 0.6442, 0.6442, 0.6442, 0.6442, 0.6442, 0.6442, 0.6442, 0.6442, 0.2876, 0.2876, 0.2876, 0.2876, 0.2876, 0.2876, 0.2876, 0.2876, 0.2876, 0.2876, 0.647, 0.647, 0.647, 0.647, 0.647, 0.647, 0.647, 0.647, 0.647, 0.647, 0.5872, 0.5872, 0.5872, 0.5872, 0.5872, 0.5872, 0.5872, 0.5872, 0.5872, 0.5872, 0.7461, 0.7461, 0.7461, 0.7461, 0.7461, 0.7461, 0.7461, 0.7461, 0.7461, 0.7461, 0.6396, 0.6396, 0.6396, 0.6396, 0.6396, 0.6396, 0.6396, 0.6396, 0.6396, 0.6396, 0.6226, 0.6226, 0.6226, 0.6226, 0.6226, 0.6226, 0.6226, 0.6226, 0.6226, 0.6226, 0.6718, 0.6718, 0.6718, 0.6718, 0.6718, 0.6718, 0.6718, 0.6718, 0.6718, 0.6718, 0.6451, 0.6451, 0.6451, 0.6451, 0.6451, 0.6451, 0.6451, 0.6451, 0.6451, 0.6451, 0.9207, 0.9207, 0.9207, 0.9207, 0.9207, 0.9207, 0.9207, 0.9207, 0.9207, 0.9207, 0.7316, 0.7316, 0.7316, 0.7316, 0.7316, 0.7316, 0.7316, 0.7316, 0.7316, 0.7316, 0.9229, 0.9229, 0.9229, 0.9229, 0.9229, 0.9229, 0.9229, 0.9229, 0.9229, 0.9229, 0.7156, 0.7156, 0.7156, 0.7156, 0.7156, 0.7156, 0.7156, 0.7156, 0.7156, 0.7156, 0.7076, 0.7076, 0.7076, 0.7076, 0.7076, 0.7076, 0.7076, 0.7076, 0.7076, 0.7076, 0.3785, 0.3785, 0.3785, 0.3785, 0.3785, 0.3785, 0.3785, 0.3785, 0.3785, 0.3785, 0.5563, 0.5563, 0.5563, 0.5563, 0.5563, 0.5563, 0.5563, 0.5563, 0.5563, 0.5563, 0.9185, 0.9185, 0.9185, 0.9185, 0.9185, 0.9185, 0.9185, 0.9185, 0.9185, 0.9185, 0.7276, 0.7276, 0.7276, 0.7276, 0.7276, 0.7276, 0.7276, 0.7276, 0.7276, 0.7276, 0.4461, 0.4461, 0.4461, 0.4461, 0.4461, 0.4461, 0.4461, 0.4461, 0.4461, 0.4461, 0.4365, 0.4365, 0.4365, 0.4365, 0.4365, 0.4365, 0.4365, 0.4365, 0.4365, 0.4365, 0.5522, 0.5522, 0.5522, 0.5522, 0.5522, 0.5522, 0.5522, 0.5522, 0.5522, 0.5522, 0.3434, 0.3434, 0.3434, 0.3434, 0.3434, 0.3434, 0.3434, 0.3434, 0.3434, 0.3434, 0.5257, 0.5257, 0.5257, 0.5257, 0.5257, 0.5257, 0.5257, 0.5257, 0.5257, 0.5257, 0.4553, 0.4553, 0.4553, 0.4553, 0.4553, 0.4553, 0.4553, 0.4553, 0.4553, 0.4553, 0.6609, 0.6609, 0.6609, 0.6609, 0.6609, 0.6609, 0.6609, 0.6609, 0.6609, 0.6609, 0.4516, 0.4516, 0.4516, 0.4516, 0.4516, 0.4516, 0.4516, 0.4516, 0.4516, 0.4516, 0.4836, 0.4836, 0.4836, 0.4836, 0.4836, 0.4836, 0.4836, 0.4836, 0.4836, 0.4836, 0.9335, 0.9335, 0.9335, 0.9335, 0.9335, 0.9335, 0.9335, 0.9335, 0.9335, 0.9335, 0.646, 0.646, 0.646, 0.646, 0.646, 0.646, 0.646, 0.646, 0.646, 0.646, 0.605, 0.605, 0.605, 0.605, 0.605, 0.605, 0.605, 0.605, 0.605, 0.605, 0.4167, 0.4167, 0.4167, 0.4167, 0.4167, 0.4167, 0.4167, 0.4167, 0.4167, 0.4167, 0.633, 0.633, 0.633, 0.633, 0.633, 0.633, 0.633, 0.633, 0.633, 0.633, 0.5786, 0.5786, 0.5786, 0.5786, 0.5786, 0.5786, 0.5786, 0.5786, 0.5786, 0.5786, 0.7065, 0.7065, 0.7065, 0.7065, 0.7065, 0.7065, 0.7065, 0.7065, 0.7065, 0.7065, 0.3025, 0.3025, 0.3025, 0.3025, 0.3025, 0.3025, 0.3025, 0.3025, 0.3025, 0.3025, 0.8069, 0.8069, 0.8069, 0.8069, 0.8069, 0.8069, 0.8069, 0.8069, 0.8069, 0.8069, 0.3757, 0.3757, 0.3757, 0.3757, 0.3757, 0.3757, 0.3757, 0.3757, 0.3757, 0.3757, 0.3637, 0.3637, 0.3637, 0.3637, 0.3637, 0.3637, 0.3637, 0.3637, 0.3637, 0.3637, 0.7268, 0.7268, 0.7268, 0.7268, 0.7268, 0.7268, 0.7268, 0.7268, 0.7268, 0.7268, 0.3779, 0.3779, 0.3779, 0.3779, 0.3779, 0.3779, 0.3779, 0.3779, 0.3779, 0.3779, 0.3147, 0.3147, 0.3147, 0.3147, 0.3147, 0.3147, 0.3147, 0.3147, 0.3147, 0.3147, 0.5365, 0.5365, 0.5365, 0.5365, 0.5365, 0.5365, 0.5365, 0.5365, 0.5365, 0.5365, 0.5465, 0.5465, 0.5465, 0.5465, 0.5465, 0.5465, 0.5465, 0.5465, 0.5465, 0.5465, 0.6498, 0.6498, 0.6498, 0.6498, 0.6498, 0.6498, 0.6498, 0.6498, 0.6498, 0.6498, 0.4341, 0.4341, 0.4341, 0.4341, 0.4341, 0.4341, 0.4341, 0.4341, 0.4341, 0.4341, 0.4841, 0.4841, 0.4841, 0.4841, 0.4841, 0.4841, 0.4841, 0.4841, 0.4841, 0.4841, 0.2936, 0.2936, 0.2936, 0.2936, 0.2936, 0.2936, 0.2936, 0.2936, 0.2936, 0.2936, 0.4394, 0.4394, 0.4394, 0.4394, 0.4394, 0.4394, 0.4394, 0.4394, 0.4394, 0.4394, 0.4186, 0.4186, 0.4186, 0.4186, 0.4186, 0.4186, 0.4186, 0.4186, 0.4186, 0.4186, 0.7445, 0.7445, 0.7445, 0.7445, 0.7445, 0.7445, 0.7445, 0.7445, 0.7445, 0.7445, 0.478, 0.478, 0.478, 0.478, 0.478, 0.478, 0.478, 0.478, 0.478, 0.478, 0.4044, 0.4044, 0.4044, 0.4044, 0.4044, 0.4044, 0.4044, 0.4044, 0.4044, 0.4044, 0.5622, 0.5622, 0.5622, 0.5622, 0.5622, 0.5622, 0.5622, 0.5622, 0.5622, 0.5622, 0.4173, 0.4173, 0.4173, 0.4173, 0.4173, 0.4173, 0.4173, 0.4173, 0.4173, 0.4173, 0.3755, 0.3755, 0.3755, 0.3755, 0.3755, 0.3755, 0.3755, 0.3755, 0.3755, 0.3755, 0.4999, 0.4999, 0.4999, 0.4999, 0.4999, 0.4999, 0.4999, 0.4999, 0.4999, 0.4999, 0.3595, 0.3595, 0.3595, 0.3595, 0.3595, 0.3595, 0.3595, 0.3595, 0.3595, 0.3595, 0.3244, 0.3244, 0.3244, 0.3244, 0.3244, 0.3244, 0.3244, 0.3244, 0.3244, 0.3244, 0.5368, 0.5368, 0.5368, 0.5368, 0.5368, 0.5368, 0.5368, 0.5368, 0.5368, 0.5368, 0.4622, 0.4622, 0.4622, 0.4622, 0.4622, 0.4622, 0.4622, 0.4622, 0.4622, 0.4622, 0.3925, 0.3925, 0.3925, 0.3925, 0.3925, 0.3925, 0.3925, 0.3925, 0.3925, 0.3925, 0.3351, 0.3351, 0.3351, 0.3351, 0.3351, 0.3351, 0.3351, 0.3351, 0.3351, 0.3351, 0.42, 0.42, 0.42, 0.42, 0.42, 0.42, 0.42, 0.42, 0.42, 0.42, 0.236, 0.236, 0.236, 0.236, 0.236, 0.236, 0.236, 0.236, 0.236, 0.236, 0.6143, 0.6143, 0.6143, 0.6143, 0.6143, 0.6143, 0.6143, 0.6143, 0.6143, 0.6143, 0.511, 0.511, 0.511, 0.511, 0.511, 0.511, 0.511, 0.511, 0.511, 0.511, 0.3388, 0.3388, 0.3388, 0.3388, 0.3388, 0.3388, 0.3388, 0.3388, 0.3388, 0.3388, 0.6681, 0.6681, 0.6681, 0.6681, 0.6681, 0.6681, 0.6681, 0.6681, 0.6681, 0.6681, 0.4223, 0.4223, 0.4223, 0.4223, 0.4223, 0.4223, 0.4223, 0.4223, 0.4223, 0.4223, 0.314, 0.314, 0.314, 0.314, 0.314, 0.314, 0.314, 0.314, 0.314, 0.314, 0.4021, 0.4021, 0.4021, 0.4021, 0.4021, 0.4021, 0.4021, 0.4021, 0.4021, 0.4021, 0.2546, 0.2546, 0.2546, 0.2546, 0.2546, 0.2546, 0.2546, 0.2546, 0.2546, 0.2546, 0.2692, 0.2692, 0.2692, 0.2692, 0.2692, 0.2692, 0.2692, 0.2692, 0.2692, 0.2692, 0.2588, 0.2588, 0.2588, 0.2588, 0.2588, 0.2588, 0.2588, 0.2588, 0.2588, 0.2588, 0.5451, 0.5451, 0.5451, 0.5451, 0.5451, 0.5451, 0.5451, 0.5451, 0.5451, 0.5451, 0.4012, 0.4012, 0.4012, 0.4012, 0.4012, 0.4012, 0.4012, 0.4012, 0.4012, 0.4012, 0.595, 0.595, 0.595, 0.595, 0.595, 0.595, 0.595, 0.595, 0.595, 0.595, 0.3823, 0.3823, 0.3823, 0.3823, 0.3823, 0.3823, 0.3823, 0.3823, 0.3823, 0.3823, 0.4201, 0.4201, 0.4201, 0.4201, 0.4201, 0.4201, 0.4201, 0.4201, 0.4201, 0.4201, 0.3737, 0.3737, 0.3737, 0.3737, 0.3737, 0.3737, 0.3737, 0.3737, 0.3737, 0.3737, 0.5178, 0.5178, 0.5178, 0.5178, 0.5178, 0.5178, 0.5178, 0.5178, 0.5178, 0.5178, 0.2926, 0.2926, 0.2926, 0.2926, 0.2926, 0.2926, 0.2926, 0.2926, 0.2926, 0.2926, 0.2813, 0.2813, 0.2813, 0.2813, 0.2813, 0.2813, 0.2813, 0.2813, 0.2813, 0.2813, 0.4704, 0.4704, 0.4704, 0.4704, 0.4704, 0.4704, 0.4704, 0.4704, 0.4704, 0.4704, 0.466, 0.466, 0.466, 0.466, 0.466, 0.466, 0.466, 0.466, 0.466, 0.466, 0.3252, 0.3252, 0.3252, 0.3252, 0.3252, 0.3252, 0.3252, 0.3252, 0.3252, 0.3252, 0.3275, 0.3275, 0.3275, 0.3275, 0.3275, 0.3275, 0.3275, 0.3275, 0.3275, 0.3275, 0.31, 0.31, 0.31, 0.31, 0.31, 0.31, 0.31, 0.31, 0.31, 0.31, 0.3101, 0.3101, 0.3101, 0.3101, 0.3101, 0.3101, 0.3101, 0.3101, 0.3101, 0.3101, 0.3654, 0.3654, 0.3654, 0.3654, 0.3654, 0.3654, 0.3654, 0.3654, 0.3654, 0.3654, 0.395, 0.395, 0.395, 0.395, 0.395, 0.395, 0.395, 0.395, 0.395, 0.395, 0.8144, 0.8144, 0.8144, 0.8144, 0.8144, 0.8144, 0.8144, 0.8144, 0.8144, 0.8144, 0.2039, 0.2039, 0.2039, 0.2039, 0.2039, 0.2039, 0.2039, 0.2039, 0.2039, 0.2039, 0.53, 0.53, 0.53, 0.53, 0.53, 0.53, 0.53, 0.53, 0.53, 0.53, 0.3322, 0.3322, 0.3322, 0.3322, 0.3322, 0.3322, 0.3322, 0.3322, 0.3322, 0.3322, 0.2499, 0.2499, 0.2499, 0.2499, 0.2499, 0.2499, 0.2499, 0.2499, 0.2499, 0.2499, 0.3924, 0.3924, 0.3924, 0.3924, 0.3924, 0.3924, 0.3924, 0.3924, 0.3924, 0.3924, 0.4499, 0.4499, 0.4499, 0.4499, 0.4499, 0.4499, 0.4499, 0.4499, 0.4499, 0.4499, 0.5298, 0.5298, 0.5298, 0.5298, 0.5298, 0.5298, 0.5298, 0.5298, 0.5298, 0.5298, 0.3527, 0.3527, 0.3527, 0.3527, 0.3527, 0.3527, 0.3527, 0.3527, 0.3527, 0.3527, 0.3254, 0.3254, 0.3254, 0.3254, 0.3254, 0.3254, 0.3254, 0.3254, 0.3254, 0.3254, 0.6333, 0.6333, 0.6333, 0.6333, 0.6333, 0.6333, 0.6333, 0.6333, 0.6333, 0.6333, 0.302, 0.302, 0.302, 0.302, 0.302, 0.302, 0.302, 0.302, 0.302, 0.302, 0.3426, 0.3426, 0.3426, 0.3426, 0.3426, 0.3426, 0.3426, 0.3426, 0.3426, 0.3426, 0.4711, 0.4711, 0.4711, 0.4711, 0.4711, 0.4711, 0.4711, 0.4711, 0.4711, 0.4711, 0.3651, 0.3651, 0.3651, 0.3651, 0.3651, 0.3651, 0.3651, 0.3651, 0.3651, 0.3651, 0.2036, 0.2036, 0.2036, 0.2036, 0.2036, 0.2036, 0.2036, 0.2036, 0.2036, 0.2036, 0.3782, 0.3782, 0.3782, 0.3782, 0.3782, 0.3782, 0.3782, 0.3782, 0.3782, 0.3782, 0.3115, 0.3115, 0.3115, 0.3115, 0.3115, 0.3115, 0.3115, 0.3115, 0.3115, 0.3115, 0.6945, 0.6945, 0.6945, 0.6945, 0.6945, 0.6945, 0.6945, 0.6945, 0.6945, 0.6945, 0.2977, 0.2977, 0.2977, 0.2977, 0.2977, 0.2977, 0.2977, 0.2977, 0.2977, 0.2977, 0.2805, 0.2805, 0.2805, 0.2805, 0.2805, 0.2805, 0.2805, 0.2805, 0.2805, 0.2805, 0.128, 0.128, 0.128, 0.128, 0.128, 0.128, 0.128, 0.128, 0.128, 0.128, 0.2948, 0.2948, 0.2948, 0.2948, 0.2948, 0.2948, 0.2948, 0.2948, 0.2948, 0.2948, 0.2749, 0.2749, 0.2749, 0.2749, 0.2749, 0.2749, 0.2749, 0.2749, 0.2749, 0.2749, 0.2298, 0.2298, 0.2298, 0.2298, 0.2298, 0.2298, 0.2298, 0.2298, 0.2298, 0.2298, 0.2443, 0.2443, 0.2443, 0.2443, 0.2443, 0.2443, 0.2443, 0.2443, 0.2443, 0.2443, 0.5166, 0.5166, 0.5166, 0.5166, 0.5166, 0.5166, 0.5166, 0.5166, 0.5166, 0.5166, 0.2436, 0.2436, 0.2436, 0.2436, 0.2436, 0.2436, 0.2436, 0.2436, 0.2436, 0.2436, 0.4625, 0.4625, 0.4625, 0.4625, 0.4625, 0.4625, 0.4625, 0.4625, 0.4625, 0.4625, 0.5835, 0.5835, 0.5835, 0.5835, 0.5835, 0.5835, 0.5835, 0.5835, 0.5835, 0.5835, 0.3354, 0.3354, 0.3354, 0.3354, 0.3354, 0.3354, 0.3354, 0.3354, 0.3354, 0.3354, 0.3292, 0.3292, 0.3292, 0.3292, 0.3292, 0.3292, 0.3292, 0.3292, 0.3292, 0.3292, 0.5542, 0.5542, 0.5542, 0.5542, 0.5542, 0.5542, 0.5542, 0.5542, 0.5542, 0.5542, 0.4476, 0.4476, 0.4476, 0.4476, 0.4476, 0.4476, 0.4476, 0.4476, 0.4476, 0.4476, 0.2602, 0.2602, 0.2602, 0.2602, 0.2602, 0.2602, 0.2602, 0.2602, 0.2602, 0.2602, 0.5418, 0.5418, 0.5418, 0.5418, 0.5418, 0.5418, 0.5418, 0.5418, 0.5418, 0.5418, 0.4301, 0.4301, 0.4301, 0.4301, 0.4301, 0.4301, 0.4301, 0.4301, 0.4301, 0.4301, 0.3483, 0.3483, 0.3483, 0.3483, 0.3483, 0.3483, 0.3483, 0.3483, 0.3483, 0.3483, 0.56, 0.56, 0.56, 0.56, 0.56, 0.56, 0.56, 0.56, 0.56, 0.56, 0.4875, 0.4875, 0.4875, 0.4875, 0.4875, 0.4875, 0.4875, 0.4875, 0.4875, 0.4875, 0.5777, 0.5777, 0.5777, 0.5777, 0.5777, 0.5777, 0.5777, 0.5777, 0.5777, 0.5777, 0.4074, 0.4074, 0.4074, 0.4074, 0.4074, 0.4074, 0.4074, 0.4074, 0.4074, 0.4074, 0.39, 0.39, 0.39, 0.39, 0.39, 0.39, 0.39, 0.39, 0.39, 0.39, 0.3967, 0.3967, 0.3967, 0.3967, 0.3967, 0.3967, 0.3967, 0.3967, 0.3967, 0.3967, 0.4559, 0.4559, 0.4559, 0.4559, 0.4559, 0.4559, 0.4559, 0.4559, 0.4559, 0.4559, 0.4343, 0.4343, 0.4343, 0.4343, 0.4343, 0.4343, 0.4343, 0.4343, 0.4343, 0.4343, 0.3693, 0.3693, 0.3693, 0.3693, 0.3693, 0.3693, 0.3693, 0.3693, 0.3693, 0.3693, 0.3643, 0.3643, 0.3643, 0.3643, 0.3643, 0.3643, 0.3643, 0.3643, 0.3643, 0.3643, 0.5506, 0.5506, 0.5506, 0.5506, 0.5506, 0.5506, 0.5506, 0.5506, 0.5506, 0.5506, 0.4256, 0.4256, 0.4256, 0.4256, 0.4256, 0.4256, 0.4256, 0.4256, 0.4256, 0.4256, 0.4131, 0.4131, 0.4131, 0.4131, 0.4131, 0.4131, 0.4131, 0.4131, 0.4131, 0.4131, 0.3974, 0.3974, 0.3974, 0.3974, 0.3974, 0.3974, 0.3974, 0.3974, 0.3974, 0.3974, 0.2657, 0.2657, 0.2657, 0.2657, 0.2657, 0.2657, 0.2657, 0.2657, 0.2657, 0.2657, 0.4971, 0.4971, 0.4971, 0.4971, 0.4971, 0.4971, 0.4971, 0.4971, 0.4971, 0.4971, 0.1547, 0.1547, 0.1547, 0.1547, 0.1547, 0.1547, 0.1547, 0.1547, 0.1547, 0.1547, 0.4175, 0.4175, 0.4175, 0.4175, 0.4175, 0.4175, 0.4175, 0.4175, 0.4175, 0.4175, 0.2164, 0.2164, 0.2164, 0.2164, 0.2164, 0.2164, 0.2164, 0.2164, 0.2164, 0.2164, 0.5002, 0.5002, 0.5002, 0.5002, 0.5002, 0.5002, 0.5002, 0.5002, 0.5002, 0.5002, 0.3646, 0.3646, 0.3646, 0.3646, 0.3646, 0.3646, 0.3646, 0.3646, 0.3646, 0.3646, 0.2496, 0.2496, 0.2496, 0.2496, 0.2496, 0.2496, 0.2496, 0.2496, 0.2496, 0.2496, 0.6335, 0.6335, 0.6335, 0.6335, 0.6335, 0.6335, 0.6335, 0.6335, 0.6335, 0.6335, 0.4101, 0.4101, 0.4101, 0.4101, 0.4101, 0.4101, 0.4101, 0.4101, 0.4101, 0.4101, 0.4358, 0.4358, 0.4358, 0.4358, 0.4358, 0.4358, 0.4358, 0.4358, 0.4358, 0.4358, 0.3531, 0.3531, 0.3531, 0.3531, 0.3531, 0.3531, 0.3531, 0.3531, 0.3531, 0.3531, 0.4414, 0.4414, 0.4414, 0.4414, 0.4414, 0.4414, 0.4414, 0.4414, 0.4414, 0.4414, 0.2749, 0.2749, 0.2749, 0.2749, 0.2749, 0.2749, 0.2749, 0.2749, 0.2749, 0.2749, 0.4557, 0.4557, 0.4557, 0.4557, 0.4557, 0.4557, 0.4557, 0.4557, 0.4557, 0.4557, 0.2865, 0.2865, 0.2865, 0.2865, 0.2865, 0.2865, 0.2865, 0.2865, 0.2865, 0.2865, 0.3335, 0.3335, 0.3335, 0.3335, 0.3335, 0.3335, 0.3335, 0.3335, 0.3335, 0.3335, 0.5108, 0.5108, 0.5108, 0.5108, 0.5108, 0.5108, 0.5108, 0.5108, 0.5108, 0.5108, 0.4177, 0.4177, 0.4177, 0.4177, 0.4177, 0.4177, 0.4177, 0.4177, 0.4177, 0.4177, 0.3745, 0.3745, 0.3745, 0.3745, 0.3745, 0.3745, 0.3745, 0.3745, 0.3745, 0.3745, 0.0668, 0.0668, 0.0668, 0.0668, 0.0668, 0.0668, 0.0668, 0.0668, 0.0668, 0.0668, 0.2599, 0.2599, 0.2599, 0.2599, 0.2599, 0.2599, 0.2599, 0.2599, 0.2599, 0.2599, 0.2308, 0.2308, 0.2308, 0.2308, 0.2308, 0.2308, 0.2308, 0.2308, 0.2308, 0.2308, 0.5094, 0.5094, 0.5094, 0.5094, 0.5094, 0.5094, 0.5094, 0.5094, 0.5094, 0.5094, 0.2854, 0.2854, 0.2854, 0.2854, 0.2854, 0.2854, 0.2854, 0.2854, 0.2854, 0.2854, 0.4513, 0.4513, 0.4513, 0.4513, 0.4513, 0.4513, 0.4513, 0.4513, 0.4513, 0.4513, 0.5075, 0.5075, 0.5075, 0.5075, 0.5075, 0.5075, 0.5075, 0.5075, 0.5075, 0.5075, 0.4634, 0.4634, 0.4634, 0.4634, 0.4634, 0.4634, 0.4634, 0.4634, 0.4634, 0.4634, 0.3136, 0.3136, 0.3136, 0.3136, 0.3136, 0.3136, 0.3136, 0.3136, 0.3136, 0.3136, 0.2662, 0.2662, 0.2662, 0.2662, 0.2662, 0.2662, 0.2662, 0.2662, 0.2662, 0.2662, 0.3057, 0.3057, 0.3057, 0.3057, 0.3057, 0.3057, 0.3057, 0.3057, 0.3057, 0.3057, 0.5268, 0.5268, 0.5268, 0.5268, 0.5268, 0.5268, 0.5268, 0.5268, 0.5268, 0.5268, 0.2815, 0.2815, 0.2815, 0.2815, 0.2815, 0.2815, 0.2815, 0.2815, 0.2815, 0.2815, 0.2365, 0.2365, 0.2365, 0.2365, 0.2365, 0.2365, 0.2365, 0.2365, 0.2365, 0.2365, 0.3049, 0.3049, 0.3049, 0.3049, 0.3049, 0.3049, 0.3049, 0.3049, 0.3049, 0.3049, 0.6126, 0.6126, 0.6126, 0.6126, 0.6126, 0.6126, 0.6126, 0.6126, 0.6126, 0.6126, 0.4904, 0.4904, 0.4904, 0.4904, 0.4904, 0.4904, 0.4904, 0.4904, 0.4904, 0.4904, 0.3162, 0.3162, 0.3162, 0.3162, 0.3162, 0.3162, 0.3162, 0.3162, 0.3162, 0.3162, 0.2669, 0.2669, 0.2669, 0.2669, 0.2669, 0.2669, 0.2669, 0.2669, 0.2669, 0.2669, 0.3436, 0.3436, 0.3436, 0.3436, 0.3436, 0.3436, 0.3436, 0.3436, 0.3436, 0.3436, 0.4749, 0.4749, 0.4749, 0.4749, 0.4749, 0.4749, 0.4749, 0.4749, 0.4749, 0.4749, 0.2828, 0.2828, 0.2828, 0.2828, 0.2828, 0.2828, 0.2828, 0.2828, 0.2828, 0.2828, 0.384, 0.384, 0.384, 0.384, 0.384, 0.384, 0.384, 0.384, 0.384, 0.384, 0.3592, 0.3592, 0.3592, 0.3592, 0.3592, 0.3592, 0.3592, 0.3592, 0.3592, 0.3592, 0.2697, 0.2697, 0.2697, 0.2697, 0.2697, 0.2697, 0.2697, 0.2697, 0.2697, 0.2697, 0.3235, 0.3235, 0.3235, 0.3235, 0.3235, 0.3235, 0.3235, 0.3235, 0.3235, 0.3235, 0.4627, 0.4627, 0.4627, 0.4627, 0.4627, 0.4627, 0.4627, 0.4627, 0.4627, 0.4627, 0.445, 0.445, 0.445, 0.445, 0.445, 0.445, 0.445, 0.445, 0.445, 0.445, 0.2658, 0.2658, 0.2658, 0.2658, 0.2658, 0.2658, 0.2658, 0.2658, 0.2658, 0.2658, 0.3946, 0.3946, 0.3946, 0.3946, 0.3946, 0.3946, 0.3946, 0.3946, 0.3946, 0.3946, 0.2733, 0.2733, 0.2733, 0.2733, 0.2733, 0.2733, 0.2733, 0.2733, 0.2733, 0.2733, 0.4698, 0.4698, 0.4698, 0.4698, 0.4698, 0.4698, 0.4698, 0.4698, 0.4698, 0.4698, 0.1514, 0.1514, 0.1514, 0.1514, 0.1514, 0.1514, 0.1514, 0.1514, 0.1514, 0.1514, 0.2754, 0.2754, 0.2754, 0.2754, 0.2754, 0.2754, 0.2754, 0.2754, 0.2754, 0.2754, 0.3319, 0.3319, 0.3319, 0.3319, 0.3319, 0.3319, 0.3319, 0.3319, 0.3319, 0.3319, 0.198, 0.198, 0.198, 0.198, 0.198, 0.198, 0.198, 0.198, 0.198, 0.198, 0.4322, 0.4322, 0.4322, 0.4322, 0.4322, 0.4322, 0.4322, 0.4322, 0.4322, 0.4322, 0.3616, 0.3616, 0.3616, 0.3616, 0.3616, 0.3616, 0.3616, 0.3616, 0.3616, 0.3616, 0.2495, 0.2495, 0.2495, 0.2495, 0.2495, 0.2495, 0.2495, 0.2495, 0.2495, 0.2495, 0.2515, 0.2515, 0.2515, 0.2515, 0.2515, 0.2515, 0.2515, 0.2515, 0.2515, 0.2515, 0.5173, 0.5173, 0.5173, 0.5173, 0.5173, 0.5173, 0.5173, 0.5173, 0.5173, 0.5173, 0.4546, 0.4546, 0.4546, 0.4546, 0.4546, 0.4546, 0.4546, 0.4546, 0.4546, 0.4546, 0.5014, 0.5014, 0.5014, 0.5014, 0.5014, 0.5014, 0.5014, 0.5014, 0.5014, 0.5014, 0.2048, 0.2048, 0.2048, 0.2048, 0.2048, 0.2048, 0.2048, 0.2048, 0.2048, 0.2048, 0.0731, 0.0731, 0.0731, 0.0731, 0.0731, 0.0731, 0.0731, 0.0731, 0.0731, 0.0731, 0.072, 0.072, 0.072, 0.072, 0.072, 0.072, 0.072, 0.072, 0.072, 0.072, 0.553, 0.553, 0.553, 0.553, 0.553, 0.553, 0.553, 0.553, 0.553, 0.553, 0.0978, 0.0978, 0.0978, 0.0978, 0.0978, 0.0978, 0.0978, 0.0978, 0.0978, 0.0978, 0.4276, 0.4276, 0.4276, 0.4276, 0.4276, 0.4276, 0.4276, 0.4276, 0.4276, 0.4276, 0.4264, 0.4264, 0.4264, 0.4264, 0.4264, 0.4264, 0.4264, 0.4264, 0.4264, 0.4264, 0.3074, 0.3074, 0.3074, 0.3074, 0.3074, 0.3074, 0.3074, 0.3074, 0.3074, 0.3074, 0.6728, 0.6728, 0.6728, 0.6728, 0.6728, 0.6728, 0.6728, 0.6728, 0.6728, 0.6728, 0.5177, 0.5177, 0.5177, 0.5177, 0.5177, 0.5177, 0.5177, 0.5177, 0.5177, 0.5177, 0.5904, 0.5904, 0.5904, 0.5904, 0.5904, 0.5904, 0.5904, 0.5904, 0.5904, 0.5904, 0.4833, 0.4833, 0.4833, 0.4833, 0.4833, 0.4833, 0.4833, 0.4833, 0.4833, 0.4833, 0.6821, 0.6821, 0.6821, 0.6821, 0.6821, 0.6821, 0.6821, 0.6821, 0.6821, 0.6821, 0.5291, 0.5291, 0.5291, 0.5291, 0.5291, 0.5291, 0.5291, 0.5291, 0.5291, 0.5291, 0.342, 0.342, 0.342, 0.342, 0.342, 0.342, 0.342, 0.342, 0.342, 0.342, 0.4992, 0.4992, 0.4992, 0.4992, 0.4992, 0.4992, 0.4992, 0.4992, 0.4992, 0.4992, 0.7982, 0.7982, 0.7982, 0.7982, 0.7982, 0.7982, 0.7982, 0.7982, 0.7982, 0.7982, 0.6257, 0.6257, 0.6257, 0.6257, 0.6257, 0.6257, 0.6257, 0.6257, 0.6257, 0.6257, 0.3895, 0.3895, 0.3895, 0.3895, 0.3895, 0.3895, 0.3895, 0.3895, 0.3895, 0.3895, 0.4635, 0.4635, 0.4635, 0.4635, 0.4635, 0.4635, 0.4635, 0.4635, 0.4635, 0.4635, 0.4962, 0.4962, 0.4962, 0.4962, 0.4962, 0.4962, 0.4962, 0.4962, 0.4962, 0.4962, 0.4994, 0.4994, 0.4994, 0.4994, 0.4994, 0.4994, 0.4994, 0.4994, 0.4994, 0.4994, 0.5123, 0.5123, 0.5123, 0.5123, 0.5123, 0.5123, 0.5123, 0.5123, 0.5123, 0.5123, 0.4394, 0.4394, 0.4394, 0.4394, 0.4394, 0.4394, 0.4394, 0.4394, 0.4394, 0.4394, 0.4425, 0.4425, 0.4425, 0.4425, 0.4425, 0.4425, 0.4425, 0.4425, 0.4425, 0.4425, 0.4182, 0.4182, 0.4182, 0.4182, 0.4182, 0.4182, 0.4182, 0.4182, 0.4182, 0.4182, 0.5059, 0.5059, 0.5059, 0.5059, 0.5059, 0.5059, 0.5059, 0.5059, 0.5059, 0.5059, 0.4036, 0.4036, 0.4036, 0.4036, 0.4036, 0.4036, 0.4036, 0.4036, 0.4036, 0.4036, 0.392, 0.392, 0.392, 0.392, 0.392, 0.392, 0.392, 0.392, 0.392, 0.392, 0.4616, 0.4616, 0.4616, 0.4616, 0.4616, 0.4616, 0.4616, 0.4616, 0.4616, 0.4616, 0.402, 0.402, 0.402, 0.402, 0.402, 0.402, 0.402, 0.402, 0.402, 0.402, 0.3701, 0.3701, 0.3701, 0.3701, 0.3701, 0.3701, 0.3701, 0.3701, 0.3701, 0.3701, 0.4361, 0.4361, 0.4361, 0.4361, 0.4361, 0.4361, 0.4361, 0.4361, 0.4361, 0.4361, 0.3629, 0.3629, 0.3629, 0.3629, 0.3629, 0.3629, 0.3629, 0.3629, 0.3629, 0.3629, 0.4116, 0.4116, 0.4116, 0.4116, 0.4116, 0.4116, 0.4116, 0.4116, 0.4116, 0.4116, 0.609, 0.609, 0.609, 0.609, 0.609, 0.609, 0.609, 0.609, 0.609, 0.609, 0.4037, 0.4037, 0.4037, 0.4037, 0.4037, 0.4037, 0.4037, 0.4037, 0.4037, 0.4037, 0.4089, 0.4089, 0.4089, 0.4089, 0.4089, 0.4089, 0.4089, 0.4089, 0.4089, 0.4089, 0.3833, 0.3833, 0.3833, 0.3833, 0.3833, 0.3833, 0.3833, 0.3833, 0.3833, 0.3833, 0.4305, 0.4305, 0.4305, 0.4305, 0.4305, 0.4305, 0.4305, 0.4305, 0.4305, 0.4305, 0.3595, 0.3595, 0.3595, 0.3595, 0.3595, 0.3595, 0.3595, 0.3595, 0.3595, 0.3595, 0.3357, 0.3357, 0.3357, 0.3357, 0.3357, 0.3357, 0.3357, 0.3357, 0.3357, 0.3357, 0.3242, 0.3242, 0.3242, 0.3242, 0.3242, 0.3242, 0.3242, 0.3242, 0.3242, 0.3242, 0.4413, 0.4413, 0.4413, 0.4413, 0.4413, 0.4413, 0.4413, 0.4413, 0.4413, 0.4413, 0.3284, 0.3284, 0.3284, 0.3284, 0.3284, 0.3284, 0.3284, 0.3284, 0.3284, 0.3284, 0.4061, 0.4061, 0.4061, 0.4061, 0.4061, 0.4061, 0.4061, 0.4061, 0.4061, 0.4061, 0.4186, 0.4186, 0.4186, 0.4186, 0.4186, 0.4186, 0.4186, 0.4186, 0.4186, 0.4186, 0.2336, 0.2336, 0.2336, 0.2336, 0.2336, 0.2336, 0.2336, 0.2336, 0.2336, 0.2336, 0.2735, 0.2735, 0.2735, 0.2735, 0.2735, 0.2735, 0.2735, 0.2735, 0.2735, 0.2735, 0.2926, 0.2926, 0.2926, 0.2926, 0.2926, 0.2926, 0.2926, 0.2926, 0.2926, 0.2926, 0.1376, 0.1376, 0.1376, 0.1376, 0.1376, 0.1376, 0.1376, 0.1376, 0.1376, 0.1376, 0.2112, 0.2112, 0.2112, 0.2112, 0.2112, 0.2112, 0.2112, 0.2112, 0.2112, 0.2112, 0.6005, 0.6005, 0.6005, 0.6005, 0.6005, 0.6005, 0.6005, 0.6005, 0.6005, 0.6005, 0.5257, 0.5257, 0.5257, 0.5257, 0.5257, 0.5257, 0.5257, 0.5257, 0.5257, 0.5257, 0.3387, 0.3387, 0.3387, 0.3387, 0.3387, 0.3387, 0.3387, 0.3387, 0.3387, 0.3387, 0.5524, 0.5524, 0.5524, 0.5524, 0.5524, 0.5524, 0.5524, 0.5524, 0.5524, 0.5524, 0.2828, 0.2828, 0.2828, 0.2828, 0.2828, 0.2828, 0.2828, 0.2828, 0.2828, 0.2828, 0.064, 0.064, 0.064, 0.064, 0.064, 0.064, 0.064, 0.064, 0.064, 0.064, 0.313, 0.313, 0.313, 0.313, 0.313, 0.313, 0.313, 0.313, 0.313, 0.313, 0.3366, 0.3366, 0.3366, 0.3366, 0.3366, 0.3366, 0.3366, 0.3366, 0.3366, 0.3366, 0.3288, 0.3288, 0.3288, 0.3288, 0.3288, 0.3288, 0.3288, 0.3288, 0.3288, 0.3288, 0.2362, 0.2362, 0.2362, 0.2362, 0.2362, 0.2362, 0.2362, 0.2362, 0.2362, 0.2362, 0.2132, 0.2132, 0.2132, 0.2132, 0.2132, 0.2132, 0.2132, 0.2132, 0.2132, 0.2132, 0.239, 0.239, 0.239, 0.239, 0.239, 0.239, 0.239, 0.239, 0.239, 0.239, 0.1863, 0.1863, 0.1863, 0.1863, 0.1863, 0.1863, 0.1863, 0.1863, 0.1863, 0.1863, 0.1424, 0.1424, 0.1424, 0.1424, 0.1424, 0.1424, 0.1424, 0.1424, 0.1424, 0.1424, 0.4721, 0.4721, 0.4721, 0.4721, 0.4721, 0.4721, 0.4721, 0.4721, 0.4721, 0.4721, 0.324, 0.324, 0.324, 0.324, 0.324, 0.324, 0.324, 0.324, 0.324, 0.324, 0.4455, 0.4455, 0.4455, 0.4455, 0.4455, 0.4455, 0.4455, 0.4455, 0.4455, 0.4455, 0.3628, 0.3628, 0.3628, 0.3628, 0.3628, 0.3628, 0.3628, 0.3628, 0.3628, 0.3628, 0.3309, 0.3309, 0.3309, 0.3309, 0.3309, 0.3309, 0.3309, 0.3309, 0.3309, 0.3309, 0.18, 0.18, 0.18, 0.18, 0.18, 0.18, 0.18, 0.18, 0.18, 0.18, 0.5247, 0.5247, 0.5247, 0.5247, 0.5247, 0.5247, 0.5247, 0.5247, 0.5247, 0.5247, 0.3294, 0.3294, 0.3294, 0.3294, 0.3294, 0.3294, 0.3294, 0.3294, 0.3294, 0.3294, 0.4653, 0.4653, 0.4653, 0.4653, 0.4653, 0.4653, 0.4653, 0.4653, 0.4653, 0.4653, 0.4631, 0.4631, 0.4631, 0.4631, 0.4631, 0.4631, 0.4631, 0.4631, 0.4631, 0.4631, 0.385, 0.385, 0.385, 0.385, 0.385, 0.385, 0.385, 0.385, 0.385, 0.385, 0.309, 0.309, 0.309, 0.309, 0.309, 0.309, 0.309, 0.309, 0.309, 0.309, 0.3214, 0.3214, 0.3214, 0.3214, 0.3214, 0.3214, 0.3214, 0.3214, 0.3214, 0.3214, 0.273, 0.273, 0.273, 0.273, 0.273, 0.273, 0.273, 0.273, 0.273, 0.273, 0.2929, 0.2929, 0.2929, 0.2929, 0.2929, 0.2929, 0.2929, 0.2929, 0.2929, 0.2929, 0.2463, 0.2463, 0.2463, 0.2463, 0.2463, 0.2463, 0.2463, 0.2463, 0.2463, 0.2463, 0.286, 0.286, 0.286, 0.286, 0.286, 0.286, 0.286, 0.286, 0.286, 0.286, 0.4338, 0.4338, 0.4338, 0.4338, 0.4338, 0.4338, 0.4338, 0.4338, 0.4338, 0.4338, 0.4711, 0.4711, 0.4711, 0.4711, 0.4711, 0.4711, 0.4711, 0.4711, 0.4711, 0.4711, 0.2946, 0.2946, 0.2946, 0.2946, 0.2946, 0.2946, 0.2946, 0.2946, 0.2946, 0.2946, 0.173, 0.173, 0.173, 0.173, 0.173, 0.173, 0.173, 0.173, 0.173, 0.173, 0.2237, 0.2237, 0.2237, 0.2237, 0.2237, 0.2237, 0.2237, 0.2237, 0.2237, 0.2237, 0.3884, 0.3884, 0.3884, 0.3884, 0.3884, 0.3884, 0.3884, 0.3884, 0.3884, 0.3884, 0.3402, 0.3402, 0.3402, 0.3402, 0.3402, 0.3402, 0.3402, 0.3402, 0.3402, 0.3402, 0.9126, 0.9126, 0.9126, 0.9126, 0.9126, 0.9126, 0.9126, 0.9126, 0.9126, 0.9126, 0.4777, 0.4777, 0.4777, 0.4777, 0.4777, 0.4777, 0.4777, 0.4777, 0.4777, 0.4777, 0.3847, 0.3847, 0.3847, 0.3847, 0.3847, 0.3847, 0.3847, 0.3847, 0.3847, 0.3847, 0.3157, 0.3157, 0.3157, 0.3157, 0.3157, 0.3157, 0.3157, 0.3157, 0.3157, 0.3157, 0.414, 0.414, 0.414, 0.414, 0.414, 0.414, 0.414, 0.414, 0.414, 0.414, 0.3019, 0.3019, 0.3019, 0.3019, 0.3019, 0.3019, 0.3019, 0.3019, 0.3019, 0.3019, 0.253, 0.253, 0.253, 0.253, 0.253, 0.253, 0.253, 0.253, 0.253, 0.253, 0.3846, 0.3846, 0.3846, 0.3846, 0.3846, 0.3846, 0.3846, 0.3846, 0.3846, 0.3846, 0.1901, 0.1901, 0.1901, 0.1901, 0.1901, 0.1901, 0.1901, 0.1901, 0.1901, 0.1901, 0.1529, 0.1529, 0.1529, 0.1529, 0.1529, 0.1529, 0.1529, 0.1529, 0.1529, 0.1529, 0.1152, 0.1152, 0.1152, 0.1152, 0.1152, 0.1152, 0.1152, 0.1152, 0.1152, 0.1152, 0.3026, 0.3026, 0.3026, 0.3026, 0.3026, 0.3026, 0.3026, 0.3026, 0.3026, 0.3026, 0.5057, 0.5057, 0.5057, 0.5057, 0.5057, 0.5057, 0.5057, 0.5057, 0.5057, 0.5057, 0.5095, 0.5095, 0.5095, 0.5095, 0.5095, 0.5095, 0.5095, 0.5095, 0.5095, 0.5095, 0.4422, 0.4422, 0.4422, 0.4422, 0.4422, 0.4422, 0.4422, 0.4422, 0.4422, 0.4422, 0.3434, 0.3434, 0.3434, 0.3434, 0.3434, 0.3434, 0.3434, 0.3434, 0.3434, 0.3434, 0.1959, 0.1959, 0.1959, 0.1959, 0.1959, 0.1959, 0.1959, 0.1959, 0.1959, 0.1959, 0.4833, 0.4833, 0.4833, 0.4833, 0.4833, 0.4833, 0.4833, 0.4833, 0.4833, 0.4833, 0.2941, 0.2941, 0.2941, 0.2941, 0.2941, 0.2941, 0.2941, 0.2941, 0.2941, 0.2941, 0.217, 0.217, 0.217, 0.217, 0.217, 0.217, 0.217, 0.217, 0.217, 0.217, 0.4142, 0.4142, 0.4142, 0.4142, 0.4142, 0.4142, 0.4142, 0.4142, 0.4142, 0.4142, 0.4893, 0.4893, 0.4893, 0.4893, 0.4893, 0.4893, 0.4893, 0.4893, 0.4893, 0.4893, 0.3236, 0.3236, 0.3236, 0.3236, 0.3236, 0.3236, 0.3236, 0.3236, 0.3236, 0.3236, 0.319, 0.319, 0.319, 0.319, 0.319, 0.319, 0.319, 0.319, 0.319, 0.319, 0.2836, 0.2836, 0.2836, 0.2836, 0.2836, 0.2836, 0.2836, 0.2836, 0.2836, 0.2836, 0.5092, 0.5092, 0.5092, 0.5092, 0.5092, 0.5092, 0.5092, 0.5092, 0.5092, 0.5092, 0.2966, 0.2966, 0.2966, 0.2966, 0.2966, 0.2966, 0.2966, 0.2966, 0.2966, 0.2966, 0.2761, 0.2761, 0.2761, 0.2761, 0.2761, 0.2761, 0.2761, 0.2761, 0.2761, 0.2761, 0.4133, 0.4133, 0.4133, 0.4133, 0.4133, 0.4133, 0.4133, 0.4133, 0.4133, 0.4133, 0.3922, 0.3922, 0.3922, 0.3922, 0.3922, 0.3922, 0.3922, 0.3922, 0.3922, 0.3922, 0.525, 0.525, 0.525, 0.525, 0.525, 0.525, 0.525, 0.525, 0.525, 0.525, 0.3469, 0.3469, 0.3469, 0.3469, 0.3469, 0.3469, 0.3469, 0.3469, 0.3469, 0.3469, 0.3809, 0.3809, 0.3809, 0.3809, 0.3809, 0.3809, 0.3809, 0.3809, 0.3809, 0.3809, 0.2844, 0.2844, 0.2844, 0.2844, 0.2844, 0.2844, 0.2844, 0.2844, 0.2844, 0.2844, 0.2804, 0.2804, 0.2804, 0.2804, 0.2804, 0.2804, 0.2804, 0.2804, 0.2804, 0.2804, 0.2185, 0.2185, 0.2185, 0.2185, 0.2185, 0.2185, 0.2185, 0.2185, 0.2185, 0.2185, 0.274, 0.274, 0.274, 0.274, 0.274, 0.274, 0.274, 0.274, 0.274, 0.274, 0.4124, 0.4124, 0.4124, 0.4124, 0.4124, 0.4124, 0.4124, 0.4124, 0.4124, 0.4124, 0.1977, 0.1977, 0.1977, 0.1977, 0.1977, 0.1977, 0.1977, 0.1977, 0.1977, 0.1977, 0.3296, 0.3296, 0.3296, 0.3296, 0.3296, 0.3296, 0.3296, 0.3296, 0.3296, 0.3296, 0.1347, 0.1347, 0.1347, 0.1347, 0.1347, 0.1347, 0.1347, 0.1347, 0.1347, 0.1347, 0.602, 0.602, 0.602, 0.602, 0.602, 0.602, 0.602, 0.602, 0.602, 0.602, 0.3069, 0.3069, 0.3069, 0.3069, 0.3069, 0.3069, 0.3069, 0.3069, 0.3069, 0.3069, 0.1771, 0.1771, 0.1771, 0.1771, 0.1771, 0.1771, 0.1771, 0.1771, 0.1771, 0.1771, 0.571, 0.571, 0.571, 0.571, 0.571, 0.571, 0.571, 0.571, 0.571, 0.571, 0.1535, 0.1535, 0.1535, 0.1535, 0.1535, 0.1535, 0.1535, 0.1535, 0.1535, 0.1535, 0.2536, 0.2536, 0.2536, 0.2536, 0.2536, 0.2536, 0.2536, 0.2536, 0.2536, 0.2536, 0.4961, 0.4961, 0.4961, 0.4961, 0.4961, 0.4961, 0.4961, 0.4961, 0.4961, 0.4961, 0.133, 0.133, 0.133, 0.133, 0.133, 0.133, 0.133, 0.133, 0.133, 0.133, 0.3435, 0.3435, 0.3435, 0.3435, 0.3435, 0.3435, 0.3435, 0.3435, 0.3435, 0.3435, 0.1926, 0.1926, 0.1926, 0.1926, 0.1926, 0.1926, 0.1926, 0.1926, 0.1926, 0.1926, 0.1209, 0.1209, 0.1209, 0.1209, 0.1209, 0.1209, 0.1209, 0.1209, 0.1209, 0.1209, 0.1488, 0.1488, 0.1488, 0.1488, 0.1488, 0.1488, 0.1488, 0.1488, 0.1488, 0.1488, 0.3522, 0.3522, 0.3522, 0.3522, 0.3522, 0.3522, 0.3522, 0.3522, 0.3522, 0.3522, 0.2524, 0.2524, 0.2524, 0.2524, 0.2524, 0.2524, 0.2524, 0.2524, 0.2524, 0.2524, 0.3391, 0.3391, 0.3391, 0.3391, 0.3391, 0.3391, 0.3391, 0.3391, 0.3391, 0.3391, 0.1572, 0.1572, 0.1572, 0.1572, 0.1572, 0.1572, 0.1572, 0.1572, 0.1572, 0.1572, 0.0822, 0.0822, 0.0822, 0.0822, 0.0822, 0.0822, 0.0822, 0.0822, 0.0822, 0.0822, 0.4273, 0.4273, 0.4273, 0.4273, 0.4273, 0.4273, 0.4273, 0.4273, 0.4273, 0.4273, 0.214, 0.214, 0.214, 0.214, 0.214, 0.214, 0.214, 0.214, 0.214, 0.214, 0.2385, 0.2385, 0.2385, 0.2385, 0.2385, 0.2385, 0.2385, 0.2385, 0.2385, 0.2385, 0.2658, 0.2658, 0.2658, 0.2658, 0.2658, 0.2658, 0.2658, 0.2658, 0.2658, 0.2658, 0.3872, 0.3872, 0.3872, 0.3872, 0.3872, 0.3872, 0.3872, 0.3872, 0.3872, 0.3872, 0.3076, 0.3076, 0.3076, 0.3076, 0.3076, 0.3076, 0.3076, 0.3076, 0.3076, 0.3076, 0.4916, 0.4916, 0.4916, 0.4916, 0.4916, 0.4916, 0.4916, 0.4916, 0.4916, 0.4916, 0.3642, 0.3642, 0.3642, 0.3642, 0.3642, 0.3642, 0.3642, 0.3642, 0.3642, 0.3642, 0.1456, 0.1456, 0.1456, 0.1456, 0.1456, 0.1456, 0.1456, 0.1456, 0.1456, 0.1456, 0.1578, 0.1578, 0.1578, 0.1578, 0.1578, 0.1578, 0.1578, 0.1578, 0.1578, 0.1578, 0.3712, 0.3712, 0.3712, 0.3712, 0.3712, 0.3712, 0.3712, 0.3712, 0.3712, 0.3712, 0.2369, 0.2369, 0.2369, 0.2369, 0.2369, 0.2369, 0.2369, 0.2369, 0.2369, 0.2369, 0.2899, 0.2899, 0.2899, 0.2899, 0.2899, 0.2899, 0.2899, 0.2899, 0.2899, 0.2899, 0.022, 0.022, 0.022, 0.022, 0.022, 0.022, 0.022, 0.022, 0.022, 0.022, 0.3612, 0.3612, 0.3612, 0.3612, 0.3612, 0.3612, 0.3612, 0.3612, 0.3612, 0.3612, 0.2601, 0.2601, 0.2601, 0.2601, 0.2601, 0.2601, 0.2601, 0.2601, 0.2601, 0.2601, 0.3051, 0.3051, 0.3051, 0.3051, 0.3051, 0.3051, 0.3051, 0.3051, 0.3051, 0.3051, 0.0765, 0.0765, 0.0765, 0.0765, 0.0765, 0.0765, 0.0765, 0.0765, 0.0765, 0.0765, 0.5247, 0.5247, 0.5247, 0.5247, 0.5247, 0.5247, 0.5247, 0.5247, 0.5247, 0.5247, 0.2136, 0.2136, 0.2136, 0.2136, 0.2136, 0.2136, 0.2136, 0.2136, 0.2136, 0.2136, 0.4064, 0.4064, 0.4064, 0.4064, 0.4064, 0.4064, 0.4064, 0.4064, 0.4064, 0.4064, 0.1203, 0.1203, 0.1203, 0.1203, 0.1203, 0.1203, 0.1203, 0.1203, 0.1203, 0.1203, 0.4015, 0.4015, 0.4015, 0.4015, 0.4015, 0.4015, 0.4015, 0.4015, 0.4015, 0.4015, 0.1711, 0.1711, 0.1711, 0.1711, 0.1711, 0.1711, 0.1711, 0.1711, 0.1711, 0.1711, 0.1362, 0.1362, 0.1362, 0.1362, 0.1362, 0.1362, 0.1362, 0.1362, 0.1362, 0.1362, 0.0125, 0.0125, 0.0125, 0.0125, 0.0125, 0.0125, 0.0125, 0.0125, 0.0125, 0.0125, 0.198, 0.198, 0.198, 0.198, 0.198, 0.198, 0.198, 0.198, 0.198, 0.198, 0.3128, 0.3128, 0.3128, 0.3128, 0.3128, 0.3128, 0.3128, 0.3128, 0.3128, 0.3128, 0.5905, 0.5905, 0.5905, 0.5905, 0.5905, 0.5905, 0.5905, 0.5905, 0.5905, 0.5905, 0.3902, 0.3902, 0.3902, 0.3902, 0.3902, 0.3902, 0.3902, 0.3902, 0.3902, 0.3902, 0.3239, 0.3239, 0.3239, 0.3239, 0.3239, 0.3239, 0.3239, 0.3239, 0.3239, 0.3239, 0.2741, 0.2741, 0.2741, 0.2741, 0.2741, 0.2741, 0.2741, 0.2741, 0.2741, 0.2741, 0.3578, 0.3578, 0.3578, 0.3578, 0.3578, 0.3578, 0.3578, 0.3578, 0.3578, 0.3578, 0.3269, 0.3269, 0.3269, 0.3269, 0.3269, 0.3269, 0.3269, 0.3269, 0.3269, 0.3269, 0.2554, 0.2554, 0.2554, 0.2554, 0.2554, 0.2554, 0.2554, 0.2554, 0.2554, 0.2554, 0.3063, 0.3063, 0.3063, 0.3063, 0.3063, 0.3063, 0.3063, 0.3063, 0.3063, 0.3063, 0.3304, 0.3304, 0.3304, 0.3304, 0.3304, 0.3304, 0.3304, 0.3304, 0.3304, 0.3304, 0.2447, 0.2447, 0.2447, 0.2447, 0.2447, 0.2447, 0.2447, 0.2447, 0.2447, 0.2447, 0.3633, 0.3633, 0.3633, 0.3633, 0.3633, 0.3633, 0.3633, 0.3633, 0.3633, 0.3633, 0.2948, 0.2948, 0.2948, 0.2948, 0.2948, 0.2948, 0.2948, 0.2948, 0.2948, 0.2948, 0.4902, 0.4902, 0.4902, 0.4902, 0.4902, 0.4902, 0.4902, 0.4902, 0.4902, 0.4902, 0.2016, 0.2016, 0.2016, 0.2016, 0.2016, 0.2016, 0.2016, 0.2016, 0.2016, 0.2016, 0.0776, 0.0776, 0.0776, 0.0776, 0.0776, 0.0776, 0.0776, 0.0776, 0.0776, 0.0776, 0.5126, 0.5126, 0.5126, 0.5126, 0.5126, 0.5126, 0.5126, 0.5126, 0.5126, 0.5126, 0.1847, 0.1847, 0.1847, 0.1847, 0.1847, 0.1847, 0.1847, 0.1847, 0.1847, 0.1847, 0.6688, 0.6688, 0.6688, 0.6688, 0.6688, 0.6688, 0.6688, 0.6688, 0.6688, 0.6688, 0.3118, 0.3118, 0.3118, 0.3118, 0.3118, 0.3118, 0.3118, 0.3118, 0.3118, 0.3118, 0.2647, 0.2647, 0.2647, 0.2647, 0.2647, 0.2647, 0.2647, 0.2647, 0.2647, 0.2647, 0.2407, 0.2407, 0.2407, 0.2407, 0.2407, 0.2407, 0.2407, 0.2407, 0.2407, 0.2407, 0.2649, 0.2649, 0.2649, 0.2649, 0.2649, 0.2649, 0.2649, 0.2649, 0.2649, 0.2649, 0.1813, 0.1813, 0.1813, 0.1813, 0.1813, 0.1813, 0.1813, 0.1813, 0.1813, 0.1813, 0.2579, 0.2579, 0.2579, 0.2579, 0.2579, 0.2579, 0.2579, 0.2579, 0.2579, 0.2579, 0.3783, 0.3783, 0.3783, 0.3783, 0.3783, 0.3783, 0.3783, 0.3783, 0.3783, 0.3783, 0.5887, 0.5887, 0.5887, 0.5887, 0.5887, 0.5887, 0.5887, 0.5887, 0.5887, 0.5887, 0.26, 0.26, 0.26, 0.26, 0.26, 0.26, 0.26, 0.26, 0.26, 0.26, 0.5216, 0.5216, 0.5216, 0.5216, 0.5216, 0.5216, 0.5216, 0.5216, 0.5216, 0.5216, 0.4039, 0.4039, 0.4039, 0.4039, 0.4039, 0.4039, 0.4039, 0.4039, 0.4039, 0.4039, 0.3396, 0.3396, 0.3396, 0.3396, 0.3396, 0.3396, 0.3396, 0.3396, 0.3396, 0.3396, 0.3938, 0.3938, 0.3938, 0.3938, 0.3938, 0.3938, 0.3938, 0.3938, 0.3938, 0.3938, 0.4678, 0.4678, 0.4678, 0.4678, 0.4678, 0.4678, 0.4678, 0.4678, 0.4678, 0.4678, 0.4404, 0.4404, 0.4404, 0.4404, 0.4404, 0.4404, 0.4404, 0.4404, 0.4404, 0.4404, 0.4657, 0.4657, 0.4657, 0.4657, 0.4657, 0.4657, 0.4657, 0.4657, 0.4657, 0.4657, 0.452, 0.452, 0.452, 0.452, 0.452, 0.452, 0.452, 0.452, 0.452, 0.452, 0.4941, 0.4941, 0.4941, 0.4941, 0.4941, 0.4941, 0.4941, 0.4941, 0.4941, 0.4941, 0.4349, 0.4349, 0.4349, 0.4349, 0.4349, 0.4349, 0.4349, 0.4349, 0.4349, 0.4349, 0.2534, 0.2534, 0.2534, 0.2534, 0.2534, 0.2534, 0.2534, 0.2534, 0.2534, 0.2534, 0.0812, 0.0812, 0.0812, 0.0812, 0.0812, 0.0812, 0.0812, 0.0812, 0.0812, 0.0812, 0.1981, 0.1981, 0.1981, 0.1981, 0.1981, 0.1981, 0.1981, 0.1981, 0.1981, 0.1981, 0.1555, 0.1555, 0.1555, 0.1555, 0.1555, 0.1555, 0.1555, 0.1555, 0.1555, 0.1555, 0.556, 0.556, 0.556, 0.556, 0.556, 0.556, 0.556, 0.556, 0.556, 0.556, 0.3713, 0.3713, 0.3713, 0.3713, 0.3713, 0.3713, 0.3713, 0.3713, 0.3713, 0.3713, 0.5607, 0.5607, 0.5607, 0.5607, 0.5607, 0.5607, 0.5607, 0.5607, 0.5607, 0.5607, 0.2896, 0.2896, 0.2896, 0.2896, 0.2896, 0.2896, 0.2896, 0.2896, 0.2896, 0.2896, 0.3586, 0.3586, 0.3586, 0.3586, 0.3586, 0.3586, 0.3586, 0.3586, 0.3586, 0.3586, 0.3061, 0.3061, 0.3061, 0.3061, 0.3061, 0.3061, 0.3061, 0.3061, 0.3061, 0.3061, 0.1358, 0.1358, 0.1358, 0.1358, 0.1358, 0.1358, 0.1358, 0.1358, 0.1358, 0.1358, 0.1358, 0.1358, 0.1358, 0.1358, 0.1358, 0.1358, 0.1358, 0.1358, 0.1358, 0.1358, 0.0971, 0.0971, 0.0971, 0.0971, 0.0971, 0.0971, 0.0971, 0.0971, 0.0971, 0.0971, 0.202, 0.202, 0.202, 0.202, 0.202, 0.202, 0.202, 0.202, 0.202, 0.202, 0.1959, 0.1959, 0.1959, 0.1959, 0.1959, 0.1959, 0.1959, 0.1959, 0.1959, 0.1959, 0.3267, 0.3267, 0.3267, 0.3267, 0.3267, 0.3267, 0.3267, 0.3267, 0.3267, 0.3267, 0.3221, 0.3221, 0.3221, 0.3221, 0.3221, 0.3221, 0.3221, 0.3221, 0.3221, 0.3221, 0.1939, 0.1939, 0.1939, 0.1939, 0.1939, 0.1939, 0.1939, 0.1939, 0.1939, 0.1939, 0.2225, 0.2225, 0.2225, 0.2225, 0.2225, 0.2225, 0.2225, 0.2225, 0.2225, 0.2225, 0.3105, 0.3105, 0.3105, 0.3105, 0.3105, 0.3105, 0.3105, 0.3105, 0.3105, 0.3105, 0.2747, 0.2747, 0.2747, 0.2747, 0.2747, 0.2747, 0.2747, 0.2747, 0.2747, 0.2747, 0.3412, 0.3412, 0.3412, 0.3412, 0.3412, 0.3412, 0.3412, 0.3412, 0.3412, 0.3412, 0.1446, 0.1446, 0.1446, 0.1446, 0.1446, 0.1446, 0.1446, 0.1446, 0.1446, 0.1446, 0.3156, 0.3156, 0.3156, 0.3156, 0.3156, 0.3156, 0.3156, 0.3156, 0.3156, 0.3156, 0.1298, 0.1298, 0.1298, 0.1298, 0.1298, 0.1298, 0.1298, 0.1298, 0.1298, 0.1298, 0.3961, 0.3961, 0.3961, 0.3961, 0.3961, 0.3961, 0.3961, 0.3961, 0.3961, 0.3961, 0.3955, 0.3955, 0.3955, 0.3955, 0.3955, 0.3955, 0.3955, 0.3955, 0.3955, 0.3955, 0.5246, 0.5246, 0.5246, 0.5246, 0.5246, 0.5246, 0.5246, 0.5246, 0.5246, 0.5246, 0.1339, 0.1339, 0.1339, 0.1339, 0.1339, 0.1339, 0.1339, 0.1339, 0.1339, 0.1339, 0.3903, 0.3903, 0.3903, 0.3903, 0.3903, 0.3903, 0.3903, 0.3903, 0.3903, 0.3903, 0.5644, 0.5644, 0.5644, 0.5644, 0.5644, 0.5644, 0.5644, 0.5644, 0.5644, 0.5644, 0.347, 0.347, 0.347, 0.347, 0.347, 0.347, 0.347, 0.347, 0.347, 0.347, 0.1487, 0.1487, 0.1487, 0.1487, 0.1487, 0.1487, 0.1487, 0.1487, 0.1487, 0.1487, 0.3863, 0.3863, 0.3863, 0.3863, 0.3863, 0.3863, 0.3863, 0.3863, 0.3863, 0.3863, 0.4759, 0.4759, 0.4759, 0.4759, 0.4759, 0.4759, 0.4759, 0.4759, 0.4759, 0.4759, 0.2071, 0.2071, 0.2071, 0.2071, 0.2071, 0.2071, 0.2071, 0.2071, 0.2071, 0.2071, 0.1713, 0.1713, 0.1713, 0.1713, 0.1713, 0.1713, 0.1713, 0.1713, 0.1713, 0.1713, 0.5559, 0.5559, 0.5559, 0.5559, 0.5559, 0.5559, 0.5559, 0.5559, 0.5559, 0.5559, 0.3716, 0.3716, 0.3716, 0.3716, 0.3716, 0.3716, 0.3716, 0.3716, 0.3716, 0.3716, 0.2457, 0.2457, 0.2457, 0.2457, 0.2457, 0.2457, 0.2457, 0.2457, 0.2457, 0.2457, 0.1652, 0.1652, 0.1652, 0.1652, 0.1652, 0.1652, 0.1652, 0.1652, 0.1652, 0.1652, 0.1825, 0.1825, 0.1825, 0.1825, 0.1825, 0.1825, 0.1825, 0.1825, 0.1825, 0.1825, 0.329, 0.329, 0.329, 0.329, 0.329, 0.329, 0.329, 0.329, 0.329, 0.329, 0.0161, 0.0161, 0.0161, 0.0161, 0.0161, 0.0161, 0.0161, 0.0161, 0.0161, 0.0161, 0.2512, 0.2512, 0.2512, 0.2512, 0.2512, 0.2512, 0.2512, 0.2512, 0.2512, 0.2512, 0.2103, 0.2103, 0.2103, 0.2103, 0.2103, 0.2103, 0.2103, 0.2103, 0.2103, 0.2103, 0.413, 0.413, 0.413, 0.413, 0.413, 0.413, 0.413, 0.413, 0.413, 0.413, 0.043, 0.043, 0.043, 0.043, 0.043, 0.043, 0.043, 0.043, 0.043, 0.043, 0.0766, 0.0766, 0.0766, 0.0766, 0.0766, 0.0766, 0.0766, 0.0766, 0.0766, 0.0766, 0.4998, 0.4998, 0.4998, 0.4998, 0.4998, 0.4998, 0.4998, 0.4998, 0.4998, 0.4998, 0.3284, 0.3284, 0.3284, 0.3284, 0.3284, 0.3284, 0.3284, 0.3284, 0.3284, 0.3284, 0.3038, 0.3038, 0.3038, 0.3038, 0.3038, 0.3038, 0.3038, 0.3038, 0.3038, 0.3038, 0.2015, 0.2015, 0.2015, 0.2015, 0.2015, 0.2015, 0.2015, 0.2015, 0.2015, 0.2015, 0.2805, 0.2805, 0.2805, 0.2805, 0.2805, 0.2805, 0.2805, 0.2805, 0.2805, 0.2805, 0.1512, 0.1512, 0.1512, 0.1512, 0.1512, 0.1512, 0.1512, 0.1512, 0.1512, 0.1512, 0.1839, 0.1839, 0.1839, 0.1839, 0.1839, 0.1839, 0.1839, 0.1839, 0.1839, 0.1839, 0.2433, 0.2433, 0.2433, 0.2433, 0.2433, 0.2433, 0.2433, 0.2433, 0.2433, 0.2433, 0.0618, 0.0618, 0.0618, 0.0618, 0.0618, 0.0618, 0.0618, 0.0618, 0.0618, 0.0618, 0.0497, 0.0497, 0.0497, 0.0497, 0.0497, 0.0497, 0.0497, 0.0497, 0.0497, 0.0497, 0.2893, 0.2893, 0.2893, 0.2893, 0.2893, 0.2893, 0.2893, 0.2893, 0.2893, 0.2893, 0.4305, 0.4305, 0.4305, 0.4305, 0.4305, 0.4305, 0.4305, 0.4305, 0.4305, 0.4305, 0.3746, 0.3746, 0.3746, 0.3746, 0.3746, 0.3746, 0.3746, 0.3746, 0.3746, 0.3746, 0.4379, 0.4379, 0.4379, 0.4379, 0.4379, 0.4379, 0.4379, 0.4379, 0.4379, 0.4379, 0.5481, 0.5481, 0.5481, 0.5481, 0.5481, 0.5481, 0.5481, 0.5481, 0.5481, 0.5481, 0.1572, 0.1572, 0.1572, 0.1572, 0.1572, 0.1572, 0.1572, 0.1572, 0.1572, 0.1572, 0.2463, 0.2463, 0.2463, 0.2463, 0.2463, 0.2463, 0.2463, 0.2463, 0.2463, 0.2463, 0.3933, 0.3933, 0.3933, 0.3933, 0.3933, 0.3933, 0.3933, 0.3933, 0.3933, 0.3933, 0.2316, 0.2316, 0.2316, 0.2316, 0.2316, 0.2316, 0.2316, 0.2316, 0.2316, 0.2316, 0.1865, 0.1865, 0.1865, 0.1865, 0.1865, 0.1865, 0.1865, 0.1865, 0.1865, 0.1865, 0.3713, 0.3713, 0.3713, 0.3713, 0.3713, 0.3713, 0.3713, 0.3713, 0.3713, 0.3713, 0.1689, 0.1689, 0.1689, 0.1689, 0.1689, 0.1689, 0.1689, 0.1689, 0.1689, 0.1689, 0.1806, 0.1806, 0.1806, 0.1806, 0.1806, 0.1806, 0.1806, 0.1806, 0.1806, 0.1806, 0.3457, 0.3457, 0.3457, 0.3457, 0.3457, 0.3457, 0.3457, 0.3457, 0.3457, 0.3457, 0.222, 0.222, 0.222, 0.222, 0.222, 0.222, 0.222, 0.222, 0.222, 0.222, 0.054, 0.054, 0.054, 0.054, 0.054, 0.054, 0.054, 0.054, 0.054, 0.054, 0.2085, 0.2085, 0.2085, 0.2085, 0.2085, 0.2085, 0.2085, 0.2085, 0.2085, 0.2085, 0.0655, 0.0655, 0.0655, 0.0655, 0.0655, 0.0655, 0.0655, 0.0655, 0.0655, 0.0655, 0.1812, 0.1812, 0.1812, 0.1812, 0.1812, 0.1812, 0.1812, 0.1812, 0.1812, 0.1812, 0.1475, 0.1475, 0.1475, 0.1475, 0.1475, 0.1475, 0.1475, 0.1475, 0.1475, 0.1475, 0.0864, 0.0864, 0.0864, 0.0864, 0.0864, 0.0864, 0.0864, 0.0864, 0.0864, 0.0864, 0.2625, 0.2625, 0.2625, 0.2625, 0.2625, 0.2625, 0.2625, 0.2625, 0.2625, 0.2625, 0.2597, 0.2597, 0.2597, 0.2597, 0.2597, 0.2597, 0.2597, 0.2597, 0.2597, 0.2597, 0.0647, 0.0647, 0.0647, 0.0647, 0.0647, 0.0647, 0.0647, 0.0647, 0.0647, 0.0647, 0.2487, 0.2487, 0.2487, 0.2487, 0.2487, 0.2487, 0.2487, 0.2487, 0.2487, 0.2487, 0.2461, 0.2461, 0.2461, 0.2461, 0.2461, 0.2461, 0.2461, 0.2461, 0.2461, 0.2461, 0.0933, 0.0933, 0.0933, 0.0933, 0.0933, 0.0933, 0.0933, 0.0933, 0.0933, 0.0933, 0.4774, 0.4774, 0.4774, 0.4774, 0.4774, 0.4774, 0.4774, 0.4774, 0.4774, 0.4774, 0.1492, 0.1492, 0.1492, 0.1492, 0.1492, 0.1492, 0.1492, 0.1492, 0.1492, 0.1492, 0.0733, 0.0733, 0.0733, 0.0733, 0.0733, 0.0733, 0.0733, 0.0733, 0.0733, 0.0733, 0.2204, 0.2204, 0.2204, 0.2204, 0.2204, 0.2204, 0.2204, 0.2204, 0.2204, 0.2204, 0.0991, 0.0991, 0.0991, 0.0991, 0.0991, 0.0991, 0.0991, 0.0991, 0.0991, 0.0991, 0.2398, 0.2398, 0.2398, 0.2398, 0.2398, 0.2398, 0.2398, 0.2398, 0.2398, 0.2398, 0.0971, 0.0971, 0.0971, 0.0971, 0.0971, 0.0971, 0.0971, 0.0971, 0.0971, 0.0971, 0.014, 0.014, 0.014, 0.014, 0.014, 0.014, 0.014, 0.014, 0.014, 0.014, 0.2383, 0.2383, 0.2383, 0.2383, 0.2383, 0.2383, 0.2383, 0.2383, 0.2383, 0.2383, 0.159, 0.159, 0.159, 0.159, 0.159, 0.159, 0.159, 0.159, 0.159, 0.159, 0.0881, 0.0881, 0.0881, 0.0881, 0.0881, 0.0881, 0.0881, 0.0881, 0.0881, 0.0881, 0.3333, 0.3333, 0.3333, 0.3333, 0.3333, 0.3333, 0.3333, 0.3333, 0.3333, 0.3333, 0.2777, 0.2777, 0.2777, 0.2777, 0.2777, 0.2777, 0.2777, 0.2777, 0.2777, 0.2777, 0.2137, 0.2137, 0.2137, 0.2137, 0.2137, 0.2137, 0.2137, 0.2137, 0.2137, 0.2137, 0.5403, 0.5403, 0.5403, 0.5403, 0.5403, 0.5403, 0.5403, 0.5403, 0.5403, 0.5403, 0.5791, 0.5791, 0.5791, 0.5791, 0.5791, 0.5791, 0.5791, 0.5791, 0.5791, 0.5791, 0.3913, 0.3913, 0.3913, 0.3913, 0.3913, 0.3913, 0.3913, 0.3913, 0.3913, 0.3913, 0.1382, 0.1382, 0.1382, 0.1382, 0.1382, 0.1382, 0.1382, 0.1382, 0.1382, 0.1382, 0.2615, 0.2615, 0.2615, 0.2615, 0.2615, 0.2615, 0.2615, 0.2615, 0.2615, 0.2615, 0.1785, 0.1785, 0.1785, 0.1785, 0.1785, 0.1785, 0.1785, 0.1785, 0.1785, 0.1785, 0.3086, 0.3086, 0.3086, 0.3086, 0.3086, 0.3086, 0.3086, 0.3086, 0.3086, 0.3086, 0.1891, 0.1891, 0.1891, 0.1891, 0.1891, 0.1891, 0.1891, 0.1891, 0.1891, 0.1891, 0.2136, 0.2136, 0.2136, 0.2136, 0.2136, 0.2136, 0.2136, 0.2136, 0.2136, 0.2136, 0.2508, 0.2508, 0.2508, 0.2508, 0.2508, 0.2508, 0.2508, 0.2508, 0.2508, 0.2508, 0.1111, 0.1111, 0.1111, 0.1111, 0.1111, 0.1111, 0.1111, 0.1111, 0.1111, 0.1111, 0.1762, 0.1762, 0.1762, 0.1762, 0.1762, 0.1762, 0.1762, 0.1762, 0.1762, 0.1762, 0.2739, 0.2739, 0.2739, 0.2739, 0.2739, 0.2739, 0.2739, 0.2739, 0.2739, 0.2739, 0.18, 0.18, 0.18, 0.18, 0.18, 0.18, 0.18, 0.18, 0.18, 0.18, 0.154, 0.154, 0.154, 0.154, 0.154, 0.154, 0.154, 0.154, 0.154, 0.154, 0.0945, 0.0945, 0.0945, 0.0945, 0.0945, 0.0945, 0.0945, 0.0945, 0.0945, 0.0945, 0.2657, 0.2657, 0.2657, 0.2657, 0.2657, 0.2657, 0.2657, 0.2657, 0.2657, 0.2657, 0.288, 0.288, 0.288, 0.288, 0.288, 0.288, 0.288, 0.288, 0.288, 0.288, 0.0661, 0.0661, 0.0661, 0.0661, 0.0661, 0.0661, 0.0661, 0.0661, 0.0661, 0.0661, 0.1845, 0.1845, 0.1845, 0.1845, 0.1845, 0.1845, 0.1845, 0.1845, 0.1845, 0.1845, 0.2749, 0.2749, 0.2749, 0.2749, 0.2749, 0.2749, 0.2749, 0.2749, 0.2749, 0.2749, 0.1915, 0.1915, 0.1915, 0.1915, 0.1915, 0.1915, 0.1915, 0.1915, 0.1915, 0.1915, 0.2034, 0.2034, 0.2034, 0.2034, 0.2034, 0.2034, 0.2034, 0.2034, 0.2034, 0.2034, 0.2533, 0.2533, 0.2533, 0.2533, 0.2533, 0.2533, 0.2533, 0.2533, 0.2533, 0.2533, 0.3655, 0.3655, 0.3655, 0.3655, 0.3655, 0.3655, 0.3655, 0.3655, 0.3655, 0.3655, 0.2804, 0.2804, 0.2804, 0.2804, 0.2804, 0.2804, 0.2804, 0.2804, 0.2804, 0.2804, 0.0136, 0.0136, 0.0136, 0.0136, 0.0136, 0.0136, 0.0136, 0.0136, 0.0136, 0.0136, 0.2502, 0.2502, 0.2502, 0.2502, 0.2502, 0.2502, 0.2502, 0.2502, 0.2502, 0.2502, 0.3934, 0.3934, 0.3934, 0.3934, 0.3934, 0.3934, 0.3934, 0.3934, 0.3934, 0.3934, 0.2473, 0.2473, 0.2473, 0.2473, 0.2473, 0.2473, 0.2473, 0.2473, 0.2473, 0.2473, 0.1903, 0.1903, 0.1903, 0.1903, 0.1903, 0.1903, 0.1903, 0.1903, 0.1903, 0.1903, 0.1142, 0.1142, 0.1142, 0.1142, 0.1142, 0.1142, 0.1142, 0.1142, 0.1142, 0.1142, 0.3604, 0.3604, 0.3604, 0.3604, 0.3604, 0.3604, 0.3604, 0.3604, 0.3604, 0.3604, 0.6778, 0.6778, 0.6778, 0.6778, 0.6778, 0.6778, 0.6778, 0.6778, 0.6778, 0.6778, 0.2274, 0.2274, 0.2274, 0.2274, 0.2274, 0.2274, 0.2274, 0.2274, 0.2274, 0.2274, 0.3244, 0.3244, 0.3244, 0.3244, 0.3244, 0.3244, 0.3244, 0.3244, 0.3244, 0.3244, 0.3911, 0.3911, 0.3911, 0.3911, 0.3911, 0.3911, 0.3911, 0.3911, 0.3911, 0.3911, 0.0581, 0.0581, 0.0581, 0.0581, 0.0581, 0.0581, 0.0581, 0.0581, 0.0581, 0.0581, 0.3085, 0.3085, 0.3085, 0.3085, 0.3085, 0.3085, 0.3085, 0.3085, 0.3085, 0.3085, 0.1763, 0.1763, 0.1763, 0.1763, 0.1763, 0.1763, 0.1763, 0.1763, 0.1763, 0.1763, 0.2764, 0.2764, 0.2764, 0.2764, 0.2764, 0.2764, 0.2764, 0.2764, 0.2764, 0.2764, 0.2021, 0.2021, 0.2021, 0.2021, 0.2021, 0.2021, 0.2021, 0.2021, 0.2021, 0.2021, 0.1665, 0.1665, 0.1665, 0.1665, 0.1665, 0.1665, 0.1665, 0.1665, 0.1665, 0.1665, 0.2487, 0.2487, 0.2487, 0.2487, 0.2487, 0.2487, 0.2487, 0.2487, 0.2487, 0.2487, 0.4932, 0.4932, 0.4932, 0.4932, 0.4932, 0.4932, 0.4932, 0.4932, 0.4932, 0.4932, 0.1531, 0.1531, 0.1531, 0.1531, 0.1531, 0.1531, 0.1531, 0.1531, 0.1531, 0.1531, 0.0929, 0.0929, 0.0929, 0.0929, 0.0929, 0.0929, 0.0929, 0.0929, 0.0929, 0.0929, 0.2469, 0.2469, 0.2469, 0.2469, 0.2469, 0.2469, 0.2469, 0.2469, 0.2469, 0.2469, 0.3641, 0.3641, 0.3641, 0.3641, 0.3641, 0.3641, 0.3641, 0.3641, 0.3641, 0.3641, 0.1491, 0.1491, 0.1491, 0.1491, 0.1491, 0.1491, 0.1491, 0.1491, 0.1491, 0.1491, 0.2943, 0.2943, 0.2943, 0.2943, 0.2943, 0.2943, 0.2943, 0.2943, 0.2943, 0.2943, 0.4285, 0.4285, 0.4285, 0.4285, 0.4285, 0.4285, 0.4285, 0.4285, 0.4285, 0.4285, 0.2338, 0.2338, 0.2338, 0.2338, 0.2338, 0.2338, 0.2338, 0.2338, 0.2338, 0.2338, 0.2316, 0.2316, 0.2316, 0.2316, 0.2316, 0.2316, 0.2316, 0.2316, 0.2316, 0.2316, 0.1747, 0.1747, 0.1747, 0.1747, 0.1747, 0.1747, 0.1747, 0.1747, 0.1747, 0.1747, 0.0973, 0.0973, 0.0973, 0.0973, 0.0973, 0.0973, 0.0973, 0.0973, 0.0973, 0.0973, 0.2845, 0.2845, 0.2845, 0.2845, 0.2845, 0.2845, 0.2845, 0.2845, 0.2845, 0.2845, 0.3301, 0.3301, 0.3301, 0.3301, 0.3301, 0.3301, 0.3301, 0.3301, 0.3301, 0.3301, 0.3279, 0.3279, 0.3279, 0.3279, 0.3279, 0.3279, 0.3279, 0.3279, 0.3279, 0.3279, 0.2239, 0.2239, 0.2239, 0.2239, 0.2239, 0.2239, 0.2239, 0.2239, 0.2239, 0.2239, 0.2166, 0.2166, 0.2166, 0.2166, 0.2166, 0.2166, 0.2166, 0.2166, 0.2166, 0.2166, 0.2202, 0.2202, 0.2202, 0.2202, 0.2202, 0.2202, 0.2202, 0.2202, 0.2202, 0.2202, 0.3025, 0.3025, 0.3025, 0.3025, 0.3025, 0.3025, 0.3025, 0.3025, 0.3025, 0.3025, 0.2145, 0.2145, 0.2145, 0.2145, 0.2145, 0.2145, 0.2145, 0.2145, 0.2145, 0.2145, 0.1426, 0.1426, 0.1426, 0.1426, 0.1426, 0.1426, 0.1426, 0.1426, 0.1426, 0.1426, 0.1098, 0.1098, 0.1098, 0.1098, 0.1098, 0.1098, 0.1098, 0.1098, 0.1098, 0.1098, 0.0762, 0.0762, 0.0762, 0.0762, 0.0762, 0.0762, 0.0762, 0.0762, 0.0762, 0.0762, 0.247, 0.247, 0.247, 0.247, 0.247, 0.247, 0.247, 0.247, 0.247, 0.247, 0.0635, 0.0635, 0.0635, 0.0635, 0.0635, 0.0635, 0.0635, 0.0635, 0.0635, 0.0635, 0.3308, 0.3308, 0.3308, 0.3308, 0.3308, 0.3308, 0.3308, 0.3308, 0.3308, 0.3308, 0.1359, 0.1359, 0.1359, 0.1359, 0.1359, 0.1359, 0.1359, 0.1359, 0.1359, 0.1359, 0.2033, 0.2033, 0.2033, 0.2033, 0.2033, 0.2033, 0.2033, 0.2033, 0.2033, 0.2033, 0.1295, 0.1295, 0.1295, 0.1295, 0.1295, 0.1295, 0.1295, 0.1295, 0.1295, 0.1295, 0.2174, 0.2174, 0.2174, 0.2174, 0.2174, 0.2174, 0.2174, 0.2174, 0.2174, 0.2174, 0.2091, 0.2091, 0.2091, 0.2091, 0.2091, 0.2091, 0.2091, 0.2091, 0.2091, 0.2091, 0.1633, 0.1633, 0.1633, 0.1633, 0.1633, 0.1633, 0.1633, 0.1633, 0.1633, 0.1633, 0.0825, 0.0825, 0.0825, 0.0825, 0.0825, 0.0825, 0.0825, 0.0825, 0.0825, 0.0825, 0.1465, 0.1465, 0.1465, 0.1465, 0.1465, 0.1465, 0.1465, 0.1465, 0.1465, 0.1465, 0.1852, 0.1852, 0.1852, 0.1852, 0.1852, 0.1852, 0.1852, 0.1852, 0.1852, 0.1852, 0.1474, 0.1474, 0.1474, 0.1474, 0.1474, 0.1474, 0.1474, 0.1474, 0.1474, 0.1474, 0.1033, 0.1033, 0.1033, 0.1033, 0.1033, 0.1033, 0.1033, 0.1033, 0.1033, 0.1033, 0.1347, 0.1347, 0.1347, 0.1347, 0.1347, 0.1347, 0.1347, 0.1347, 0.1347, 0.1347, 0.2828, 0.2828, 0.2828, 0.2828, 0.2828, 0.2828, 0.2828, 0.2828, 0.2828, 0.2828, 0.2784, 0.2784, 0.2784, 0.2784, 0.2784, 0.2784, 0.2784, 0.2784, 0.2784, 0.2784, 0.081, 0.081, 0.081, 0.081, 0.081, 0.081, 0.081, 0.081, 0.081, 0.081, 0.1489, 0.1489, 0.1489, 0.1489, 0.1489, 0.1489, 0.1489, 0.1489, 0.1489, 0.1489, 0.08, 0.08, 0.08, 0.08, 0.08, 0.08, 0.08, 0.08, 0.08, 0.08, 0.1522, 0.1522, 0.1522, 0.1522, 0.1522, 0.1522, 0.1522, 0.1522, 0.1522, 0.1522, 0.3189, 0.3189, 0.3189, 0.3189, 0.3189, 0.3189, 0.3189, 0.3189, 0.3189, 0.3189, 0.1783, 0.1783, 0.1783, 0.1783, 0.1783, 0.1783, 0.1783, 0.1783, 0.1783, 0.1783, 0.1571, 0.1571, 0.1571, 0.1571, 0.1571, 0.1571, 0.1571, 0.1571, 0.1571, 0.1571, 0.2989, 0.2989, 0.2989, 0.2989, 0.2989, 0.2989, 0.2989, 0.2989, 0.2989, 0.2989, 0.1304, 0.1304, 0.1304, 0.1304, 0.1304, 0.1304, 0.1304, 0.1304, 0.1304, 0.1304, 0.2821, 0.2821, 0.2821, 0.2821, 0.2821, 0.2821, 0.2821, 0.2821, 0.2821, 0.2821, 0.343, 0.343, 0.343, 0.343, 0.343, 0.343, 0.343, 0.343, 0.343, 0.343, 0.1968, 0.1968, 0.1968, 0.1968, 0.1968, 0.1968, 0.1968, 0.1968, 0.1968, 0.1968, 0.1438, 0.1438, 0.1438, 0.1438, 0.1438, 0.1438, 0.1438, 0.1438, 0.1438, 0.1438, 0.1437, 0.1437, 0.1437, 0.1437, 0.1437, 0.1437, 0.1437, 0.1437, 0.1437, 0.1437, 0.217, 0.217, 0.217, 0.217, 0.217, 0.217, 0.217, 0.217, 0.217, 0.217, 0.2169, 0.2169, 0.2169, 0.2169, 0.2169, 0.2169, 0.2169, 0.2169, 0.2169, 0.2169, 0.1388, 0.1388, 0.1388, 0.1388, 0.1388, 0.1388, 0.1388, 0.1388, 0.1388, 0.1388, 0.1289, 0.1289, 0.1289, 0.1289, 0.1289, 0.1289, 0.1289, 0.1289, 0.1289, 0.1289, 0.2595, 0.2595, 0.2595, 0.2595, 0.2595, 0.2595, 0.2595, 0.2595, 0.2595, 0.2595, 0.1105, 0.1105, 0.1105, 0.1105, 0.1105, 0.1105, 0.1105, 0.1105, 0.1105, 0.1105, 0.1695, 0.1695, 0.1695, 0.1695, 0.1695, 0.1695, 0.1695, 0.1695, 0.1695, 0.1695, 0.2574, 0.2574, 0.2574, 0.2574, 0.2574, 0.2574, 0.2574, 0.2574, 0.2574, 0.2574, 0.1711, 0.1711, 0.1711, 0.1711, 0.1711, 0.1711, 0.1711, 0.1711, 0.1711, 0.1711, 0.0565, 0.0565, 0.0565, 0.0565, 0.0565, 0.0565, 0.0565, 0.0565, 0.0565, 0.0565, 0.0084, 0.0084, 0.0084, 0.0084, 0.0084, 0.0084, 0.0084, 0.0084, 0.0084, 0.0084, 0.0801, 0.0801, 0.0801, 0.0801, 0.0801, 0.0801, 0.0801, 0.0801, 0.0801, 0.0801, 0.1539, 0.1539, 0.1539, 0.1539, 0.1539, 0.1539, 0.1539, 0.1539, 0.1539, 0.1539, 0.1506, 0.1506, 0.1506, 0.1506, 0.1506, 0.1506, 0.1506, 0.1506, 0.1506, 0.1506, 0.2795, 0.2795, 0.2795, 0.2795, 0.2795, 0.2795, 0.2795, 0.2795, 0.2795, 0.2795, 0.2952, 0.2952, 0.2952, 0.2952, 0.2952, 0.2952, 0.2952, 0.2952, 0.2952, 0.2952, 0.1321, 0.1321, 0.1321, 0.1321, 0.1321, 0.1321, 0.1321, 0.1321, 0.1321, 0.1321, 0.0805, 0.0805, 0.0805, 0.0805, 0.0805, 0.0805, 0.0805, 0.0805, 0.0805, 0.0805, 0.3603, 0.3603, 0.3603, 0.3603, 0.3603, 0.3603, 0.3603, 0.3603, 0.3603, 0.3603, 0.1183, 0.1183, 0.1183, 0.1183, 0.1183, 0.1183, 0.1183, 0.1183, 0.1183, 0.1183, 0.3461, 0.3461, 0.3461, 0.3461, 0.3461, 0.3461, 0.3461, 0.3461, 0.3461, 0.3461, 0.0105, 0.0105, 0.0105, 0.0105, 0.0105, 0.0105, 0.0105, 0.0105, 0.0105, 0.0105, 0.2729, 0.2729, 0.2729, 0.2729, 0.2729, 0.2729, 0.2729, 0.2729, 0.2729, 0.2729, 0.1218, 0.1218, 0.1218, 0.1218, 0.1218, 0.1218, 0.1218, 0.1218, 0.1218, 0.1218, 0.1563, 0.1563, 0.1563, 0.1563, 0.1563, 0.1563, 0.1563, 0.1563, 0.1563, 0.1563, 0.3952, 0.3952, 0.3952, 0.3952, 0.3952, 0.3952, 0.3952, 0.3952, 0.3952, 0.3952, 0.0872, 0.0872, 0.0872, 0.0872, 0.0872, 0.0872, 0.0872, 0.0872, 0.0872, 0.0872, 0.2825, 0.2825, 0.2825, 0.2825, 0.2825, 0.2825, 0.2825, 0.2825, 0.2825, 0.2825, 0.1574, 0.1574, 0.1574, 0.1574, 0.1574, 0.1574, 0.1574, 0.1574, 0.1574, 0.1574, 0.271, 0.271, 0.271, 0.271, 0.271, 0.271, 0.271, 0.271, 0.271, 0.271, 0.4045, 0.4045, 0.4045, 0.4045, 0.4045, 0.4045, 0.4045, 0.4045, 0.4045, 0.4045, 0.2439, 0.2439, 0.2439, 0.2439, 0.2439, 0.2439, 0.2439, 0.2439, 0.2439, 0.2439, 0.2254, 0.2254, 0.2254, 0.2254, 0.2254, 0.2254, 0.2254, 0.2254, 0.2254, 0.2254, 0.2393, 0.2393, 0.2393, 0.2393, 0.2393, 0.2393, 0.2393, 0.2393, 0.2393, 0.2393, 0.2261, 0.2261, 0.2261, 0.2261, 0.2261, 0.2261, 0.2261, 0.2261, 0.2261, 0.2261, 0.0518, 0.0518, 0.0518, 0.0518, 0.0518, 0.0518, 0.0518, 0.0518, 0.0518, 0.0518, 0.1901, 0.1901, 0.1901, 0.1901, 0.1901, 0.1901, 0.1901, 0.1901, 0.1901, 0.1901, 0.1714, 0.1714, 0.1714, 0.1714, 0.1714, 0.1714, 0.1714, 0.1714, 0.1714, 0.1714, 0.3686, 0.3686, 0.3686, 0.3686, 0.3686, 0.3686, 0.3686, 0.3686, 0.3686, 0.3686, 0.0814, 0.0814, 0.0814, 0.0814, 0.0814, 0.0814, 0.0814, 0.0814, 0.0814, 0.0814, 0.1339, 0.1339, 0.1339, 0.1339, 0.1339, 0.1339, 0.1339, 0.1339, 0.1339, 0.1339, 0.1092, 0.1092, 0.1092, 0.1092, 0.1092, 0.1092, 0.1092, 0.1092, 0.1092, 0.1092, 0.0071, 0.0071, 0.0071, 0.0071, 0.0071, 0.0071, 0.0071, 0.0071, 0.0071, 0.0071, 0.251, 0.251, 0.251, 0.251, 0.251, 0.251, 0.251, 0.251, 0.251, 0.251, 0.1642, 0.1642, 0.1642, 0.1642, 0.1642, 0.1642, 0.1642, 0.1642, 0.1642, 0.1642, 0.1468, 0.1468, 0.1468, 0.1468, 0.1468, 0.1468, 0.1468, 0.1468, 0.1468, 0.1468, 0.0846, 0.0846, 0.0846, 0.0846, 0.0846, 0.0846, 0.0846, 0.0846, 0.0846, 0.0846, 0.0076, 0.0076, 0.0076, 0.0076, 0.0076, 0.0076, 0.0076, 0.0076, 0.0076, 0.0076, 0.211, 0.211, 0.211, 0.211, 0.211, 0.211, 0.211, 0.211, 0.211, 0.211, 0.1606, 0.1606, 0.1606, 0.1606, 0.1606, 0.1606, 0.1606, 0.1606, 0.1606, 0.1606, 0.1415, 0.1415, 0.1415, 0.1415, 0.1415, 0.1415, 0.1415, 0.1415, 0.1415, 0.1415, 0.1232, 0.1232, 0.1232, 0.1232, 0.1232, 0.1232, 0.1232, 0.1232, 0.1232, 0.1232, 0.1638, 0.1638, 0.1638, 0.1638, 0.1638, 0.1638, 0.1638, 0.1638, 0.1638, 0.1638, 0.3241, 0.3241, 0.3241, 0.3241, 0.3241, 0.3241, 0.3241, 0.3241, 0.3241, 0.3241, 0.1462, 0.1462, 0.1462, 0.1462, 0.1462, 0.1462, 0.1462, 0.1462, 0.1462, 0.1462, 0.1364, 0.1364, 0.1364, 0.1364, 0.1364, 0.1364, 0.1364, 0.1364, 0.1364, 0.1364, 0.08, 0.08, 0.08, 0.08, 0.08, 0.08, 0.08, 0.08, 0.08, 0.08, 0.1018, 0.1018, 0.1018, 0.1018, 0.1018, 0.1018, 0.1018, 0.1018, 0.1018, 0.1018, 0.2771, 0.2771, 0.2771, 0.2771, 0.2771, 0.2771, 0.2771, 0.2771, 0.2771, 0.2771, 0.155, 0.155, 0.155, 0.155, 0.155, 0.155, 0.155, 0.155, 0.155, 0.155, 0.1873, 0.1873, 0.1873, 0.1873, 0.1873, 0.1873, 0.1873, 0.1873, 0.1873, 0.1873, 0.2772, 0.2772, 0.2772, 0.2772, 0.2772, 0.2772, 0.2772, 0.2772, 0.2772, 0.2772, 0.0401, 0.0401, 0.0401, 0.0401, 0.0401, 0.0401, 0.0401, 0.0401, 0.0401, 0.0401, 0.2583, 0.2583, 0.2583, 0.2583, 0.2583, 0.2583, 0.2583, 0.2583, 0.2583, 0.2583, 0.0844, 0.0844, 0.0844, 0.0844, 0.0844, 0.0844, 0.0844, 0.0844, 0.0844, 0.0844, 0.1351, 0.1351, 0.1351, 0.1351, 0.1351, 0.1351, 0.1351, 0.1351, 0.1351, 0.1351, 0.1458, 0.1458, 0.1458, 0.1458, 0.1458, 0.1458, 0.1458, 0.1458, 0.1458, 0.1458, 0.2667, 0.2667, 0.2667, 0.2667, 0.2667, 0.2667, 0.2667, 0.2667, 0.2667, 0.2667, 0.291, 0.291, 0.291, 0.291, 0.291, 0.291, 0.291, 0.291, 0.291, 0.291, 0.0939, 0.0939, 0.0939, 0.0939, 0.0939, 0.0939, 0.0939, 0.0939, 0.0939, 0.0939, 0.244, 0.244, 0.244, 0.244, 0.244, 0.244, 0.244, 0.244, 0.244, 0.244, 0.2253, 0.2253, 0.2253, 0.2253, 0.2253, 0.2253, 0.2253, 0.2253, 0.2253, 0.2253, 0.1117, 0.1117, 0.1117, 0.1117, 0.1117, 0.1117, 0.1117, 0.1117, 0.1117, 0.1117, 0.2839, 0.2839, 0.2839, 0.2839, 0.2839, 0.2839, 0.2839, 0.2839, 0.2839, 0.2839, 0.1227, 0.1227, 0.1227, 0.1227, 0.1227, 0.1227, 0.1227, 0.1227, 0.1227, 0.1227, 0.2528, 0.2528, 0.2528, 0.2528, 0.2528, 0.2528, 0.2528, 0.2528, 0.2528, 0.2528, 0.3165, 0.3165, 0.3165, 0.3165, 0.3165, 0.3165, 0.3165, 0.3165, 0.3165, 0.3165, 0.3725, 0.3725, 0.3725, 0.3725, 0.3725, 0.3725, 0.3725, 0.3725, 0.3725, 0.3725, 0.1852, 0.1852, 0.1852, 0.1852, 0.1852, 0.1852, 0.1852, 0.1852, 0.1852, 0.1852, 0.0428, 0.0428, 0.0428, 0.0428, 0.0428, 0.0428, 0.0428, 0.0428, 0.0428, 0.0428, 0.0635, 0.0635, 0.0635, 0.0635, 0.0635, 0.0635, 0.0635, 0.0635, 0.0635, 0.0635, 0.0676, 0.0676, 0.0676, 0.0676, 0.0676, 0.0676, 0.0676, 0.0676, 0.0676, 0.0676, 0.2363, 0.2363, 0.2363, 0.2363, 0.2363, 0.2363, 0.2363, 0.2363, 0.2363, 0.2363, 0.4683, 0.4683, 0.4683, 0.4683, 0.4683, 0.4683, 0.4683, 0.4683, 0.4683, 0.4683, 0.4093, 0.4093, 0.4093, 0.4093, 0.4093, 0.4093, 0.4093, 0.4093, 0.4093, 0.4093, 0.1667, 0.1667, 0.1667, 0.1667, 0.1667, 0.1667, 0.1667, 0.1667, 0.1667, 0.1667, 0.0706, 0.0706, 0.0706, 0.0706, 0.0706, 0.0706, 0.0706, 0.0706, 0.0706, 0.0706, 0.3307, 0.3307, 0.3307, 0.3307, 0.3307, 0.3307, 0.3307, 0.3307, 0.3307, 0.3307, 0.1091, 0.1091, 0.1091, 0.1091, 0.1091, 0.1091, 0.1091, 0.1091, 0.1091, 0.1091, 0.1899, 0.1899, 0.1899, 0.1899, 0.1899, 0.1899, 0.1899, 0.1899, 0.1899, 0.1899, 0.0686, 0.0686, 0.0686, 0.0686, 0.0686, 0.0686, 0.0686, 0.0686, 0.0686, 0.0686, 0.2907, 0.2907, 0.2907, 0.2907, 0.2907, 0.2907, 0.2907, 0.2907, 0.2907, 0.2907, 0.1382, 0.1382, 0.1382, 0.1382, 0.1382, 0.1382, 0.1382, 0.1382, 0.1382, 0.1382, 0.0065, 0.0065, 0.0065, 0.0065, 0.0065, 0.0065, 0.0065, 0.0065, 0.0065, 0.0065, 0.1084, 0.1084, 0.1084, 0.1084, 0.1084, 0.1084, 0.1084, 0.1084, 0.1084, 0.1084, 0.096, 0.096, 0.096, 0.096, 0.096, 0.096, 0.096, 0.096, 0.096, 0.096, 0.1292, 0.1292, 0.1292, 0.1292, 0.1292, 0.1292, 0.1292, 0.1292, 0.1292, 0.1292, 0.1829, 0.1829, 0.1829, 0.1829, 0.1829, 0.1829, 0.1829, 0.1829, 0.1829, 0.1829, 0.2665, 0.2665, 0.2665, 0.2665, 0.2665, 0.2665, 0.2665, 0.2665, 0.2665, 0.2665, 0.0783, 0.0783, 0.0783, 0.0783, 0.0783, 0.0783, 0.0783, 0.0783, 0.0783, 0.0783, 0.1602, 0.1602, 0.1602, 0.1602, 0.1602, 0.1602, 0.1602, 0.1602, 0.1602, 0.1602, 0.082, 0.082, 0.082, 0.082, 0.082, 0.082, 0.082, 0.082, 0.082, 0.082, 0.1545, 0.1545, 0.1545, 0.1545, 0.1545, 0.1545, 0.1545, 0.1545, 0.1545, 0.1545, 0.083, 0.083, 0.083, 0.083, 0.083, 0.083, 0.083, 0.083, 0.083, 0.083, 0.155, 0.155, 0.155, 0.155, 0.155, 0.155, 0.155, 0.155, 0.155, 0.155, 0.1284, 0.1284, 0.1284, 0.1284, 0.1284, 0.1284, 0.1284, 0.1284, 0.1284, 0.1284, 0.0075, 0.0075, 0.0075, 0.0075, 0.0075, 0.0075, 0.0075, 0.0075, 0.0075, 0.0075, 0.066, 0.066, 0.066, 0.066, 0.066, 0.066, 0.066, 0.066, 0.066, 0.066, 0.1543, 0.1543, 0.1543, 0.1543, 0.1543, 0.1543, 0.1543, 0.1543, 0.1543, 0.1543]
Validation Loss:
[0.5105302929878235, 0.41535359621047974, 0.5958021283149719, 0.5056825280189514, 0.4593653678894043, 0.5602436065673828, 0.48523133993148804, 0.48746705055236816, 0.4975177049636841, 0.49226292967796326]
Train, Validation, Test split:
Train: 6233
Validation: 1759
Test: 889
