Accuracy: 0.9428263214670982
Classification Report:
                  precision    recall  f1-score   support

        Archival       0.97      0.97      0.97       411
          Letter       0.92      0.96      0.94       208
        Literary       0.20      0.30      0.24        10
Royal/Monumental       0.97      0.91      0.94       102
      Scientific       0.95      0.92      0.94       196

        accuracy                           0.94       927
       macro avg       0.80      0.81      0.80       927
    weighted avg       0.95      0.94      0.94       927

Training Loss:
[1.5495, 1.5495, 1.5495, 1.5495, 1.5495, 1.5495, 1.5495, 1.5495, 1.5495, 1.5495, 1.5194, 1.5194, 1.5194, 1.5194, 1.5194, 1.5194, 1.5194, 1.5194, 1.5194, 1.5194, 1.5313, 1.5313, 1.5313, 1.5313, 1.5313, 1.5313, 1.5313, 1.5313, 1.5313, 1.5313, 1.4234, 1.4234, 1.4234, 1.4234, 1.4234, 1.4234, 1.4234, 1.4234, 1.4234, 1.4234, 1.445, 1.445, 1.445, 1.445, 1.445, 1.445, 1.445, 1.445, 1.445, 1.445, 1.3246, 1.3246, 1.3246, 1.3246, 1.3246, 1.3246, 1.3246, 1.3246, 1.3246, 1.3246, 1.195, 1.195, 1.195, 1.195, 1.195, 1.195, 1.195, 1.195, 1.195, 1.195, 1.3257, 1.3257, 1.3257, 1.3257, 1.3257, 1.3257, 1.3257, 1.3257, 1.3257, 1.3257, 1.1966, 1.1966, 1.1966, 1.1966, 1.1966, 1.1966, 1.1966, 1.1966, 1.1966, 1.1966, 1.1372, 1.1372, 1.1372, 1.1372, 1.1372, 1.1372, 1.1372, 1.1372, 1.1372, 1.1372, 1.1283, 1.1283, 1.1283, 1.1283, 1.1283, 1.1283, 1.1283, 1.1283, 1.1283, 1.1283, 1.0864, 1.0864, 1.0864, 1.0864, 1.0864, 1.0864, 1.0864, 1.0864, 1.0864, 1.0864, 0.9026, 0.9026, 0.9026, 0.9026, 0.9026, 0.9026, 0.9026, 0.9026, 0.9026, 0.9026, 1.1081, 1.1081, 1.1081, 1.1081, 1.1081, 1.1081, 1.1081, 1.1081, 1.1081, 1.1081, 1.2996, 1.2996, 1.2996, 1.2996, 1.2996, 1.2996, 1.2996, 1.2996, 1.2996, 1.2996, 0.788, 0.788, 0.788, 0.788, 0.788, 0.788, 0.788, 0.788, 0.788, 0.788, 0.8628, 0.8628, 0.8628, 0.8628, 0.8628, 0.8628, 0.8628, 0.8628, 0.8628, 0.8628, 0.7873, 0.7873, 0.7873, 0.7873, 0.7873, 0.7873, 0.7873, 0.7873, 0.7873, 0.7873, 1.0451, 1.0451, 1.0451, 1.0451, 1.0451, 1.0451, 1.0451, 1.0451, 1.0451, 1.0451, 1.0575, 1.0575, 1.0575, 1.0575, 1.0575, 1.0575, 1.0575, 1.0575, 1.0575, 1.0575, 0.8763, 0.8763, 0.8763, 0.8763, 0.8763, 0.8763, 0.8763, 0.8763, 0.8763, 0.8763, 1.0314, 1.0314, 1.0314, 1.0314, 1.0314, 1.0314, 1.0314, 1.0314, 1.0314, 1.0314, 0.7255, 0.7255, 0.7255, 0.7255, 0.7255, 0.7255, 0.7255, 0.7255, 0.7255, 0.7255, 0.6665, 0.6665, 0.6665, 0.6665, 0.6665, 0.6665, 0.6665, 0.6665, 0.6665, 0.6665, 1.1752, 1.1752, 1.1752, 1.1752, 1.1752, 1.1752, 1.1752, 1.1752, 1.1752, 1.1752, 0.7259, 0.7259, 0.7259, 0.7259, 0.7259, 0.7259, 0.7259, 0.7259, 0.7259, 0.7259, 1.2257, 1.2257, 1.2257, 1.2257, 1.2257, 1.2257, 1.2257, 1.2257, 1.2257, 1.2257, 0.885, 0.885, 0.885, 0.885, 0.885, 0.885, 0.885, 0.885, 0.885, 0.885, 0.8795, 0.8795, 0.8795, 0.8795, 0.8795, 0.8795, 0.8795, 0.8795, 0.8795, 0.8795, 0.8395, 0.8395, 0.8395, 0.8395, 0.8395, 0.8395, 0.8395, 0.8395, 0.8395, 0.8395, 0.8518, 0.8518, 0.8518, 0.8518, 0.8518, 0.8518, 0.8518, 0.8518, 0.8518, 0.8518, 0.8529, 0.8529, 0.8529, 0.8529, 0.8529, 0.8529, 0.8529, 0.8529, 0.8529, 0.8529, 0.5978, 0.5978, 0.5978, 0.5978, 0.5978, 0.5978, 0.5978, 0.5978, 0.5978, 0.5978, 0.7463, 0.7463, 0.7463, 0.7463, 0.7463, 0.7463, 0.7463, 0.7463, 0.7463, 0.7463, 0.8031, 0.8031, 0.8031, 0.8031, 0.8031, 0.8031, 0.8031, 0.8031, 0.8031, 0.8031, 0.9129, 0.9129, 0.9129, 0.9129, 0.9129, 0.9129, 0.9129, 0.9129, 0.9129, 0.9129, 0.7155, 0.7155, 0.7155, 0.7155, 0.7155, 0.7155, 0.7155, 0.7155, 0.7155, 0.7155, 0.8505, 0.8505, 0.8505, 0.8505, 0.8505, 0.8505, 0.8505, 0.8505, 0.8505, 0.8505, 0.7259, 0.7259, 0.7259, 0.7259, 0.7259, 0.7259, 0.7259, 0.7259, 0.7259, 0.7259, 0.8407, 0.8407, 0.8407, 0.8407, 0.8407, 0.8407, 0.8407, 0.8407, 0.8407, 0.8407, 0.6099, 0.6099, 0.6099, 0.6099, 0.6099, 0.6099, 0.6099, 0.6099, 0.6099, 0.6099, 0.8363, 0.8363, 0.8363, 0.8363, 0.8363, 0.8363, 0.8363, 0.8363, 0.8363, 0.8363, 0.6455, 0.6455, 0.6455, 0.6455, 0.6455, 0.6455, 0.6455, 0.6455, 0.6455, 0.6455, 0.8296, 0.8296, 0.8296, 0.8296, 0.8296, 0.8296, 0.8296, 0.8296, 0.8296, 0.8296, 0.8003, 0.8003, 0.8003, 0.8003, 0.8003, 0.8003, 0.8003, 0.8003, 0.8003, 0.8003, 0.8837, 0.8837, 0.8837, 0.8837, 0.8837, 0.8837, 0.8837, 0.8837, 0.8837, 0.8837, 0.6569, 0.6569, 0.6569, 0.6569, 0.6569, 0.6569, 0.6569, 0.6569, 0.6569, 0.6569, 0.5606, 0.5606, 0.5606, 0.5606, 0.5606, 0.5606, 0.5606, 0.5606, 0.5606, 0.5606, 0.9166, 0.9166, 0.9166, 0.9166, 0.9166, 0.9166, 0.9166, 0.9166, 0.9166, 0.9166, 0.7835, 0.7835, 0.7835, 0.7835, 0.7835, 0.7835, 0.7835, 0.7835, 0.7835, 0.7835, 0.5526, 0.5526, 0.5526, 0.5526, 0.5526, 0.5526, 0.5526, 0.5526, 0.5526, 0.5526, 0.6764, 0.6764, 0.6764, 0.6764, 0.6764, 0.6764, 0.6764, 0.6764, 0.6764, 0.6764, 0.4576, 0.4576, 0.4576, 0.4576, 0.4576, 0.4576, 0.4576, 0.4576, 0.4576, 0.4576, 0.6298, 0.6298, 0.6298, 0.6298, 0.6298, 0.6298, 0.6298, 0.6298, 0.6298, 0.6298, 0.8572, 0.8572, 0.8572, 0.8572, 0.8572, 0.8572, 0.8572, 0.8572, 0.8572, 0.8572, 0.7914, 0.7914, 0.7914, 0.7914, 0.7914, 0.7914, 0.7914, 0.7914, 0.7914, 0.7914, 0.496, 0.496, 0.496, 0.496, 0.496, 0.496, 0.496, 0.496, 0.496, 0.496, 0.6233, 0.6233, 0.6233, 0.6233, 0.6233, 0.6233, 0.6233, 0.6233, 0.6233, 0.6233, 0.6809, 0.6809, 0.6809, 0.6809, 0.6809, 0.6809, 0.6809, 0.6809, 0.6809, 0.6809, 0.7436, 0.7436, 0.7436, 0.7436, 0.7436, 0.7436, 0.7436, 0.7436, 0.7436, 0.7436, 0.7755, 0.7755, 0.7755, 0.7755, 0.7755, 0.7755, 0.7755, 0.7755, 0.7755, 0.7755, 0.5006, 0.5006, 0.5006, 0.5006, 0.5006, 0.5006, 0.5006, 0.5006, 0.5006, 0.5006, 0.5462, 0.5462, 0.5462, 0.5462, 0.5462, 0.5462, 0.5462, 0.5462, 0.5462, 0.5462, 0.5184, 0.5184, 0.5184, 0.5184, 0.5184, 0.5184, 0.5184, 0.5184, 0.5184, 0.5184, 0.7959, 0.7959, 0.7959, 0.7959, 0.7959, 0.7959, 0.7959, 0.7959, 0.7959, 0.7959, 0.6259, 0.6259, 0.6259, 0.6259, 0.6259, 0.6259, 0.6259, 0.6259, 0.6259, 0.6259, 0.5159, 0.5159, 0.5159, 0.5159, 0.5159, 0.5159, 0.5159, 0.5159, 0.5159, 0.5159, 0.5419, 0.5419, 0.5419, 0.5419, 0.5419, 0.5419, 0.5419, 0.5419, 0.5419, 0.5419, 0.7146, 0.7146, 0.7146, 0.7146, 0.7146, 0.7146, 0.7146, 0.7146, 0.7146, 0.7146, 0.3611, 0.3611, 0.3611, 0.3611, 0.3611, 0.3611, 0.3611, 0.3611, 0.3611, 0.3611, 0.6641, 0.6641, 0.6641, 0.6641, 0.6641, 0.6641, 0.6641, 0.6641, 0.6641, 0.6641, 0.5722, 0.5722, 0.5722, 0.5722, 0.5722, 0.5722, 0.5722, 0.5722, 0.5722, 0.5722, 0.4608, 0.4608, 0.4608, 0.4608, 0.4608, 0.4608, 0.4608, 0.4608, 0.4608, 0.4608, 0.3825, 0.3825, 0.3825, 0.3825, 0.3825, 0.3825, 0.3825, 0.3825, 0.3825, 0.3825, 0.3888, 0.3888, 0.3888, 0.3888, 0.3888, 0.3888, 0.3888, 0.3888, 0.3888, 0.3888, 0.5873, 0.5873, 0.5873, 0.5873, 0.5873, 0.5873, 0.5873, 0.5873, 0.5873, 0.5873, 0.6068, 0.6068, 0.6068, 0.6068, 0.6068, 0.6068, 0.6068, 0.6068, 0.6068, 0.6068, 0.4406, 0.4406, 0.4406, 0.4406, 0.4406, 0.4406, 0.4406, 0.4406, 0.4406, 0.4406, 0.547, 0.547, 0.547, 0.547, 0.547, 0.547, 0.547, 0.547, 0.547, 0.547, 0.4264, 0.4264, 0.4264, 0.4264, 0.4264, 0.4264, 0.4264, 0.4264, 0.4264, 0.4264, 0.6562, 0.6562, 0.6562, 0.6562, 0.252, 0.252, 0.252, 0.252, 0.252, 0.252, 0.252, 0.252, 0.252, 0.252, 0.2672, 0.2672, 0.2672, 0.2672, 0.2672, 0.2672, 0.2672, 0.2672, 0.2672, 0.2672, 0.357, 0.357, 0.357, 0.357, 0.357, 0.357, 0.357, 0.357, 0.357, 0.357, 0.644, 0.644, 0.644, 0.644, 0.644, 0.644, 0.644, 0.644, 0.644, 0.644, 0.5786, 0.5786, 0.5786, 0.5786, 0.5786, 0.5786, 0.5786, 0.5786, 0.5786, 0.5786, 0.424, 0.424, 0.424, 0.424, 0.424, 0.424, 0.424, 0.424, 0.424, 0.424, 0.2951, 0.2951, 0.2951, 0.2951, 0.2951, 0.2951, 0.2951, 0.2951, 0.2951, 0.2951, 0.2212, 0.2212, 0.2212, 0.2212, 0.2212, 0.2212, 0.2212, 0.2212, 0.2212, 0.2212, 0.3813, 0.3813, 0.3813, 0.3813, 0.3813, 0.3813, 0.3813, 0.3813, 0.3813, 0.3813, 0.1658, 0.1658, 0.1658, 0.1658, 0.1658, 0.1658, 0.1658, 0.1658, 0.1658, 0.1658, 0.4027, 0.4027, 0.4027, 0.4027, 0.4027, 0.4027, 0.4027, 0.4027, 0.4027, 0.4027, 0.5184, 0.5184, 0.5184, 0.5184, 0.5184, 0.5184, 0.5184, 0.5184, 0.5184, 0.5184, 0.4936, 0.4936, 0.4936, 0.4936, 0.4936, 0.4936, 0.4936, 0.4936, 0.4936, 0.4936, 0.3178, 0.3178, 0.3178, 0.3178, 0.3178, 0.3178, 0.3178, 0.3178, 0.3178, 0.3178, 0.3207, 0.3207, 0.3207, 0.3207, 0.3207, 0.3207, 0.3207, 0.3207, 0.3207, 0.3207, 0.4477, 0.4477, 0.4477, 0.4477, 0.4477, 0.4477, 0.4477, 0.4477, 0.4477, 0.4477, 0.4703, 0.4703, 0.4703, 0.4703, 0.4703, 0.4703, 0.4703, 0.4703, 0.4703, 0.4703, 0.477, 0.477, 0.477, 0.477, 0.477, 0.477, 0.477, 0.477, 0.477, 0.477, 0.3754, 0.3754, 0.3754, 0.3754, 0.3754, 0.3754, 0.3754, 0.3754, 0.3754, 0.3754, 0.3898, 0.3898, 0.3898, 0.3898, 0.3898, 0.3898, 0.3898, 0.3898, 0.3898, 0.3898, 0.3899, 0.3899, 0.3899, 0.3899, 0.3899, 0.3899, 0.3899, 0.3899, 0.3899, 0.3899, 0.4221, 0.4221, 0.4221, 0.4221, 0.4221, 0.4221, 0.4221, 0.4221, 0.4221, 0.4221, 0.4046, 0.4046, 0.4046, 0.4046, 0.4046, 0.4046, 0.4046, 0.4046, 0.4046, 0.4046, 0.3037, 0.3037, 0.3037, 0.3037, 0.3037, 0.3037, 0.3037, 0.3037, 0.3037, 0.3037, 0.2877, 0.2877, 0.2877, 0.2877, 0.2877, 0.2877, 0.2877, 0.2877, 0.2877, 0.2877, 0.2754, 0.2754, 0.2754, 0.2754, 0.2754, 0.2754, 0.2754, 0.2754, 0.2754, 0.2754, 0.2794, 0.2794, 0.2794, 0.2794, 0.2794, 0.2794, 0.2794, 0.2794, 0.2794, 0.2794, 0.6333, 0.6333, 0.6333, 0.6333, 0.6333, 0.6333, 0.6333, 0.6333, 0.6333, 0.6333, 0.5183, 0.5183, 0.5183, 0.5183, 0.5183, 0.5183, 0.5183, 0.5183, 0.5183, 0.5183, 0.2964, 0.2964, 0.2964, 0.2964, 0.2964, 0.2964, 0.2964, 0.2964, 0.2964, 0.2964, 0.3397, 0.3397, 0.3397, 0.3397, 0.3397, 0.3397, 0.3397, 0.3397, 0.3397, 0.3397, 0.4016, 0.4016, 0.4016, 0.4016, 0.4016, 0.4016, 0.4016, 0.4016, 0.4016, 0.4016, 0.3029, 0.3029, 0.3029, 0.3029, 0.3029, 0.3029, 0.3029, 0.3029, 0.3029, 0.3029, 0.4508, 0.4508, 0.4508, 0.4508, 0.4508, 0.4508, 0.4508, 0.4508, 0.4508, 0.4508, 0.3136, 0.3136, 0.3136, 0.3136, 0.3136, 0.3136, 0.3136, 0.3136, 0.3136, 0.3136, 0.3068, 0.3068, 0.3068, 0.3068, 0.3068, 0.3068, 0.3068, 0.3068, 0.3068, 0.3068, 0.3731, 0.3731, 0.3731, 0.3731, 0.3731, 0.3731, 0.3731, 0.3731, 0.3731, 0.3731, 0.1869, 0.1869, 0.1869, 0.1869, 0.1869, 0.1869, 0.1869, 0.1869, 0.1869, 0.1869, 0.5608, 0.5608, 0.5608, 0.5608, 0.5608, 0.5608, 0.5608, 0.5608, 0.5608, 0.5608, 0.5397, 0.5397, 0.5397, 0.5397, 0.5397, 0.5397, 0.5397, 0.5397, 0.5397, 0.5397, 0.6634, 0.6634, 0.6634, 0.6634, 0.6634, 0.6634, 0.6634, 0.6634, 0.6634, 0.6634, 0.4585, 0.4585, 0.4585, 0.4585, 0.4585, 0.4585, 0.4585, 0.4585, 0.4585, 0.4585, 0.3389, 0.3389, 0.3389, 0.3389, 0.3389, 0.3389, 0.3389, 0.3389, 0.3389, 0.3389, 0.3828, 0.3828, 0.3828, 0.3828, 0.3828, 0.3828, 0.3828, 0.3828, 0.3828, 0.3828, 0.469, 0.469, 0.469, 0.469, 0.469, 0.469, 0.469, 0.469, 0.469, 0.469, 0.1991, 0.1991, 0.1991, 0.1991, 0.1991, 0.1991, 0.1991, 0.1991, 0.1991, 0.1991, 0.222, 0.222, 0.222, 0.222, 0.222, 0.222, 0.222, 0.222, 0.222, 0.222, 0.7526, 0.7526, 0.7526, 0.7526, 0.7526, 0.7526, 0.7526, 0.7526, 0.7526, 0.7526, 0.5123, 0.5123, 0.5123, 0.5123, 0.5123, 0.5123, 0.5123, 0.5123, 0.5123, 0.5123, 0.3489, 0.3489, 0.3489, 0.3489, 0.3489, 0.3489, 0.3489, 0.3489, 0.3489, 0.3489, 0.4078, 0.4078, 0.4078, 0.4078, 0.4078, 0.4078, 0.4078, 0.4078, 0.4078, 0.4078, 0.4587, 0.4587, 0.4587, 0.4587, 0.4587, 0.4587, 0.4587, 0.4587, 0.4587, 0.4587, 0.1289, 0.1289, 0.1289, 0.1289, 0.1289, 0.1289, 0.1289, 0.1289, 0.1289, 0.1289, 0.2548, 0.2548, 0.2548, 0.2548, 0.2548, 0.2548, 0.2548, 0.2548, 0.2548, 0.2548, 0.4079, 0.4079, 0.4079, 0.4079, 0.4079, 0.4079, 0.4079, 0.4079, 0.4079, 0.4079, 0.2357, 0.2357, 0.2357, 0.2357, 0.2357, 0.2357, 0.2357, 0.2357, 0.2357, 0.2357, 0.5853, 0.5853, 0.5853, 0.5853, 0.5853, 0.5853, 0.5853, 0.5853, 0.5853, 0.5853, 0.4808, 0.4808, 0.4808, 0.4808, 0.4808, 0.4808, 0.4808, 0.4808, 0.4808, 0.4808, 0.497, 0.497, 0.497, 0.497, 0.497, 0.497, 0.497, 0.497, 0.497, 0.497, 0.3865, 0.3865, 0.3865, 0.3865, 0.3865, 0.3865, 0.3865, 0.3865, 0.3865, 0.3865, 0.2592, 0.2592, 0.2592, 0.2592, 0.2592, 0.2592, 0.2592, 0.2592, 0.2592, 0.2592, 0.5211, 0.5211, 0.5211, 0.5211, 0.5211, 0.5211, 0.5211, 0.5211, 0.5211, 0.5211, 0.239, 0.239, 0.239, 0.239, 0.239, 0.239, 0.239, 0.239, 0.239, 0.239, 0.254, 0.254, 0.254, 0.254, 0.254, 0.254, 0.254, 0.254, 0.254, 0.254, 0.4737, 0.4737, 0.4737, 0.4737, 0.4737, 0.4737, 0.4737, 0.4737, 0.4737, 0.4737, 0.5038, 0.5038, 0.5038, 0.5038, 0.5038, 0.5038, 0.5038, 0.5038, 0.5038, 0.5038, 0.4854, 0.4854, 0.4854, 0.4854, 0.4854, 0.4854, 0.4854, 0.4854, 0.4854, 0.4854, 0.4952, 0.4952, 0.4952, 0.4952, 0.4952, 0.4952, 0.4952, 0.4952, 0.4952, 0.4952, 0.2233, 0.2233, 0.2233, 0.2233, 0.2233, 0.2233, 0.2233, 0.2233, 0.2233, 0.2233, 0.3292, 0.3292, 0.3292, 0.3292, 0.3292, 0.3292, 0.3292, 0.3292, 0.3292, 0.3292, 0.5077, 0.5077, 0.5077, 0.5077, 0.5077, 0.5077, 0.5077, 0.5077, 0.5077, 0.5077, 0.5055, 0.5055, 0.5055, 0.5055, 0.5055, 0.5055, 0.5055, 0.5055, 0.5055, 0.5055, 0.4967, 0.4967, 0.4967, 0.4967, 0.4967, 0.4967, 0.4967, 0.4967, 0.4967, 0.4967, 0.3334, 0.3334, 0.3334, 0.3334, 0.3334, 0.3334, 0.3334, 0.3334, 0.3334, 0.3334, 0.5842, 0.5842, 0.5842, 0.5842, 0.5842, 0.5842, 0.5842, 0.5842, 0.5842, 0.5842, 0.7073, 0.7073, 0.7073, 0.7073, 0.7073, 0.7073, 0.7073, 0.7073, 0.7073, 0.7073, 0.3448, 0.3448, 0.3448, 0.3448, 0.3448, 0.3448, 0.3448, 0.3448, 0.3448, 0.3448, 0.5418, 0.5418, 0.5418, 0.5418, 0.5418, 0.5418, 0.5418, 0.5418, 0.5418, 0.5418, 0.8199, 0.8199, 0.8199, 0.8199, 0.8199, 0.8199, 0.8199, 0.8199, 0.8199, 0.8199, 0.3007, 0.3007, 0.3007, 0.3007, 0.3007, 0.3007, 0.3007, 0.3007, 0.3007, 0.3007, 0.2662, 0.2662, 0.2662, 0.2662, 0.2662, 0.2662, 0.2662, 0.2662, 0.0913, 0.0913, 0.0913, 0.0913, 0.0913, 0.0913, 0.0913, 0.0913, 0.0913, 0.0913, 0.2663, 0.2663, 0.2663, 0.2663, 0.2663, 0.2663, 0.2663, 0.2663, 0.2663, 0.2663, 0.1312, 0.1312, 0.1312, 0.1312, 0.1312, 0.1312, 0.1312, 0.1312, 0.1312, 0.1312, 0.2883, 0.2883, 0.2883, 0.2883, 0.2883, 0.2883, 0.2883, 0.2883, 0.2883, 0.2883, 0.4679, 0.4679, 0.4679, 0.4679, 0.4679, 0.4679, 0.4679, 0.4679, 0.4679, 0.4679, 0.4991, 0.4991, 0.4991, 0.4991, 0.4991, 0.4991, 0.4991, 0.4991, 0.4991, 0.4991, 0.3529, 0.3529, 0.3529, 0.3529, 0.3529, 0.3529, 0.3529, 0.3529, 0.3529, 0.3529, 0.5103, 0.5103, 0.5103, 0.5103, 0.5103, 0.5103, 0.5103, 0.5103, 0.5103, 0.5103, 0.2527, 0.2527, 0.2527, 0.2527, 0.2527, 0.2527, 0.2527, 0.2527, 0.2527, 0.2527, 0.2872, 0.2872, 0.2872, 0.2872, 0.2872, 0.2872, 0.2872, 0.2872, 0.2872, 0.2872, 0.4119, 0.4119, 0.4119, 0.4119, 0.4119, 0.4119, 0.4119, 0.4119, 0.4119, 0.4119, 0.1009, 0.1009, 0.1009, 0.1009, 0.1009, 0.1009, 0.1009, 0.1009, 0.1009, 0.1009, 0.2384, 0.2384, 0.2384, 0.2384, 0.2384, 0.2384, 0.2384, 0.2384, 0.2384, 0.2384, 0.2605, 0.2605, 0.2605, 0.2605, 0.2605, 0.2605, 0.2605, 0.2605, 0.2605, 0.2605, 0.011, 0.011, 0.011, 0.011, 0.011, 0.011, 0.011, 0.011, 0.011, 0.011, 0.295, 0.295, 0.295, 0.295, 0.295, 0.295, 0.295, 0.295, 0.295, 0.295, 0.2983, 0.2983, 0.2983, 0.2983, 0.2983, 0.2983, 0.2983, 0.2983, 0.2983, 0.2983, 0.4037, 0.4037, 0.4037, 0.4037, 0.4037, 0.4037, 0.4037, 0.4037, 0.4037, 0.4037, 0.5156, 0.5156, 0.5156, 0.5156, 0.5156, 0.5156, 0.5156, 0.5156, 0.5156, 0.5156, 0.6732, 0.6732, 0.6732, 0.6732, 0.6732, 0.6732, 0.6732, 0.6732, 0.6732, 0.6732, 0.0899, 0.0899, 0.0899, 0.0899, 0.0899, 0.0899, 0.0899, 0.0899, 0.0899, 0.0899, 0.2364, 0.2364, 0.2364, 0.2364, 0.2364, 0.2364, 0.2364, 0.2364, 0.2364, 0.2364, 0.1497, 0.1497, 0.1497, 0.1497, 0.1497, 0.1497, 0.1497, 0.1497, 0.1497, 0.1497, 0.268, 0.268, 0.268, 0.268, 0.268, 0.268, 0.268, 0.268, 0.268, 0.268, 0.2864, 0.2864, 0.2864, 0.2864, 0.2864, 0.2864, 0.2864, 0.2864, 0.2864, 0.2864, 0.1739, 0.1739, 0.1739, 0.1739, 0.1739, 0.1739, 0.1739, 0.1739, 0.1739, 0.1739, 0.5862, 0.5862, 0.5862, 0.5862, 0.5862, 0.5862, 0.5862, 0.5862, 0.5862, 0.5862, 0.2209, 0.2209, 0.2209, 0.2209, 0.2209, 0.2209, 0.2209, 0.2209, 0.2209, 0.2209, 0.1132, 0.1132, 0.1132, 0.1132, 0.1132, 0.1132, 0.1132, 0.1132, 0.1132, 0.1132, 0.2576, 0.2576, 0.2576, 0.2576, 0.2576, 0.2576, 0.2576, 0.2576, 0.2576, 0.2576, 0.2689, 0.2689, 0.2689, 0.2689, 0.2689, 0.2689, 0.2689, 0.2689, 0.2689, 0.2689, 0.3606, 0.3606, 0.3606, 0.3606, 0.3606, 0.3606, 0.3606, 0.3606, 0.3606, 0.3606, 0.3741, 0.3741, 0.3741, 0.3741, 0.3741, 0.3741, 0.3741, 0.3741, 0.3741, 0.3741, 0.4223, 0.4223, 0.4223, 0.4223, 0.4223, 0.4223, 0.4223, 0.4223, 0.4223, 0.4223, 0.3501, 0.3501, 0.3501, 0.3501, 0.3501, 0.3501, 0.3501, 0.3501, 0.3501, 0.3501, 0.2235, 0.2235, 0.2235, 0.2235, 0.2235, 0.2235, 0.2235, 0.2235, 0.2235, 0.2235, 0.1929, 0.1929, 0.1929, 0.1929, 0.1929, 0.1929, 0.1929, 0.1929, 0.1929, 0.1929, 0.1568, 0.1568, 0.1568, 0.1568, 0.1568, 0.1568, 0.1568, 0.1568, 0.1568, 0.1568, 0.2007, 0.2007, 0.2007, 0.2007, 0.2007, 0.2007, 0.2007, 0.2007, 0.2007, 0.2007, 0.4937, 0.4937, 0.4937, 0.4937, 0.4937, 0.4937, 0.4937, 0.4937, 0.4937, 0.4937, 0.2836, 0.2836, 0.2836, 0.2836, 0.2836, 0.2836, 0.2836, 0.2836, 0.2836, 0.2836, 0.5763, 0.5763, 0.5763, 0.5763, 0.5763, 0.5763, 0.5763, 0.5763, 0.5763, 0.5763, 0.4398, 0.4398, 0.4398, 0.4398, 0.4398, 0.4398, 0.4398, 0.4398, 0.4398, 0.4398, 0.1835, 0.1835, 0.1835, 0.1835, 0.1835, 0.1835, 0.1835, 0.1835, 0.1835, 0.1835, 0.2209, 0.2209, 0.2209, 0.2209, 0.2209, 0.2209, 0.2209, 0.2209, 0.2209, 0.2209, 0.1515, 0.1515, 0.1515, 0.1515, 0.1515, 0.1515, 0.1515, 0.1515, 0.1515, 0.1515, 0.2387, 0.2387, 0.2387, 0.2387, 0.2387, 0.2387, 0.2387, 0.2387, 0.2387, 0.2387, 0.3124, 0.3124, 0.3124, 0.3124, 0.3124, 0.3124, 0.3124, 0.3124, 0.3124, 0.3124, 0.1741, 0.1741, 0.1741, 0.1741, 0.1741, 0.1741, 0.1741, 0.1741, 0.1741, 0.1741, 0.1587, 0.1587, 0.1587, 0.1587, 0.1587, 0.1587, 0.1587, 0.1587, 0.1587, 0.1587, 0.3153, 0.3153, 0.3153, 0.3153, 0.3153, 0.3153, 0.3153, 0.3153, 0.3153, 0.3153, 0.3725, 0.3725, 0.3725, 0.3725, 0.3725, 0.3725, 0.3725, 0.3725, 0.3725, 0.3725, 0.3036, 0.3036, 0.3036, 0.3036, 0.3036, 0.3036, 0.3036, 0.3036, 0.3036, 0.3036, 0.2156, 0.2156, 0.2156, 0.2156, 0.2156, 0.2156, 0.2156, 0.2156, 0.2156, 0.2156, 0.4785, 0.4785, 0.4785, 0.4785, 0.4785, 0.4785, 0.4785, 0.4785, 0.4785, 0.4785, 0.6028, 0.6028, 0.6028, 0.6028, 0.6028, 0.6028, 0.6028, 0.6028, 0.6028, 0.6028, 0.1627, 0.1627, 0.1627, 0.1627, 0.1627, 0.1627, 0.1627, 0.1627, 0.1627, 0.1627, 0.2704, 0.2704, 0.2704, 0.2704, 0.2704, 0.2704, 0.2704, 0.2704, 0.2704, 0.2704, 0.2421, 0.2421, 0.2421, 0.2421, 0.2421, 0.2421, 0.2421, 0.2421, 0.2421, 0.2421, 0.2538, 0.2538, 0.2538, 0.2538, 0.2538, 0.2538, 0.2538, 0.2538, 0.2538, 0.2538, 0.149, 0.149, 0.149, 0.149, 0.149, 0.149, 0.149, 0.149, 0.149, 0.149, 0.1582, 0.1582, 0.1582, 0.1582, 0.1582, 0.1582, 0.1582, 0.1582, 0.1582, 0.1582, 0.1163, 0.1163, 0.1163, 0.1163, 0.1163, 0.1163, 0.1163, 0.1163, 0.1163, 0.1163, 0.0083, 0.0083, 0.0083, 0.0083, 0.0083, 0.0083, 0.0083, 0.0083, 0.0083, 0.0083, 0.2929, 0.2929, 0.2929, 0.2929, 0.2929, 0.2929, 0.2929, 0.2929, 0.2929, 0.2929, 0.1004, 0.1004, 0.1004, 0.1004, 0.1004, 0.1004, 0.1004, 0.1004, 0.1004, 0.1004, 0.2984, 0.2984, 0.2984, 0.2984, 0.2984, 0.2984, 0.2984, 0.2984, 0.2984, 0.2984, 0.5077, 0.5077, 0.5077, 0.5077, 0.5077, 0.5077, 0.5077, 0.5077, 0.5077, 0.5077, 0.2066, 0.2066, 0.2066, 0.2066, 0.2066, 0.2066, 0.2066, 0.2066, 0.2066, 0.2066, 0.1798, 0.1798, 0.1798, 0.1798, 0.1798, 0.1798, 0.1798, 0.1798, 0.1798, 0.1798, 0.0893, 0.0893, 0.0893, 0.0893, 0.0893, 0.0893, 0.0893, 0.0893, 0.0893, 0.0893, 0.3076, 0.3076, 0.3076, 0.3076, 0.3076, 0.3076, 0.3076, 0.3076, 0.3076, 0.3076, 0.3192, 0.3192, 0.3192, 0.3192, 0.3192, 0.3192, 0.3192, 0.3192, 0.3192, 0.3192, 0.2023, 0.2023, 0.2023, 0.2023, 0.2023, 0.2023, 0.2023, 0.2023, 0.2023, 0.2023, 0.2305, 0.2305, 0.2305, 0.2305, 0.2305, 0.2305, 0.2305, 0.2305, 0.2305, 0.2305, 0.1802, 0.1802, 0.1802, 0.1802, 0.1802, 0.1802, 0.1802, 0.1802, 0.1802, 0.1802, 0.2063, 0.2063, 0.2063, 0.2063, 0.2063, 0.2063, 0.2063, 0.2063, 0.2063, 0.2063, 0.1979, 0.1979, 0.1979, 0.1979, 0.1979, 0.1979, 0.1979, 0.1979, 0.1979, 0.1979, 0.3816, 0.3816, 0.3816, 0.3816, 0.3816, 0.3816, 0.3816, 0.3816, 0.3816, 0.3816, 0.4125, 0.4125, 0.4125, 0.4125, 0.4125, 0.4125, 0.4125, 0.4125, 0.4125, 0.4125, 0.2079, 0.2079, 0.2079, 0.2079, 0.2079, 0.2079, 0.2079, 0.2079, 0.2079, 0.2079, 0.2177, 0.2177, 0.2171, 0.2171, 0.2171, 0.2171, 0.2171, 0.2171, 0.2171, 0.2171, 0.2171, 0.2171, 0.3525, 0.3525, 0.3525, 0.3525, 0.3525, 0.3525, 0.3525, 0.3525, 0.3525, 0.3525, 0.1294, 0.1294, 0.1294, 0.1294, 0.1294, 0.1294, 0.1294, 0.1294, 0.1294, 0.1294, 0.1816, 0.1816, 0.1816, 0.1816, 0.1816, 0.1816, 0.1816, 0.1816, 0.1816, 0.1816, 0.0914, 0.0914, 0.0914, 0.0914, 0.0914, 0.0914, 0.0914, 0.0914, 0.0914, 0.0914, 0.3459, 0.3459, 0.3459, 0.3459, 0.3459, 0.3459, 0.3459, 0.3459, 0.3459, 0.3459, 0.0051, 0.0051, 0.0051, 0.0051, 0.0051, 0.0051, 0.0051, 0.0051, 0.0051, 0.0051, 0.0962, 0.0962, 0.0962, 0.0962, 0.0962, 0.0962, 0.0962, 0.0962, 0.0962, 0.0962, 0.0765, 0.0765, 0.0765, 0.0765, 0.0765, 0.0765, 0.0765, 0.0765, 0.0765, 0.0765, 0.1205, 0.1205, 0.1205, 0.1205, 0.1205, 0.1205, 0.1205, 0.1205, 0.1205, 0.1205, 0.459, 0.459, 0.459, 0.459, 0.459, 0.459, 0.459, 0.459, 0.459, 0.459, 0.2179, 0.2179, 0.2179, 0.2179, 0.2179, 0.2179, 0.2179, 0.2179, 0.2179, 0.2179, 0.3162, 0.3162, 0.3162, 0.3162, 0.3162, 0.3162, 0.3162, 0.3162, 0.3162, 0.3162, 0.4387, 0.4387, 0.4387, 0.4387, 0.4387, 0.4387, 0.4387, 0.4387, 0.4387, 0.4387, 0.4252, 0.4252, 0.4252, 0.4252, 0.4252, 0.4252, 0.4252, 0.4252, 0.4252, 0.4252, 0.5337, 0.5337, 0.5337, 0.5337, 0.5337, 0.5337, 0.5337, 0.5337, 0.5337, 0.5337, 0.3125, 0.3125, 0.3125, 0.3125, 0.3125, 0.3125, 0.3125, 0.3125, 0.3125, 0.3125, 0.4108, 0.4108, 0.4108, 0.4108, 0.4108, 0.4108, 0.4108, 0.4108, 0.4108, 0.4108, 0.3323, 0.3323, 0.3323, 0.3323, 0.3323, 0.3323, 0.3323, 0.3323, 0.3323, 0.3323, 0.4095, 0.4095, 0.4095, 0.4095, 0.4095, 0.4095, 0.4095, 0.4095, 0.4095, 0.4095, 0.2685, 0.2685, 0.2685, 0.2685, 0.2685, 0.2685, 0.2685, 0.2685, 0.2685, 0.2685, 0.1036, 0.1036, 0.1036, 0.1036, 0.1036, 0.1036, 0.1036, 0.1036, 0.1036, 0.1036, 0.4028, 0.4028, 0.4028, 0.4028, 0.4028, 0.4028, 0.4028, 0.4028, 0.4028, 0.4028, 0.2218, 0.2218, 0.2218, 0.2218, 0.2218, 0.2218, 0.2218, 0.2218, 0.2218, 0.2218, 0.0744, 0.0744, 0.0744, 0.0744, 0.0744, 0.0744, 0.0744, 0.0744, 0.0744, 0.0744, 0.2084, 0.2084, 0.2084, 0.2084, 0.2084, 0.2084, 0.2084, 0.2084, 0.2084, 0.2084, 0.1152, 0.1152, 0.1152, 0.1152, 0.1152, 0.1152, 0.1152, 0.1152, 0.1152, 0.1152, 0.0695, 0.0695, 0.0695, 0.0695, 0.0695, 0.0695, 0.0695, 0.0695, 0.0695, 0.0695, 0.0377, 0.0377, 0.0377, 0.0377, 0.0377, 0.0377, 0.0377, 0.0377, 0.0377, 0.0377, 0.328, 0.328, 0.328, 0.328, 0.328, 0.328, 0.328, 0.328, 0.328, 0.328, 0.0793, 0.0793, 0.0793, 0.0793, 0.0793, 0.0793, 0.0793, 0.0793, 0.0793, 0.0793, 0.3185, 0.3185, 0.3185, 0.3185, 0.3185, 0.3185, 0.3185, 0.3185, 0.3185, 0.3185, 0.2588, 0.2588, 0.2588, 0.2588, 0.2588, 0.2588, 0.2588, 0.2588, 0.2588, 0.2588, 0.2893, 0.2893, 0.2893, 0.2893, 0.2893, 0.2893, 0.2893, 0.2893, 0.2893, 0.2893, 0.2395, 0.2395, 0.2395, 0.2395, 0.2395, 0.2395, 0.2395, 0.2395, 0.2395, 0.2395, 0.18, 0.18, 0.18, 0.18, 0.18, 0.18, 0.18, 0.18, 0.18, 0.18, 0.1341, 0.1341, 0.1341, 0.1341, 0.1341, 0.1341, 0.1341, 0.1341, 0.1341, 0.1341, 0.1965, 0.1965, 0.1965, 0.1965, 0.1965, 0.1965, 0.1965, 0.1965, 0.1965, 0.1965, 0.1787, 0.1787, 0.1787, 0.1787, 0.1787, 0.1787, 0.1787, 0.1787, 0.1787, 0.1787, 0.1034, 0.1034, 0.1034, 0.1034, 0.1034, 0.1034, 0.1034, 0.1034, 0.1034, 0.1034, 0.0419, 0.0419, 0.0419, 0.0419, 0.0419, 0.0419, 0.0419, 0.0419, 0.0419, 0.0419, 0.1918, 0.1918, 0.1918, 0.1918, 0.1918, 0.1918, 0.1918, 0.1918, 0.1918, 0.1918, 0.3322, 0.3322, 0.3322, 0.3322, 0.3322, 0.3322, 0.3322, 0.3322, 0.3322, 0.3322, 0.3228, 0.3228, 0.3228, 0.3228, 0.3228, 0.3228, 0.3228, 0.3228, 0.3228, 0.3228, 0.1502, 0.1502, 0.1502, 0.1502, 0.1502, 0.1502, 0.1502, 0.1502, 0.1502, 0.1502, 0.2521, 0.2521, 0.2521, 0.2521, 0.2521, 0.2521, 0.2521, 0.2521, 0.2521, 0.2521, 0.2375, 0.2375, 0.2375, 0.2375, 0.2375, 0.2375, 0.2375, 0.2375, 0.2375, 0.2375, 0.1985, 0.1985, 0.1985, 0.1985, 0.1985, 0.1985, 0.1985, 0.1985, 0.1985, 0.1985, 0.4628, 0.4628, 0.4628, 0.4628, 0.4628, 0.4628, 0.4628, 0.4628, 0.4628, 0.4628, 0.0421, 0.0421, 0.0421, 0.0421, 0.0421, 0.0421, 0.0421, 0.0421, 0.0421, 0.0421, 0.1677, 0.1677, 0.1677, 0.1677, 0.1677, 0.1677, 0.1677, 0.1677, 0.1677, 0.1677, 0.2812, 0.2812, 0.2812, 0.2812, 0.2812, 0.2812, 0.2812, 0.2812, 0.2812, 0.2812, 0.4164, 0.4164, 0.4164, 0.4164, 0.4164, 0.4164, 0.4164, 0.4164, 0.4164, 0.4164, 0.1889, 0.1889, 0.1889, 0.1889, 0.1889, 0.1889, 0.1889, 0.1889, 0.1889, 0.1889, 0.2927, 0.2927, 0.2927, 0.2927, 0.2927, 0.2927, 0.2927, 0.2927, 0.2927, 0.2927, 0.1113, 0.1113, 0.1113, 0.1113, 0.1113, 0.1113, 0.1113, 0.1113, 0.1113, 0.1113, 0.1338, 0.1338, 0.1338, 0.1338, 0.1338, 0.1338, 0.1338, 0.1338, 0.1338, 0.1338, 0.1431, 0.1431, 0.1431, 0.1431, 0.1431, 0.1431, 0.1431, 0.1431, 0.1431, 0.1431, 0.3768, 0.3768, 0.3768, 0.3768, 0.3768, 0.3768, 0.3768, 0.3768, 0.3768, 0.3768, 0.1667, 0.1667, 0.1667, 0.1667, 0.1667, 0.1667, 0.1667, 0.1667, 0.1667, 0.1667, 0.1684, 0.1684, 0.1684, 0.1684, 0.1684, 0.1684, 0.1684, 0.1684, 0.1684, 0.1684, 0.5313, 0.5313, 0.5313, 0.5313, 0.5313, 0.5313, 0.5313, 0.5313, 0.5313, 0.5313, 0.2418, 0.2418, 0.2418, 0.2418, 0.2418, 0.2418, 0.2418, 0.2418, 0.2418, 0.2418, 0.1296, 0.1296, 0.1296, 0.1296, 0.1296, 0.1296, 0.1296, 0.1296, 0.1296, 0.1296, 0.2368, 0.2368, 0.2368, 0.2368, 0.2368, 0.2368, 0.2368, 0.2368, 0.2368, 0.2368, 0.0431, 0.0431, 0.0431, 0.0431, 0.0431, 0.0431, 0.0431, 0.0431, 0.0431, 0.0431, 0.1847, 0.1847, 0.1847, 0.1847, 0.1847, 0.1847, 0.1847, 0.1847, 0.1847, 0.1847, 0.0892, 0.0892, 0.0892, 0.0892, 0.0892, 0.0892, 0.0892, 0.0892, 0.0892, 0.0892, 0.0234, 0.0234, 0.0234, 0.0234, 0.0234, 0.0234, 0.0234, 0.0234, 0.0234, 0.0234, 0.2302, 0.2302, 0.2302, 0.2302, 0.2302, 0.2302, 0.2302, 0.2302, 0.2302, 0.2302, 0.2468, 0.2468, 0.2468, 0.2468, 0.2468, 0.2468, 0.2468, 0.2468, 0.2468, 0.2468, 0.5618, 0.5618, 0.5618, 0.5618, 0.5618, 0.5618, 0.5618, 0.5618, 0.5618, 0.5618, 0.5462, 0.5462, 0.5462, 0.5462, 0.5462, 0.5462, 0.5462, 0.5462, 0.5462, 0.5462, 0.2807, 0.2807, 0.2807, 0.2807, 0.2807, 0.2807, 0.2807, 0.2807, 0.2807, 0.2807, 0.2481, 0.2481, 0.2481, 0.2481, 0.2481, 0.2481, 0.2481, 0.2481, 0.2481, 0.2481, 0.131, 0.131, 0.131, 0.131, 0.131, 0.131, 0.131, 0.131, 0.131, 0.131, 0.1961, 0.1961, 0.1961, 0.1961, 0.1961, 0.1961, 0.1961, 0.1961, 0.1961, 0.1961, 0.4537, 0.4537, 0.4537, 0.4537, 0.4537, 0.4537, 0.4537, 0.4537, 0.4537, 0.4537, 0.2633, 0.2633, 0.2633, 0.2633, 0.2633, 0.2633, 0.2633, 0.2633, 0.2633, 0.2633, 0.2509, 0.2509, 0.2509, 0.2509, 0.2509, 0.2509, 0.2509, 0.2509, 0.2509, 0.2509, 0.045, 0.045, 0.045, 0.045, 0.045, 0.045, 0.0057, 0.0057, 0.0057, 0.0057, 0.0057, 0.0057, 0.0057, 0.0057, 0.0057, 0.0057, 0.0056, 0.0056, 0.0056, 0.0056, 0.0056, 0.0056, 0.0056, 0.0056, 0.0056, 0.0056, 0.0984, 0.0984, 0.0984, 0.0984, 0.0984, 0.0984, 0.0984, 0.0984, 0.0984, 0.0984, 0.2404, 0.2404, 0.2404, 0.2404, 0.2404, 0.2404, 0.2404, 0.2404, 0.2404, 0.2404, 0.1517, 0.1517, 0.1517, 0.1517, 0.1517, 0.1517, 0.1517, 0.1517, 0.1517, 0.1517, 0.1079, 0.1079, 0.1079, 0.1079, 0.1079, 0.1079, 0.1079, 0.1079, 0.1079, 0.1079, 0.1053, 0.1053, 0.1053, 0.1053, 0.1053, 0.1053, 0.1053, 0.1053, 0.1053, 0.1053, 0.1426, 0.1426, 0.1426, 0.1426, 0.1426, 0.1426, 0.1426, 0.1426, 0.1426, 0.1426, 0.1267, 0.1267, 0.1267, 0.1267, 0.1267, 0.1267, 0.1267, 0.1267, 0.1267, 0.1267, 0.2809, 0.2809, 0.2809, 0.2809, 0.2809, 0.2809, 0.2809, 0.2809, 0.2809, 0.2809, 0.464, 0.464, 0.464, 0.464, 0.464, 0.464, 0.464, 0.464, 0.464, 0.464, 0.4148, 0.4148, 0.4148, 0.4148, 0.4148, 0.4148, 0.4148, 0.4148, 0.4148, 0.4148, 0.1416, 0.1416, 0.1416, 0.1416, 0.1416, 0.1416, 0.1416, 0.1416, 0.1416, 0.1416, 0.1962, 0.1962, 0.1962, 0.1962, 0.1962, 0.1962, 0.1962, 0.1962, 0.1962, 0.1962, 0.3548, 0.3548, 0.3548, 0.3548, 0.3548, 0.3548, 0.3548, 0.3548, 0.3548, 0.3548, 0.2847, 0.2847, 0.2847, 0.2847, 0.2847, 0.2847, 0.2847, 0.2847, 0.2847, 0.2847, 0.1828, 0.1828, 0.1828, 0.1828, 0.1828, 0.1828, 0.1828, 0.1828, 0.1828, 0.1828, 0.0058, 0.0058, 0.0058, 0.0058, 0.0058, 0.0058, 0.0058, 0.0058, 0.0058, 0.0058, 0.045, 0.045, 0.045, 0.045, 0.045, 0.045, 0.045, 0.045, 0.045, 0.045, 0.1781, 0.1781, 0.1781, 0.1781, 0.1781, 0.1781, 0.1781, 0.1781, 0.1781, 0.1781, 0.0048, 0.0048, 0.0048, 0.0048, 0.0048, 0.0048, 0.0048, 0.0048, 0.0048, 0.0048, 0.0037, 0.0037, 0.0037, 0.0037, 0.0037, 0.0037, 0.0037, 0.0037, 0.0037, 0.0037, 0.0295, 0.0295, 0.0295, 0.0295, 0.0295, 0.0295, 0.0295, 0.0295, 0.0295, 0.0295, 0.2893, 0.2893, 0.2893, 0.2893, 0.2893, 0.2893, 0.2893, 0.2893, 0.2893, 0.2893, 0.2785, 0.2785, 0.2785, 0.2785, 0.2785, 0.2785, 0.2785, 0.2785, 0.2785, 0.2785, 0.0898, 0.0898, 0.0898, 0.0898, 0.0898, 0.0898, 0.0898, 0.0898, 0.0898, 0.0898, 0.0063, 0.0063, 0.0063, 0.0063, 0.0063, 0.0063, 0.0063, 0.0063, 0.0063, 0.0063, 0.3564, 0.3564, 0.3564, 0.3564, 0.3564, 0.3564, 0.3564, 0.3564, 0.3564, 0.3564, 0.09, 0.09, 0.09, 0.09, 0.09, 0.09, 0.09, 0.09, 0.09, 0.09, 0.2115, 0.2115, 0.2115, 0.2115, 0.2115, 0.2115, 0.2115, 0.2115, 0.2115, 0.2115, 0.1021, 0.1021, 0.1021, 0.1021, 0.1021, 0.1021, 0.1021, 0.1021, 0.1021, 0.1021, 0.0754, 0.0754, 0.0754, 0.0754, 0.0754, 0.0754, 0.0754, 0.0754, 0.0754, 0.0754, 0.2791, 0.2791, 0.2791, 0.2791, 0.2791, 0.2791, 0.2791, 0.2791, 0.2791, 0.2791, 0.0843, 0.0843, 0.0843, 0.0843, 0.0843, 0.0843, 0.0843, 0.0843, 0.0843, 0.0843, 0.0738, 0.0738, 0.0738, 0.0738, 0.0738, 0.0738, 0.0738, 0.0738, 0.0738, 0.0738, 0.3056, 0.3056, 0.3056, 0.3056, 0.3056, 0.3056, 0.3056, 0.3056, 0.3056, 0.3056, 0.0854, 0.0854, 0.0854, 0.0854, 0.0854, 0.0854, 0.0854, 0.0854, 0.0854, 0.0854, 0.0913, 0.0913, 0.0913, 0.0913, 0.0913, 0.0913, 0.0913, 0.0913, 0.0913, 0.0913, 0.1162, 0.1162, 0.1162, 0.1162, 0.1162, 0.1162, 0.1162, 0.1162, 0.1162, 0.1162, 0.2468, 0.2468, 0.2468, 0.2468, 0.2468, 0.2468, 0.2468, 0.2468, 0.2468, 0.2468, 0.3938, 0.3938, 0.3938, 0.3938, 0.3938, 0.3938, 0.3938, 0.3938, 0.3938, 0.3938, 0.2633, 0.2633, 0.2633, 0.2633, 0.2633, 0.2633, 0.2633, 0.2633, 0.2633, 0.2633, 0.4379, 0.4379, 0.4379, 0.4379, 0.4379, 0.4379, 0.4379, 0.4379, 0.4379, 0.4379, 0.0489, 0.0489, 0.0489, 0.0489, 0.0489, 0.0489, 0.0489, 0.0489, 0.0489, 0.0489, 0.4469, 0.4469, 0.4469, 0.4469, 0.4469, 0.4469, 0.4469, 0.4469, 0.4469, 0.4469, 0.1528, 0.1528, 0.1528, 0.1528, 0.1528, 0.1528, 0.1528, 0.1528, 0.1528, 0.1528, 0.1477, 0.1477, 0.1477, 0.1477, 0.1477, 0.1477, 0.1477, 0.1477, 0.1477, 0.1477, 0.3776, 0.3776, 0.3776, 0.3776, 0.3776, 0.3776, 0.3776, 0.3776, 0.3776, 0.3776, 0.3345, 0.3345, 0.3345, 0.3345, 0.3345, 0.3345, 0.3345, 0.3345, 0.3345, 0.3345, 0.0945, 0.0945, 0.0945, 0.0945, 0.0945, 0.0945, 0.0945, 0.0945, 0.0945, 0.0945, 0.2265, 0.2265, 0.2265, 0.2265, 0.2265, 0.2265, 0.2265, 0.2265, 0.2265, 0.2265, 0.1981, 0.1981, 0.1981, 0.1981, 0.1981, 0.1981, 0.1981, 0.1981, 0.1981, 0.1981, 0.3302, 0.3302, 0.3302, 0.3302, 0.3302, 0.3302, 0.3302, 0.3302, 0.3302, 0.3302, 0.1151, 0.1151, 0.1151, 0.1151, 0.1151, 0.1151, 0.1151, 0.1151, 0.1151, 0.1151, 0.2592, 0.2592, 0.2592, 0.2592, 0.2592, 0.2592, 0.2592, 0.2592, 0.2592, 0.2592, 0.086, 0.086, 0.086, 0.086, 0.086, 0.086, 0.086, 0.086, 0.086, 0.086, 0.2659, 0.2659, 0.2659, 0.2659, 0.2659, 0.2659, 0.2659, 0.2659, 0.2659, 0.2659, 0.0996, 0.0996, 0.0996, 0.0996, 0.0996, 0.0996, 0.0996, 0.0996, 0.0996, 0.0996, 0.2464, 0.2464, 0.2464, 0.2464, 0.2464, 0.2464, 0.2464, 0.2464, 0.2464, 0.2464, 0.2784, 0.2784, 0.2784, 0.2784, 0.2784, 0.2784, 0.2784, 0.2784, 0.2784, 0.2784, 0.1339, 0.1339, 0.1339, 0.1339, 0.1339, 0.1339, 0.1339, 0.1339, 0.1339, 0.1339, 0.2141, 0.2141, 0.2141, 0.2141, 0.2141, 0.2141, 0.2141, 0.2141, 0.2141, 0.2141, 0.2185, 0.2185, 0.2185, 0.2185, 0.2185, 0.2185, 0.2185, 0.2185, 0.2185, 0.2185, 0.1716, 0.1716, 0.1716, 0.1716, 0.1716, 0.1716, 0.1716, 0.1716, 0.1716, 0.1716, 0.0795, 0.0795, 0.0795, 0.0795, 0.0795, 0.0795, 0.0795, 0.0795, 0.0795, 0.0795, 0.0633, 0.0633, 0.0633, 0.0633, 0.0633, 0.0633, 0.0633, 0.0633, 0.0633, 0.0633, 0.043, 0.043, 0.043, 0.043, 0.043, 0.043, 0.043, 0.043, 0.043, 0.043, 0.2134, 0.2134, 0.2134, 0.2134, 0.2134, 0.2134, 0.2134, 0.2134, 0.2134, 0.2134, 0.2592, 0.2592, 0.2592, 0.2592, 0.2592, 0.2592, 0.2592, 0.2592, 0.2592, 0.2592, 0.0511, 0.0511, 0.0511, 0.0511, 0.0511, 0.0511, 0.0511, 0.0511, 0.0511, 0.0511, 0.0039, 0.0039, 0.0039, 0.0039, 0.0039, 0.0039, 0.0039, 0.0039, 0.0039, 0.0039, 0.1695, 0.1695, 0.1695, 0.1695, 0.1695, 0.1695, 0.1695, 0.1695, 0.1695, 0.1695, 0.2895, 0.2895, 0.2895, 0.2895, 0.2895, 0.2895, 0.2895, 0.2895, 0.2895, 0.2895, 0.0415, 0.0415, 0.0415, 0.0415, 0.0415, 0.0415, 0.0415, 0.0415, 0.0415, 0.0415, 0.0801, 0.0801, 0.0801, 0.0801, 0.0801, 0.0801, 0.0801, 0.0801, 0.0801, 0.0801, 0.2526, 0.2526, 0.2526, 0.2526, 0.2526, 0.2526, 0.2526, 0.2526, 0.2526, 0.2526, 0.0916, 0.0916, 0.0916, 0.0916, 0.0916, 0.0916, 0.0916, 0.0916, 0.0916, 0.0916, 0.2083, 0.2083, 0.2083, 0.2083, 0.2083, 0.2083, 0.2083, 0.2083, 0.2083, 0.2083, 0.181, 0.181, 0.181, 0.181, 0.181, 0.181, 0.181, 0.181, 0.181, 0.181, 0.2537, 0.2537, 0.2537, 0.2537, 0.2537, 0.2537, 0.2537, 0.2537, 0.2537, 0.2537, 0.0748, 0.0748, 0.0748, 0.0748, 0.0748, 0.0748, 0.0748, 0.0748, 0.0748, 0.0748, 0.2464, 0.2464, 0.2464, 0.2464, 0.2464, 0.2464, 0.2464, 0.2464, 0.2464, 0.2464, 0.0044, 0.0044, 0.0044, 0.0044, 0.0044, 0.0044, 0.0044, 0.0044, 0.0044, 0.0044, 0.1282, 0.1282, 0.1282, 0.1282, 0.1282, 0.1282, 0.1282, 0.1282, 0.1282, 0.1282, 0.089, 0.089, 0.089, 0.089, 0.089, 0.089, 0.089, 0.089, 0.089, 0.089, 0.3278, 0.3278, 0.3278, 0.3278, 0.3278, 0.3278, 0.3278, 0.3278, 0.3278, 0.3278, 0.0535, 0.0535, 0.0535, 0.0535, 0.0535, 0.0535, 0.0535, 0.0535, 0.0535, 0.0535, 0.0998, 0.0998, 0.0998, 0.0998, 0.0998, 0.0998, 0.0998, 0.0998, 0.0998, 0.0998, 0.0093, 0.0093, 0.0093, 0.0093, 0.0093, 0.0093, 0.0093, 0.0093, 0.0093, 0.0093, 0.0663, 0.0663, 0.0663, 0.0663, 0.0663, 0.0663, 0.0663, 0.0663, 0.0663, 0.0663, 0.0034, 0.0034, 0.0034, 0.0034, 0.0034, 0.0034, 0.0034, 0.0034, 0.0034, 0.0034, 0.0038, 0.0038, 0.0038, 0.0038, 0.0038, 0.0038, 0.0038, 0.0038, 0.0038, 0.0038, 0.1901, 0.1901, 0.1901, 0.1901, 0.1901, 0.1901, 0.1901, 0.1901, 0.1901, 0.1901, 0.0449, 0.0449, 0.0449, 0.0449, 0.0449, 0.0449, 0.0449, 0.0449, 0.0449, 0.0449, 0.1357, 0.1357, 0.1357, 0.1357, 0.1357, 0.1357, 0.1357, 0.1357, 0.1357, 0.1357, 0.3578, 0.3578, 0.3578, 0.3578, 0.3578, 0.3578, 0.3578, 0.3578, 0.3578, 0.3578, 0.0026, 0.0026, 0.0026, 0.0026, 0.0026, 0.0026, 0.0026, 0.0026, 0.0026, 0.0026, 0.0417, 0.0417, 0.0417, 0.0417, 0.0417, 0.0417, 0.0417, 0.0417, 0.0417, 0.0417, 0.0875, 0.0875, 0.0875, 0.0875, 0.0875, 0.0875, 0.0875, 0.0875, 0.0875, 0.0875, 0.1253, 0.1253, 0.1253, 0.1253, 0.1253, 0.1253, 0.1253, 0.1253, 0.1253, 0.1253, 0.2746, 0.2746, 0.2746, 0.2746, 0.2746, 0.2746, 0.2746, 0.2746, 0.2746, 0.2746, 0.004, 0.004, 0.004, 0.004, 0.004, 0.004, 0.004, 0.004, 0.004, 0.004, 0.2455, 0.2455, 0.2455, 0.2455, 0.2455, 0.2455, 0.2455, 0.2455, 0.2455, 0.2455, 0.3252, 0.3252, 0.3252, 0.3252, 0.3252, 0.3252, 0.3252, 0.3252, 0.3252, 0.3252, 0.037, 0.037, 0.037, 0.037, 0.037, 0.037, 0.037, 0.037, 0.037, 0.037, 0.1579, 0.1579, 0.1579, 0.1579, 0.1579, 0.1579, 0.1579, 0.1579, 0.1579, 0.1579, 0.0176, 0.0176, 0.0176, 0.0176, 0.0176, 0.0176, 0.0176, 0.0176, 0.0176, 0.0176, 0.1798, 0.1798, 0.1798, 0.1798, 0.1798, 0.1798, 0.1798, 0.1798, 0.1798, 0.1798, 0.2152, 0.2152, 0.2152, 0.2152, 0.2152, 0.2152, 0.2152, 0.2152, 0.2152, 0.2152, 0.1636, 0.1636, 0.1636, 0.1636, 0.1636, 0.1636, 0.1636, 0.1636, 0.1636, 0.1636, 0.1024, 0.1024, 0.1024, 0.1024, 0.1024, 0.1024, 0.1024, 0.1024, 0.1024, 0.1024, 0.1764, 0.1764, 0.1764, 0.1764, 0.1764, 0.1764, 0.1764, 0.1764, 0.1764, 0.1764, 0.1112, 0.1112, 0.1112, 0.1112, 0.1112, 0.1112, 0.1112, 0.1112, 0.1112, 0.1112, 0.2798, 0.2798, 0.2798, 0.2798, 0.2798, 0.2798, 0.2798, 0.2798, 0.2798, 0.2798, 0.0756, 0.0756, 0.0756, 0.0756, 0.0756, 0.0756, 0.0756, 0.0756, 0.0756, 0.0756, 0.1594, 0.1594, 0.1594, 0.1594, 0.1594, 0.1594, 0.1594, 0.1594, 0.1594, 0.1594, 0.2054, 0.2054, 0.2054, 0.2054, 0.2054, 0.2054, 0.2054, 0.2054, 0.2054, 0.2054, 0.072, 0.072, 0.072, 0.072, 0.072, 0.072, 0.072, 0.072, 0.072, 0.072, 0.0455, 0.0455, 0.0455, 0.0455, 0.0455, 0.0455, 0.0455, 0.0455, 0.0455, 0.0455, 0.0842, 0.0842, 0.0842, 0.0842, 0.0842, 0.0842, 0.0842, 0.0842, 0.0842, 0.0842, 0.1618, 0.1618, 0.1618, 0.1618, 0.1618, 0.1618, 0.1618, 0.1618, 0.1618, 0.1618, 0.2316, 0.2316, 0.2316, 0.2316, 0.2316, 0.2316, 0.2316, 0.2316, 0.2316, 0.2316, 0.3489, 0.3489, 0.3489, 0.3489, 0.3489, 0.3489, 0.3489, 0.3489, 0.3489, 0.3489, 0.3128, 0.3128, 0.3128, 0.3128, 0.3128, 0.3128, 0.3128, 0.3128, 0.3128, 0.3128, 0.2385, 0.2385, 0.2385, 0.2385, 0.2385, 0.2385, 0.2385, 0.2385, 0.2385, 0.2385, 0.0055, 0.0055, 0.0055, 0.0055, 0.0055, 0.0055, 0.0055, 0.0055, 0.0055, 0.0055, 0.1756, 0.1756, 0.1756, 0.1756, 0.1756, 0.1756, 0.1756, 0.1756, 0.1756, 0.1756, 0.2403, 0.2403, 0.2403, 0.2403, 0.2403, 0.2403, 0.2403, 0.2403, 0.2403, 0.2403, 0.0921, 0.0921, 0.0921, 0.0921, 0.0921, 0.0921, 0.0921, 0.0921, 0.0921, 0.0921, 0.1565, 0.1565, 0.1565, 0.1565, 0.1565, 0.1565, 0.1565, 0.1565, 0.1565, 0.1565, 0.1096, 0.1096, 0.1096, 0.1096, 0.1096, 0.1096, 0.1096, 0.1096, 0.1096, 0.1096, 0.2369, 0.2369, 0.2369, 0.2369, 0.2369, 0.2369, 0.2369, 0.2369, 0.2369, 0.2369, 0.0748, 0.0748, 0.0748, 0.0748, 0.0748, 0.0748, 0.0748, 0.0748, 0.0748, 0.0748, 0.0478, 0.0478, 0.0478, 0.0478, 0.0478, 0.0478, 0.0478, 0.0478, 0.0478, 0.0478, 0.231, 0.231, 0.231, 0.231, 0.231, 0.231, 0.231, 0.231, 0.231, 0.231, 0.0034, 0.0034, 0.0034, 0.0034, 0.0034, 0.0034, 0.0034, 0.0034, 0.0034, 0.0034, 0.062, 0.062, 0.062, 0.062, 0.062, 0.062, 0.062, 0.062, 0.062, 0.062, 0.1675, 0.1675, 0.1675, 0.1675, 0.1675, 0.1675, 0.1675, 0.1675, 0.1675, 0.1675, 0.1524, 0.1524, 0.1524, 0.1524, 0.1524, 0.1524, 0.1524, 0.1524, 0.1524, 0.1524, 0.0964, 0.0964, 0.0964, 0.0964, 0.0964, 0.0964, 0.0964, 0.0964, 0.0964, 0.0964, 0.2782, 0.2782, 0.2782, 0.2782, 0.2782, 0.2782, 0.2782, 0.2782, 0.2782, 0.2782, 0.0048, 0.0048, 0.0048, 0.0048, 0.0048, 0.0048, 0.0048, 0.0048, 0.0048, 0.0048, 0.3284, 0.3284, 0.3284, 0.3284, 0.3284, 0.3284, 0.3284, 0.3284, 0.3284, 0.3284, 0.1294, 0.1294, 0.1294, 0.1294, 0.1294, 0.1294, 0.1294, 0.1294, 0.1294, 0.1294, 0.0125, 0.0125, 0.0125, 0.0125, 0.0125, 0.0125, 0.0125, 0.0125, 0.0125, 0.0125, 0.0654, 0.0654, 0.0654, 0.0654, 0.0654, 0.0654, 0.0654, 0.0654, 0.0654, 0.0654, 0.2095, 0.2095, 0.2095, 0.2095, 0.2095, 0.2095, 0.2095, 0.2095, 0.2095, 0.2095, 0.1583, 0.1583, 0.1583, 0.1583, 0.1583, 0.1583, 0.1583, 0.1583, 0.1583, 0.1583, 0.0535, 0.0535, 0.0535, 0.0535, 0.0535, 0.0535, 0.0535, 0.0535, 0.0535, 0.0535, 0.0643, 0.0643, 0.0643, 0.0643, 0.0643, 0.0643, 0.0643, 0.0643, 0.0643, 0.0643, 0.1924, 0.1924, 0.1924, 0.1924, 0.1924, 0.1924, 0.1924, 0.1924, 0.1924, 0.1924, 0.1196, 0.1196, 0.1196, 0.1196, 0.1196, 0.1196, 0.1196, 0.1196, 0.1196, 0.1196, 0.0523, 0.0523, 0.0523, 0.0523, 0.0523, 0.0523, 0.0523, 0.0523, 0.0523, 0.0523, 0.3721, 0.3721, 0.3721, 0.3721, 0.3721, 0.3721, 0.3721, 0.3721, 0.3721, 0.3721, 0.0883, 0.0883, 0.0883, 0.0883, 0.0883, 0.0883, 0.0883, 0.0883, 0.0883, 0.0883, 0.0604, 0.0604, 0.0604, 0.0604, 0.0604, 0.0604, 0.0604, 0.0604, 0.0604, 0.0604, 0.317, 0.317, 0.317, 0.317, 0.317, 0.317, 0.317, 0.317, 0.317, 0.317, 0.1758, 0.1758, 0.1758, 0.1758, 0.1758, 0.1758, 0.1758, 0.1758, 0.1758, 0.1758, 0.0882, 0.0882, 0.0882, 0.0882, 0.0882, 0.0882, 0.0882, 0.0882, 0.0882, 0.0882, 0.1524, 0.1524, 0.1524, 0.1524, 0.1524, 0.1524, 0.1524, 0.1524, 0.1524, 0.1524, 0.0284, 0.0284, 0.0284, 0.0284, 0.0284, 0.0284, 0.0284, 0.0284, 0.0284, 0.0284, 0.13, 0.13, 0.13, 0.13, 0.003, 0.003, 0.003, 0.003, 0.003, 0.003, 0.003, 0.003, 0.003, 0.003, 0.0582, 0.0582, 0.0582, 0.0582, 0.0582, 0.0582, 0.0582, 0.0582, 0.0582, 0.0582, 0.0036, 0.0036, 0.0036, 0.0036, 0.0036, 0.0036, 0.0036, 0.0036, 0.0036, 0.0036, 0.1528, 0.1528, 0.1528, 0.1528, 0.1528, 0.1528, 0.1528, 0.1528, 0.1528, 0.1528, 0.0682, 0.0682, 0.0682, 0.0682, 0.0682, 0.0682, 0.0682, 0.0682, 0.0682, 0.0682, 0.2832, 0.2832, 0.2832, 0.2832, 0.2832, 0.2832, 0.2832, 0.2832, 0.2832, 0.2832, 0.0028, 0.0028, 0.0028, 0.0028, 0.0028, 0.0028, 0.0028, 0.0028, 0.0028, 0.0028, 0.0031, 0.0031, 0.0031, 0.0031, 0.0031, 0.0031, 0.0031, 0.0031, 0.0031, 0.0031, 0.0898, 0.0898, 0.0898, 0.0898, 0.0898, 0.0898, 0.0898, 0.0898, 0.0898, 0.0898, 0.0728, 0.0728, 0.0728, 0.0728, 0.0728, 0.0728, 0.0728, 0.0728, 0.0728, 0.0728, 0.1499, 0.1499, 0.1499, 0.1499, 0.1499, 0.1499, 0.1499, 0.1499, 0.1499, 0.1499, 0.2929, 0.2929, 0.2929, 0.2929, 0.2929, 0.2929, 0.2929, 0.2929, 0.2929, 0.2929, 0.3759, 0.3759, 0.3759, 0.3759, 0.3759, 0.3759, 0.3759, 0.3759, 0.3759, 0.3759, 0.1588, 0.1588, 0.1588, 0.1588, 0.1588, 0.1588, 0.1588, 0.1588, 0.1588, 0.1588, 0.1026, 0.1026, 0.1026, 0.1026, 0.1026, 0.1026, 0.1026, 0.1026, 0.1026, 0.1026, 0.173, 0.173, 0.173, 0.173, 0.173, 0.173, 0.173, 0.173, 0.173, 0.173, 0.0033, 0.0033, 0.0033, 0.0033, 0.0033, 0.0033, 0.0033, 0.0033, 0.0033, 0.0033, 0.1573, 0.1573, 0.1573, 0.1573, 0.1573, 0.1573, 0.1573, 0.1573, 0.1573, 0.1573, 0.1531, 0.1531, 0.1531, 0.1531, 0.1531, 0.1531, 0.1531, 0.1531, 0.1531, 0.1531, 0.0109, 0.0109, 0.0109, 0.0109, 0.0109, 0.0109, 0.0109, 0.0109, 0.0109, 0.0109, 0.0586, 0.0586, 0.0586, 0.0586, 0.0586, 0.0586, 0.0586, 0.0586, 0.0586, 0.0586, 0.0754, 0.0754, 0.0754, 0.0754, 0.0754, 0.0754, 0.0754, 0.0754, 0.0754, 0.0754, 0.0025, 0.0025, 0.0025, 0.0025, 0.0025, 0.0025, 0.0025, 0.0025, 0.0025, 0.0025, 0.0024, 0.0024, 0.0024, 0.0024, 0.0024, 0.0024, 0.0024, 0.0024, 0.0024, 0.0024, 0.1348, 0.1348, 0.1348, 0.1348, 0.1348, 0.1348, 0.1348, 0.1348, 0.1348, 0.1348, 0.0025, 0.0025, 0.0025, 0.0025, 0.0025, 0.0025, 0.0025, 0.0025, 0.0025, 0.0025, 0.0957, 0.0957, 0.0957, 0.0957, 0.0957, 0.0957, 0.0957, 0.0957, 0.0957, 0.0957, 0.0818, 0.0818, 0.0818, 0.0818, 0.0818, 0.0818, 0.0818, 0.0818, 0.0818, 0.0818, 0.2062, 0.2062, 0.2062, 0.2062, 0.2062, 0.2062, 0.2062, 0.2062, 0.2062, 0.2062, 0.0998, 0.0998, 0.0998, 0.0998, 0.0998, 0.0998, 0.0998, 0.0998, 0.0998, 0.0998, 0.0618, 0.0618, 0.0618, 0.0618, 0.0618, 0.0618, 0.0618, 0.0618, 0.0618, 0.0618, 0.071, 0.071, 0.071, 0.071, 0.071, 0.071, 0.071, 0.071, 0.071, 0.071, 0.2708, 0.2708, 0.2708, 0.2708, 0.2708, 0.2708, 0.2708, 0.2708, 0.2708, 0.2708, 0.1571, 0.1571, 0.1571, 0.1571, 0.1571, 0.1571, 0.1571, 0.1571, 0.1571, 0.1571, 0.127, 0.127, 0.127, 0.127, 0.127, 0.127, 0.127, 0.127, 0.127, 0.127, 0.0036, 0.0036, 0.0036, 0.0036, 0.0036, 0.0036, 0.0036, 0.0036, 0.0036, 0.0036, 0.0853, 0.0853, 0.0853, 0.0853, 0.0853, 0.0853, 0.0853, 0.0853, 0.0853, 0.0853, 0.0031, 0.0031, 0.0031, 0.0031, 0.0031, 0.0031, 0.0031, 0.0031, 0.0031, 0.0031, 0.1638, 0.1638, 0.1638, 0.1638, 0.1638, 0.1638, 0.1638, 0.1638, 0.1638, 0.1638, 0.19, 0.19, 0.19, 0.19, 0.19, 0.19, 0.19, 0.19, 0.19, 0.19, 0.1113, 0.1113, 0.1113, 0.1113, 0.1113, 0.1113, 0.1113, 0.1113, 0.1113, 0.1113, 0.0076, 0.0076, 0.0076, 0.0076, 0.0076, 0.0076, 0.0076, 0.0076, 0.0076, 0.0076, 0.1428, 0.1428, 0.1428, 0.1428, 0.1428, 0.1428, 0.1428, 0.1428, 0.1428, 0.1428, 0.1889, 0.1889, 0.1889, 0.1889, 0.1889, 0.1889, 0.1889, 0.1889, 0.1889, 0.1889, 0.0026, 0.0026, 0.0026, 0.0026, 0.0026, 0.0026, 0.0026, 0.0026, 0.0026, 0.0026, 0.1308, 0.1308, 0.1308, 0.1308, 0.1308, 0.1308, 0.1308, 0.1308, 0.1308, 0.1308, 0.0121, 0.0121, 0.0121, 0.0121, 0.0121, 0.0121, 0.0121, 0.0121, 0.0121, 0.0121, 0.2485, 0.2485, 0.2485, 0.2485, 0.2485, 0.2485, 0.2485, 0.2485, 0.2485, 0.2485, 0.0705, 0.0705, 0.0705, 0.0705, 0.0705, 0.0705, 0.0705, 0.0705, 0.0705, 0.0705, 0.1839, 0.1839, 0.1839, 0.1839, 0.1839, 0.1839, 0.1839, 0.1839, 0.1839, 0.1839, 0.0614, 0.0614, 0.0614, 0.0614, 0.0614, 0.0614, 0.0614, 0.0614, 0.0614, 0.0614, 0.0684, 0.0684, 0.0684, 0.0684, 0.0684, 0.0684, 0.0684, 0.0684, 0.0684, 0.0684, 0.0027, 0.0027, 0.0027, 0.0027, 0.0027, 0.0027, 0.0027, 0.0027, 0.0027, 0.0027, 0.2149, 0.2149, 0.2149, 0.2149, 0.2149, 0.2149, 0.2149, 0.2149, 0.2149, 0.2149, 0.1916, 0.1916, 0.1916, 0.1916, 0.1916, 0.1916, 0.1916, 0.1916, 0.1916, 0.1916, 0.0033, 0.0033, 0.0033, 0.0033, 0.0033, 0.0033, 0.0033, 0.0033, 0.0033, 0.0033, 0.0999, 0.0999, 0.0999, 0.0999, 0.0999, 0.0999, 0.0999, 0.0999, 0.0999, 0.0999, 0.0023, 0.0023, 0.0023, 0.0023, 0.0023, 0.0023, 0.0023, 0.0023, 0.0023, 0.0023, 0.2739, 0.2739, 0.2739, 0.2739, 0.2739, 0.2739, 0.2739, 0.2739, 0.2739, 0.2739, 0.3259, 0.3259, 0.3259, 0.3259, 0.3259, 0.3259, 0.3259, 0.3259, 0.3259, 0.3259, 0.0029, 0.0029, 0.0029, 0.0029, 0.0029, 0.0029, 0.0029, 0.0029, 0.0029, 0.0029, 0.0027, 0.0027, 0.0027, 0.0027, 0.0027, 0.0027, 0.0027, 0.0027, 0.0027, 0.0027, 0.0717, 0.0717, 0.0717, 0.0717, 0.0717, 0.0717, 0.0717, 0.0717, 0.0717, 0.0717, 0.1073, 0.1073, 0.1073, 0.1073, 0.1073, 0.1073, 0.1073, 0.1073, 0.1073, 0.1073, 0.0672, 0.0672, 0.0672, 0.0672, 0.0672, 0.0672, 0.0672, 0.0672, 0.0672, 0.0672, 0.1467, 0.1467, 0.1467, 0.1467, 0.1467, 0.1467, 0.1467, 0.1467, 0.1467, 0.1467, 0.0671, 0.0671, 0.0671, 0.0671, 0.0671, 0.0671, 0.0671, 0.0671, 0.0671, 0.0671, 0.1629, 0.1629, 0.1629, 0.1629, 0.1629, 0.1629, 0.1629, 0.1629, 0.1629, 0.1629, 0.0802, 0.0802, 0.0802, 0.0802, 0.0802, 0.0802, 0.0802, 0.0802, 0.0802, 0.0802, 0.0629, 0.0629, 0.0629, 0.0629, 0.0629, 0.0629, 0.0629, 0.0629, 0.0629, 0.0629, 0.129, 0.129, 0.129, 0.129, 0.129, 0.129, 0.129, 0.129, 0.129, 0.129, 0.1254, 0.1254, 0.1254, 0.1254, 0.1254, 0.1254, 0.1254, 0.1254, 0.1254, 0.1254, 0.1747, 0.1747, 0.1747, 0.1747, 0.1747, 0.1747, 0.1747, 0.1747, 0.1747, 0.1747, 0.0689, 0.0689, 0.0689, 0.0689, 0.0689, 0.0689, 0.0689, 0.0689, 0.0689, 0.0689, 0.1465, 0.1465, 0.1465, 0.1465, 0.1465, 0.1465, 0.1465, 0.1465, 0.1465, 0.1465, 0.0143, 0.0143, 0.0143, 0.0143, 0.0143, 0.0143, 0.0143, 0.0143, 0.0143, 0.0143, 0.004, 0.004, 0.004, 0.004, 0.004, 0.004, 0.004, 0.004, 0.004, 0.004, 0.0799, 0.0799, 0.0799, 0.0799, 0.0799, 0.0799, 0.0799, 0.0799, 0.0799, 0.0799, 0.201, 0.201, 0.201, 0.201, 0.201, 0.201, 0.201, 0.201, 0.201, 0.201, 0.1023, 0.1023, 0.1023, 0.1023, 0.1023, 0.1023, 0.1023, 0.1023, 0.1023, 0.1023, 0.0057, 0.0057, 0.0057, 0.0057, 0.0057, 0.0057, 0.0057, 0.0057, 0.0035, 0.0035, 0.0035, 0.0035, 0.0035, 0.0035, 0.0035, 0.0035, 0.0035, 0.0035, 0.104, 0.104, 0.104, 0.104, 0.104, 0.104, 0.104, 0.104, 0.104, 0.104, 0.0956, 0.0956, 0.0956, 0.0956, 0.0956, 0.0956, 0.0956, 0.0956, 0.0956, 0.0956, 0.0026, 0.0026, 0.0026, 0.0026, 0.0026, 0.0026, 0.0026, 0.0026, 0.0026, 0.0026, 0.0689, 0.0689, 0.0689, 0.0689, 0.0689, 0.0689, 0.0689, 0.0689, 0.0689, 0.0689, 0.1686, 0.1686, 0.1686, 0.1686, 0.1686, 0.1686, 0.1686, 0.1686, 0.1686, 0.1686, 0.0028, 0.0028, 0.0028, 0.0028, 0.0028, 0.0028, 0.0028, 0.0028, 0.0028, 0.0028, 0.1037, 0.1037, 0.1037, 0.1037, 0.1037, 0.1037, 0.1037, 0.1037, 0.1037, 0.1037, 0.1145, 0.1145, 0.1145, 0.1145, 0.1145, 0.1145, 0.1145, 0.1145, 0.1145, 0.1145, 0.1051, 0.1051, 0.1051, 0.1051, 0.1051, 0.1051, 0.1051, 0.1051, 0.1051, 0.1051, 0.0952, 0.0952, 0.0952, 0.0952, 0.0952, 0.0952, 0.0952, 0.0952, 0.0952, 0.0952, 0.1088, 0.1088, 0.1088, 0.1088, 0.1088, 0.1088, 0.1088, 0.1088, 0.1088, 0.1088, 0.0029, 0.0029, 0.0029, 0.0029, 0.0029, 0.0029, 0.0029, 0.0029, 0.0029, 0.0029, 0.0133, 0.0133, 0.0133, 0.0133, 0.0133, 0.0133, 0.0133, 0.0133, 0.0133, 0.0133, 0.0807, 0.0807, 0.0807, 0.0807, 0.0807, 0.0807, 0.0807, 0.0807, 0.0807, 0.0807, 0.0941, 0.0941, 0.0941, 0.0941, 0.0941, 0.0941, 0.0941, 0.0941, 0.0941, 0.0941, 0.0027, 0.0027, 0.0027, 0.0027, 0.0027, 0.0027, 0.0027, 0.0027, 0.0027, 0.0027, 0.002, 0.002, 0.002, 0.002, 0.002, 0.002, 0.002, 0.002, 0.002, 0.002, 0.2094, 0.2094, 0.2094, 0.2094, 0.2094, 0.2094, 0.2094, 0.2094, 0.2094, 0.2094, 0.1546, 0.1546, 0.1546, 0.1546, 0.1546, 0.1546, 0.1546, 0.1546, 0.1546, 0.1546, 0.0956, 0.0956, 0.0956, 0.0956, 0.0956, 0.0956, 0.0956, 0.0956, 0.0956, 0.0956, 0.0026, 0.0026, 0.0026, 0.0026, 0.0026, 0.0026, 0.0026, 0.0026, 0.0026, 0.0026, 0.0021, 0.0021, 0.0021, 0.0021, 0.0021, 0.0021, 0.0021, 0.0021, 0.0021, 0.0021, 0.2857, 0.2857, 0.2857, 0.2857, 0.2857, 0.2857, 0.2857, 0.2857, 0.2857, 0.2857, 0.0714, 0.0714, 0.0714, 0.0714, 0.0714, 0.0714, 0.0714, 0.0714, 0.0714, 0.0714, 0.023, 0.023, 0.023, 0.023, 0.023, 0.023, 0.023, 0.023, 0.023, 0.023, 0.1166, 0.1166, 0.1166, 0.1166, 0.1166, 0.1166, 0.1166, 0.1166, 0.1166, 0.1166, 0.0781, 0.0781, 0.0781, 0.0781, 0.0781, 0.0781, 0.0781, 0.0781, 0.0781, 0.0781, 0.0796, 0.0796, 0.0796, 0.0796, 0.0796, 0.0796, 0.0796, 0.0796, 0.0796, 0.0796, 0.0413, 0.0413, 0.0413, 0.0413, 0.0413, 0.0413, 0.0413, 0.0413, 0.0413, 0.0413, 0.002, 0.002, 0.002, 0.002, 0.002, 0.002, 0.002, 0.002, 0.002, 0.002, 0.0905, 0.0905, 0.0905, 0.0905, 0.0905, 0.0905, 0.0905, 0.0905, 0.0905, 0.0905, 0.0365, 0.0365, 0.0365, 0.0365, 0.0365, 0.0365, 0.0365, 0.0365, 0.0365, 0.0365, 0.0373, 0.0373, 0.0373, 0.0373, 0.0373, 0.0373, 0.0373, 0.0373, 0.0373, 0.0373, 0.3241, 0.3241, 0.3241, 0.3241, 0.3241, 0.3241, 0.3241, 0.3241, 0.3241, 0.3241, 0.1878, 0.1878, 0.1878, 0.1878, 0.1878, 0.1878, 0.1878, 0.1878, 0.1878, 0.1878, 0.0019, 0.0019, 0.0019, 0.0019, 0.0019, 0.0019, 0.0019, 0.0019, 0.0019, 0.0019, 0.0027, 0.0027, 0.0027, 0.0027, 0.0027, 0.0027, 0.0027, 0.0027, 0.0027, 0.0027, 0.1787, 0.1787, 0.1787, 0.1787, 0.1787, 0.1787, 0.1787, 0.1787, 0.1787, 0.1787, 0.0021, 0.0021, 0.0021, 0.0021, 0.0021, 0.0021, 0.0021, 0.0021, 0.0021, 0.0021, 0.2081, 0.2081, 0.2081, 0.2081, 0.2081, 0.2081, 0.2081, 0.2081, 0.2081, 0.2081, 0.0019, 0.0019, 0.0019, 0.0019, 0.0019, 0.0019, 0.0019, 0.0019, 0.0019, 0.0019, 0.0604, 0.0604, 0.0604, 0.0604, 0.0604, 0.0604, 0.0604, 0.0604, 0.0604, 0.0604, 0.1479, 0.1479, 0.1479, 0.1479, 0.1479, 0.1479, 0.1479, 0.1479, 0.1479, 0.1479, 0.1101, 0.1101, 0.1101, 0.1101, 0.1101, 0.1101, 0.1101, 0.1101, 0.1101, 0.1101, 0.0699, 0.0699, 0.0699, 0.0699, 0.0699, 0.0699, 0.0699, 0.0699, 0.0699, 0.0699, 0.003, 0.003, 0.003, 0.003, 0.003, 0.003, 0.003, 0.003, 0.003, 0.003, 0.0019, 0.0019, 0.0019, 0.0019, 0.0019, 0.0019, 0.0019, 0.0019, 0.0019, 0.0019, 0.1003, 0.1003, 0.1003, 0.1003, 0.1003, 0.1003, 0.1003, 0.1003, 0.1003, 0.1003, 0.0018, 0.0018, 0.0018, 0.0018, 0.0018, 0.0018, 0.0018, 0.0018, 0.0018, 0.0018, 0.0043, 0.0043, 0.0043, 0.0043, 0.0043, 0.0043, 0.0043, 0.0043, 0.0043, 0.0043, 0.1218, 0.1218, 0.1218, 0.1218, 0.1218, 0.1218, 0.1218, 0.1218, 0.1218, 0.1218, 0.0943, 0.0943, 0.0943, 0.0943, 0.0943, 0.0943, 0.0943, 0.0943, 0.0943, 0.0943, 0.1032, 0.1032, 0.1032, 0.1032, 0.1032, 0.1032, 0.1032, 0.1032, 0.1032, 0.1032, 0.0017, 0.0017, 0.0017, 0.0017, 0.0017, 0.0017, 0.0017, 0.0017, 0.0017, 0.0017, 0.0017, 0.0017, 0.0017, 0.0017, 0.0017, 0.0017, 0.0017, 0.0017, 0.0017, 0.0017, 0.0985, 0.0985, 0.0985, 0.0985, 0.0985, 0.0985, 0.0985, 0.0985, 0.0985, 0.0985, 0.1002, 0.1002, 0.1002, 0.1002, 0.1002, 0.1002, 0.1002, 0.1002, 0.1002, 0.1002, 0.0943, 0.0943, 0.0943, 0.0943, 0.0943, 0.0943, 0.0943, 0.0943, 0.0943, 0.0943, 0.0017, 0.0017, 0.0017, 0.0017, 0.0017, 0.0017, 0.0017, 0.0017, 0.0017, 0.0017, 0.1183, 0.1183, 0.1183, 0.1183, 0.1183, 0.1183, 0.1183, 0.1183, 0.1183, 0.1183, 0.0019, 0.0019, 0.0019, 0.0019, 0.0019, 0.0019, 0.0019, 0.0019, 0.0019, 0.0019, 0.0019, 0.0019, 0.0019, 0.0019, 0.0019, 0.0019, 0.0019, 0.0019, 0.0019, 0.0019, 0.0016, 0.0016, 0.0016, 0.0016, 0.0016, 0.0016, 0.0016, 0.0016, 0.0016, 0.0016, 0.1063, 0.1063, 0.1063, 0.1063, 0.1063, 0.1063, 0.1063, 0.1063, 0.1063, 0.1063, 0.0016, 0.0016, 0.0016, 0.0016, 0.0016, 0.0016, 0.0016, 0.0016, 0.0016, 0.0016, 0.1589, 0.1589, 0.1589, 0.1589, 0.1589, 0.1589, 0.1589, 0.1589, 0.1589, 0.1589, 0.2836, 0.2836, 0.2836, 0.2836, 0.2836, 0.2836, 0.2836, 0.2836, 0.2836, 0.2836, 0.0417, 0.0417, 0.0417, 0.0417, 0.0417, 0.0417, 0.0417, 0.0417, 0.0417, 0.0417, 0.381, 0.381, 0.381, 0.381, 0.381, 0.381, 0.381, 0.381, 0.381, 0.381, 0.0683, 0.0683, 0.0683, 0.0683, 0.0683, 0.0683, 0.0683, 0.0683, 0.0683, 0.0683, 0.0039, 0.0039, 0.0039, 0.0039, 0.0039, 0.0039, 0.0039, 0.0039, 0.0039, 0.0039, 0.2632, 0.2632, 0.2632, 0.2632, 0.2632, 0.2632, 0.2632, 0.2632, 0.2632, 0.2632, 0.0921, 0.0921, 0.0921, 0.0921, 0.0921, 0.0921, 0.0921, 0.0921, 0.0921, 0.0921, 0.0023, 0.0023, 0.0023, 0.0023, 0.0023, 0.0023, 0.0023, 0.0023, 0.0023, 0.0023, 0.0015, 0.0015, 0.0015, 0.0015, 0.0015, 0.0015, 0.0015, 0.0015, 0.0015, 0.0015, 0.0019, 0.0019, 0.0019, 0.0019, 0.0019, 0.0019, 0.0019, 0.0019, 0.0019, 0.0019, 0.0017, 0.0017, 0.0017, 0.0017, 0.0017, 0.0017, 0.0017, 0.0017, 0.0017, 0.0017, 0.0956, 0.0956, 0.0956, 0.0956, 0.0956, 0.0956, 0.0956, 0.0956, 0.0956, 0.0956, 0.3081, 0.3081, 0.3081, 0.3081, 0.3081, 0.3081, 0.3081, 0.3081, 0.3081, 0.3081, 0.0019, 0.0019, 0.0019, 0.0019, 0.0019, 0.0019, 0.0019, 0.0019, 0.0019, 0.0019, 0.2484, 0.2484, 0.0016, 0.0016, 0.0016, 0.0016, 0.0016, 0.0016, 0.0016, 0.0016, 0.0016, 0.0016, 0.1499, 0.1499, 0.1499, 0.1499, 0.1499, 0.1499, 0.1499, 0.1499, 0.1499, 0.1499, 0.0017, 0.0017, 0.0017, 0.0017, 0.0017, 0.0017, 0.0017, 0.0017, 0.0017, 0.0017, 0.0349, 0.0349, 0.0349, 0.0349, 0.0349, 0.0349, 0.0349, 0.0349, 0.0349, 0.0349, 0.0012, 0.0012, 0.0012, 0.0012, 0.0012, 0.0012, 0.0012, 0.0012, 0.0012, 0.0012, 0.1621, 0.1621, 0.1621, 0.1621, 0.1621, 0.1621, 0.1621, 0.1621, 0.1621, 0.1621, 0.0469, 0.0469, 0.0469, 0.0469, 0.0469, 0.0469, 0.0469, 0.0469, 0.0469, 0.0469, 0.0015, 0.0015, 0.0015, 0.0015, 0.0015, 0.0015, 0.0015, 0.0015, 0.0015, 0.0015, 0.0013, 0.0013, 0.0013, 0.0013, 0.0013, 0.0013, 0.0013, 0.0013, 0.0013, 0.0013, 0.2031, 0.2031, 0.2031, 0.2031, 0.2031, 0.2031, 0.2031, 0.2031, 0.2031, 0.2031, 0.0015, 0.0015, 0.0015, 0.0015, 0.0015, 0.0015, 0.0015, 0.0015, 0.0015, 0.0015, 0.2009, 0.2009, 0.2009, 0.2009, 0.2009, 0.2009, 0.2009, 0.2009, 0.2009, 0.2009, 0.0167, 0.0167, 0.0167, 0.0167, 0.0167, 0.0167, 0.0167, 0.0167, 0.0167, 0.0167, 0.0881, 0.0881, 0.0881, 0.0881, 0.0881, 0.0881, 0.0881, 0.0881, 0.0881, 0.0881, 0.0014, 0.0014, 0.0014, 0.0014, 0.0014, 0.0014, 0.0014, 0.0014, 0.0014, 0.0014, 0.0015, 0.0015, 0.0015, 0.0015, 0.0015, 0.0015, 0.0015, 0.0015, 0.0015, 0.0015, 0.0618, 0.0618, 0.0618, 0.0618, 0.0618, 0.0618, 0.0618, 0.0618, 0.0618, 0.0618, 0.0014, 0.0014, 0.0014, 0.0014, 0.0014, 0.0014, 0.0014, 0.0014, 0.0014, 0.0014, 0.0013, 0.0013, 0.0013, 0.0013, 0.0013, 0.0013, 0.0013, 0.0013, 0.0013, 0.0013, 0.0017, 0.0017, 0.0017, 0.0017, 0.0017, 0.0017, 0.0017, 0.0017, 0.0017, 0.0017, 0.0247, 0.0247, 0.0247, 0.0247, 0.0247, 0.0247, 0.0247, 0.0247, 0.0247, 0.0247, 0.0014, 0.0014, 0.0014, 0.0014, 0.0014, 0.0014, 0.0014, 0.0014, 0.0014, 0.0014, 0.1156, 0.1156, 0.1156, 0.1156, 0.1156, 0.1156, 0.1156, 0.1156, 0.1156, 0.1156, 0.0013, 0.0013, 0.0013, 0.0013, 0.0013, 0.0013, 0.0013, 0.0013, 0.0013, 0.0013, 0.1282, 0.1282, 0.1282, 0.1282, 0.1282, 0.1282, 0.1282, 0.1282, 0.1282, 0.1282, 0.0011, 0.0011, 0.0011, 0.0011, 0.0011, 0.0011, 0.0011, 0.0011, 0.0011, 0.0011, 0.1037, 0.1037, 0.1037, 0.1037, 0.1037, 0.1037, 0.1037, 0.1037, 0.1037, 0.1037, 0.1131, 0.1131, 0.1131, 0.1131, 0.1131, 0.1131, 0.1131, 0.1131, 0.1131, 0.1131, 0.0015, 0.0015, 0.0015, 0.0015, 0.0015, 0.0015, 0.0015, 0.0015, 0.0015, 0.0015, 0.0011, 0.0011, 0.0011, 0.0011, 0.0011, 0.0011, 0.0011, 0.0011, 0.0011, 0.0011, 0.0016, 0.0016, 0.0016, 0.0016, 0.0016, 0.0016, 0.0016, 0.0016, 0.0016, 0.0016, 0.058, 0.058, 0.058, 0.058, 0.058, 0.058, 0.058, 0.058, 0.058, 0.058, 0.0252, 0.0252, 0.0252, 0.0252, 0.0252, 0.0252, 0.0252, 0.0252, 0.0252, 0.0252, 0.1937, 0.1937, 0.1937, 0.1937, 0.1937, 0.1937, 0.1937, 0.1937, 0.1937, 0.1937, 0.0832, 0.0832, 0.0832, 0.0832, 0.0832, 0.0832, 0.0832, 0.0832, 0.0832, 0.0832, 0.2032, 0.2032, 0.2032, 0.2032, 0.2032, 0.2032, 0.2032, 0.2032, 0.2032, 0.2032, 0.2969, 0.2969, 0.2969, 0.2969, 0.2969, 0.2969, 0.2969, 0.2969, 0.2969, 0.2969, 0.0015, 0.0015, 0.0015, 0.0015, 0.0015, 0.0015, 0.0015, 0.0015, 0.0015, 0.0015, 0.1272, 0.1272, 0.1272, 0.1272, 0.1272, 0.1272, 0.1272, 0.1272, 0.1272, 0.1272, 0.0017, 0.0017, 0.0017, 0.0017, 0.0017, 0.0017, 0.0017, 0.0017, 0.0017, 0.0017, 0.0372, 0.0372, 0.0372, 0.0372, 0.0372, 0.0372, 0.0372, 0.0372, 0.0372, 0.0372, 0.1956, 0.1956, 0.1956, 0.1956, 0.1956, 0.1956, 0.1956, 0.1956, 0.1956, 0.1956, 0.0597, 0.0597, 0.0597, 0.0597, 0.0597, 0.0597, 0.0597, 0.0597, 0.0597, 0.0597, 0.0016, 0.0016, 0.0016, 0.0016, 0.0016, 0.0016, 0.0016, 0.0016, 0.0016, 0.0016, 0.1045, 0.1045, 0.1045, 0.1045, 0.1045, 0.1045, 0.1045, 0.1045, 0.1045, 0.1045, 0.0025, 0.0025, 0.0025, 0.0025, 0.0025, 0.0025, 0.0025, 0.0025, 0.0025, 0.0025, 0.1774, 0.1774, 0.1774, 0.1774, 0.1774, 0.1774, 0.1774, 0.1774, 0.1774, 0.1774, 0.1004, 0.1004, 0.1004, 0.1004, 0.1004, 0.1004, 0.1004, 0.1004, 0.1004, 0.1004, 0.0016, 0.0016, 0.0016, 0.0016, 0.0016, 0.0016, 0.0016, 0.0016, 0.0016, 0.0016, 0.1171, 0.1171, 0.1171, 0.1171, 0.1171, 0.1171, 0.1171, 0.1171, 0.1171, 0.1171, 0.1647, 0.1647, 0.1647, 0.1647, 0.1647, 0.1647, 0.1647, 0.1647, 0.1647, 0.1647, 0.0694, 0.0694, 0.0694, 0.0694, 0.0694, 0.0694, 0.0694, 0.0694, 0.0694, 0.0694, 0.0057, 0.0057, 0.0057, 0.0057, 0.0057, 0.0057, 0.0057, 0.0057, 0.0057, 0.0057, 0.0014, 0.0014, 0.0014, 0.0014, 0.0014, 0.0014, 0.0014, 0.0014, 0.0014, 0.0014, 0.0013, 0.0013, 0.0013, 0.0013, 0.0013, 0.0013, 0.0013, 0.0013, 0.0013, 0.0013, 0.0013, 0.0013, 0.0013, 0.0013, 0.0013, 0.0013, 0.0013, 0.0013, 0.0013, 0.0013, 0.0014, 0.0014, 0.0014, 0.0014, 0.0014, 0.0014, 0.0014, 0.0014, 0.0014, 0.0014, 0.0014, 0.0014, 0.0014, 0.0014, 0.0014, 0.0014, 0.0014, 0.0014, 0.0014, 0.0014, 0.0958, 0.0958, 0.0958, 0.0958, 0.0958, 0.0958, 0.0958, 0.0958, 0.0958, 0.0958, 0.0013, 0.0013, 0.0013, 0.0013, 0.0013, 0.0013, 0.0013, 0.0013, 0.0013, 0.0013, 0.065, 0.065, 0.065, 0.065, 0.065, 0.065, 0.065, 0.065, 0.065, 0.065, 0.0357, 0.0357, 0.0357, 0.0357, 0.0357, 0.0357, 0.0357, 0.0357, 0.0357, 0.0357, 0.0047, 0.0047, 0.0047, 0.0047, 0.0047, 0.0047, 0.0047, 0.0047, 0.0047, 0.0047, 0.0055, 0.0055, 0.0055, 0.0055, 0.0055, 0.0055, 0.0055, 0.0055, 0.0055, 0.0055, 0.0014, 0.0014, 0.0014, 0.0014, 0.0014, 0.0014, 0.0014, 0.0014, 0.0014, 0.0014, 0.1012, 0.1012, 0.1012, 0.1012, 0.1012, 0.1012, 0.1012, 0.1012, 0.1012, 0.1012, 0.0016, 0.0016, 0.0016, 0.0016, 0.0016, 0.0016, 0.0016, 0.0016, 0.0016, 0.0016, 0.0532, 0.0532, 0.0532, 0.0532, 0.0532, 0.0532, 0.0532, 0.0532, 0.0532, 0.0532, 0.0012, 0.0012, 0.0012, 0.0012, 0.0012, 0.0012, 0.0012, 0.0012, 0.0012, 0.0012, 0.0628, 0.0628, 0.0628, 0.0628, 0.0628, 0.0628, 0.0628, 0.0628, 0.0628, 0.0628, 0.0014, 0.0014, 0.0014, 0.0014, 0.0014, 0.0014, 0.0014, 0.0014, 0.0014, 0.0014, 0.0013, 0.0013, 0.0013, 0.0013, 0.0013, 0.0013, 0.0013, 0.0013, 0.0013, 0.0013, 0.0011, 0.0011, 0.0011, 0.0011, 0.0011, 0.0011, 0.0011, 0.0011, 0.0011, 0.0011, 0.0968, 0.0968, 0.0968, 0.0968, 0.0968, 0.0968, 0.0968, 0.0968, 0.0968, 0.0968, 0.1026, 0.1026, 0.1026, 0.1026, 0.1026, 0.1026, 0.1026, 0.1026, 0.1026, 0.1026, 0.0011, 0.0011, 0.0011, 0.0011, 0.0011, 0.0011, 0.0011, 0.0011, 0.0011, 0.0011, 0.0973, 0.0973, 0.0973, 0.0973, 0.0973, 0.0973, 0.0973, 0.0973, 0.0973, 0.0973, 0.096, 0.096, 0.096, 0.096, 0.096, 0.096, 0.096, 0.096, 0.096, 0.096, 0.0014, 0.0014, 0.0014, 0.0014, 0.0014, 0.0014, 0.0014, 0.0014, 0.0014, 0.0014, 0.1662, 0.1662, 0.1662, 0.1662, 0.1662, 0.1662, 0.1662, 0.1662, 0.1662, 0.1662, 0.0015, 0.0015, 0.0015, 0.0015, 0.0015, 0.0015, 0.0015, 0.0015, 0.0015, 0.0015, 0.0015, 0.0015, 0.0015, 0.0015, 0.0015, 0.0015, 0.0012, 0.0012, 0.0012, 0.0012, 0.0012, 0.0012, 0.0012, 0.0012, 0.0012, 0.0012, 0.0012, 0.0012, 0.0012, 0.0012, 0.0012, 0.0012, 0.0012, 0.0012, 0.0012, 0.0012, 0.0013, 0.0013, 0.0013, 0.0013, 0.0013, 0.0013, 0.0013, 0.0013, 0.0013, 0.0013, 0.0466, 0.0466, 0.0466, 0.0466, 0.0466, 0.0466, 0.0466, 0.0466, 0.0466, 0.0466, 0.0809, 0.0809, 0.0809, 0.0809, 0.0809, 0.0809, 0.0809, 0.0809, 0.0809, 0.0809, 0.0012, 0.0012, 0.0012, 0.0012, 0.0012, 0.0012, 0.0012, 0.0012, 0.0012, 0.0012, 0.0011, 0.0011, 0.0011, 0.0011, 0.0011, 0.0011, 0.0011, 0.0011, 0.0011, 0.0011, 0.0012, 0.0012, 0.0012, 0.0012, 0.0012, 0.0012, 0.0012, 0.0012, 0.0012, 0.0012, 0.0011, 0.0011, 0.0011, 0.0011, 0.0011, 0.0011, 0.0011, 0.0011, 0.0011, 0.0011, 0.0011, 0.0011, 0.0011, 0.0011, 0.0011, 0.0011, 0.0011, 0.0011, 0.0011, 0.0011, 0.0501, 0.0501, 0.0501, 0.0501, 0.0501, 0.0501, 0.0501, 0.0501, 0.0501, 0.0501, 0.0013, 0.0013, 0.0013, 0.0013, 0.0013, 0.0013, 0.0013, 0.0013, 0.0013, 0.0013, 0.1683, 0.1683, 0.1683, 0.1683, 0.1683, 0.1683, 0.1683, 0.1683, 0.1683, 0.1683, 0.0012, 0.0012, 0.0012, 0.0012, 0.0012, 0.0012, 0.0012, 0.0012, 0.0012, 0.0012, 0.0011, 0.0011, 0.0011, 0.0011, 0.0011, 0.0011, 0.0011, 0.0011, 0.0011, 0.0011, 0.0011, 0.0011, 0.0011, 0.0011, 0.0011, 0.0011, 0.0011, 0.0011, 0.0011, 0.0011, 0.1752, 0.1752, 0.1752, 0.1752, 0.1752, 0.1752, 0.1752, 0.1752, 0.1752, 0.1752, 0.0011, 0.0011, 0.0011, 0.0011, 0.0011, 0.0011, 0.0011, 0.0011, 0.0011, 0.0011, 0.0012, 0.0012, 0.0012, 0.0012, 0.0012, 0.0012, 0.0012, 0.0012, 0.0012, 0.0012, 0.0011, 0.0011, 0.0011, 0.0011, 0.0011, 0.0011, 0.0011, 0.0011, 0.0011, 0.0011, 0.1054, 0.1054, 0.1054, 0.1054, 0.1054, 0.1054, 0.1054, 0.1054, 0.1054, 0.1054, 0.0011, 0.0011, 0.0011, 0.0011, 0.0011, 0.0011, 0.0011, 0.0011, 0.0011, 0.0011, 0.0012, 0.0012, 0.0012, 0.0012, 0.0012, 0.0012, 0.0012, 0.0012, 0.0012, 0.0012, 0.001, 0.001, 0.001, 0.001, 0.001, 0.001, 0.001, 0.001, 0.001, 0.001, 0.0011, 0.0011, 0.0011, 0.0011, 0.0011, 0.0011, 0.0011, 0.0011, 0.0011, 0.0011, 0.1147, 0.1147, 0.1147, 0.1147, 0.1147, 0.1147, 0.1147, 0.1147, 0.1147, 0.1147, 0.0124, 0.0124, 0.0124, 0.0124, 0.0124, 0.0124, 0.0124, 0.0124, 0.0124, 0.0124, 0.1575, 0.1575, 0.1575, 0.1575, 0.1575, 0.1575, 0.1575, 0.1575, 0.1575, 0.1575, 0.0992, 0.0992, 0.0992, 0.0992, 0.0992, 0.0992, 0.0992, 0.0992, 0.0992, 0.0992, 0.001, 0.001, 0.001, 0.001, 0.001, 0.001, 0.001, 0.001, 0.001, 0.001, 0.0011, 0.0011, 0.0011, 0.0011, 0.0011, 0.0011, 0.0011, 0.0011, 0.0011, 0.0011, 0.1185, 0.1185, 0.1185, 0.1185, 0.1185, 0.1185, 0.1185, 0.1185, 0.1185, 0.1185, 0.0161, 0.0161, 0.0161, 0.0161, 0.0161, 0.0161, 0.0161, 0.0161, 0.0161, 0.0161, 0.0011, 0.0011, 0.0011, 0.0011, 0.0011, 0.0011, 0.0011, 0.0011, 0.0011, 0.0011, 0.001, 0.001, 0.001, 0.001, 0.001, 0.001, 0.001, 0.001, 0.001, 0.001, 0.0012, 0.0012, 0.0012, 0.0012, 0.0012, 0.0012, 0.0012, 0.0012, 0.0012, 0.0012, 0.0934, 0.0934, 0.0934, 0.0934, 0.0934, 0.0934, 0.0934, 0.0934, 0.0934, 0.0934, 0.1896, 0.1896, 0.1896, 0.1896, 0.1896, 0.1896, 0.1896, 0.1896, 0.1896, 0.1896, 0.0123, 0.0123, 0.0123, 0.0123, 0.0123, 0.0123, 0.0123, 0.0123, 0.0123, 0.0123, 0.0571, 0.0571, 0.0571, 0.0571, 0.0571, 0.0571, 0.0571, 0.0571, 0.0571, 0.0571, 0.001, 0.001, 0.001, 0.001, 0.001, 0.001, 0.001, 0.001, 0.001, 0.001, 0.0012, 0.0012, 0.0012, 0.0012, 0.0012, 0.0012, 0.0012, 0.0012, 0.0012, 0.0012, 0.1051, 0.1051, 0.1051, 0.1051, 0.1051, 0.1051, 0.1051, 0.1051, 0.1051, 0.1051, 0.189, 0.189, 0.189, 0.189, 0.189, 0.189, 0.189, 0.189, 0.189, 0.189, 0.0012, 0.0012, 0.0012, 0.0012, 0.0012, 0.0012, 0.0012, 0.0012, 0.0012, 0.0012, 0.0012, 0.0012, 0.0012, 0.0012, 0.0012, 0.0012, 0.0012, 0.0012, 0.0012, 0.0012, 0.0964, 0.0964, 0.0964, 0.0964, 0.0964, 0.0964, 0.0964, 0.0964, 0.0964, 0.0964, 0.0011, 0.0011, 0.0011, 0.0011, 0.0011, 0.0011, 0.0011, 0.0011, 0.0011, 0.0011, 0.0921, 0.0921, 0.0921, 0.0921, 0.0921, 0.0921, 0.0921, 0.0921, 0.0921, 0.0921, 0.0899, 0.0899, 0.0899, 0.0899, 0.0899, 0.0899, 0.0899, 0.0899, 0.0899, 0.0899, 0.0013, 0.0013, 0.0013, 0.0013, 0.0013, 0.0013, 0.0013, 0.0013, 0.0013, 0.0013, 0.0867, 0.0867, 0.0867, 0.0867, 0.0867, 0.0867, 0.0867, 0.0867, 0.0867, 0.0867, 0.0012, 0.0012, 0.0012, 0.0012, 0.0012, 0.0012, 0.0012, 0.0012, 0.0012, 0.0012, 0.0011, 0.0011, 0.0011, 0.0011, 0.0011, 0.0011, 0.0011, 0.0011, 0.0011, 0.0011, 0.071, 0.071, 0.071, 0.071, 0.071, 0.071, 0.071, 0.071, 0.071, 0.071, 0.0011, 0.0011, 0.0011, 0.0011, 0.0011, 0.0011, 0.0011, 0.0011, 0.0011, 0.0011, 0.0013, 0.0013, 0.0013, 0.0013, 0.0013, 0.0013, 0.0013, 0.0013, 0.0013, 0.0013, 0.0011, 0.0011, 0.0011, 0.0011, 0.0011, 0.0011, 0.0011, 0.0011, 0.0011, 0.0011, 0.1418, 0.1418, 0.1418, 0.1418, 0.1418, 0.1418, 0.1418, 0.1418, 0.1418, 0.1418, 0.0012, 0.0012, 0.0012, 0.0012, 0.0012, 0.0012, 0.0012, 0.0012, 0.0012, 0.0012, 0.0013, 0.0013, 0.0013, 0.0013, 0.0013, 0.0013, 0.0013, 0.0013, 0.0013, 0.0013, 0.0012, 0.0012, 0.0012, 0.0012, 0.0012, 0.0012, 0.0012, 0.0012, 0.0012, 0.0012, 0.0011, 0.0011, 0.0011, 0.0011, 0.0011, 0.0011, 0.0011, 0.0011, 0.0011, 0.0011, 0.051, 0.051, 0.051, 0.051, 0.051, 0.051, 0.051, 0.051, 0.051, 0.051, 0.0011, 0.0011, 0.0011, 0.0011, 0.0011, 0.0011, 0.0011, 0.0011, 0.0011, 0.0011, 0.0775, 0.0775, 0.0775, 0.0775, 0.0775, 0.0775, 0.0775, 0.0775, 0.0775, 0.0775, 0.0012, 0.0012, 0.0012, 0.0012, 0.0012, 0.0012, 0.0012, 0.0012, 0.0012, 0.0012, 0.0952, 0.0952, 0.0952, 0.0952, 0.0952, 0.0952, 0.0952, 0.0952, 0.0952, 0.0952, 0.0011, 0.0011, 0.0011, 0.0011, 0.0011, 0.0011, 0.0011, 0.0011, 0.0011, 0.0011, 0.1679, 0.1679, 0.1679, 0.1679, 0.1679, 0.1679, 0.1679, 0.1679, 0.1679, 0.1679, 0.0011, 0.0011, 0.0011, 0.0011, 0.0011, 0.0011, 0.0011, 0.0011, 0.0011, 0.0011, 0.1983, 0.1983, 0.1983, 0.1983, 0.1983, 0.1983, 0.1983, 0.1983, 0.1983, 0.1983, 0.0951, 0.0951, 0.0951, 0.0951, 0.0951, 0.0951, 0.0951, 0.0951, 0.0951, 0.0951, 0.001, 0.001, 0.001, 0.001, 0.001, 0.001, 0.001, 0.001, 0.001, 0.001, 0.0011, 0.0011, 0.0011, 0.0011, 0.0011, 0.0011, 0.0011, 0.0011, 0.0011, 0.0011, 0.0012, 0.0012, 0.0012, 0.0012, 0.0012, 0.0012, 0.0012, 0.0012, 0.0012, 0.0012, 0.0011, 0.0011, 0.0011, 0.0011, 0.0011, 0.0011, 0.0011, 0.0011, 0.0011, 0.0011, 0.0338, 0.0338, 0.0338, 0.0338, 0.0338, 0.0338, 0.0338, 0.0338, 0.0338, 0.0338, 0.0012, 0.0012, 0.0012, 0.0012, 0.0012, 0.0012, 0.0012, 0.0012, 0.0012, 0.0012, 0.0053, 0.0053, 0.0053, 0.0053, 0.0053, 0.0053, 0.0053, 0.0053, 0.0053, 0.0053]
Validation Loss:
[0.4485528767108917, 0.31303906440734863, 0.36925244331359863, 0.32782015204429626, 0.3585623800754547, 0.30777621269226074, 0.3160572648048401, 0.3126946687698364, 0.418362021446228, 0.3365586996078491]
Train, Validation, Test split:
Train: 6506
Validation: 1836
Test: 927
