Accuracy: 0.9605411499436303
Classification Report:
                                          precision    recall  f1-score   support

                         2ndMill-1stHalf       0.83      0.89      0.86        27
                         2ndMill-2ndHalf       0.95      0.96      0.96       170
                     Hellenistic onwards       0.91      0.90      0.91        91
Neo-Assyrian; Neo-Babylonian; Achaemenid       0.98      0.97      0.97       599

                                accuracy                           0.96       887
                               macro avg       0.92      0.93      0.92       887
                            weighted avg       0.96      0.96      0.96       887

Training Loss:
[1.4454, 1.4454, 1.4454, 1.4454, 1.4454, 1.4454, 1.4454, 1.4454, 1.4454, 1.4454, 1.3354, 1.3354, 1.3354, 1.3354, 1.3354, 1.3354, 1.3354, 1.3354, 1.3354, 1.3354, 1.2941, 1.2941, 1.2941, 1.2941, 1.2941, 1.2941, 1.2941, 1.2941, 1.2941, 1.2941, 1.1209, 1.1209, 1.1209, 1.1209, 1.1209, 1.1209, 1.1209, 1.1209, 1.1209, 1.1209, 1.1181, 1.1181, 1.1181, 1.1181, 1.1181, 1.1181, 1.1181, 1.1181, 1.1181, 1.1181, 1.0825, 1.0825, 1.0825, 1.0825, 1.0825, 1.0825, 1.0825, 1.0825, 1.0825, 1.0825, 0.8413, 0.8413, 0.8413, 0.8413, 0.8413, 0.8413, 0.8413, 0.8413, 0.8413, 0.8413, 1.0003, 1.0003, 1.0003, 1.0003, 1.0003, 1.0003, 1.0003, 1.0003, 1.0003, 1.0003, 0.803, 0.803, 0.803, 0.803, 0.803, 0.803, 0.803, 0.803, 0.803, 0.803, 1.0136, 1.0136, 1.0136, 1.0136, 1.0136, 1.0136, 1.0136, 1.0136, 1.0136, 1.0136, 0.7951, 0.7951, 0.7951, 0.7951, 0.7951, 0.7951, 0.7951, 0.7951, 0.7951, 0.7951, 0.7713, 0.7713, 0.7713, 0.7713, 0.7713, 0.7713, 0.7713, 0.7713, 0.7713, 0.7713, 0.9127, 0.9127, 0.9127, 0.9127, 0.9127, 0.9127, 0.9127, 0.9127, 0.9127, 0.9127, 0.8283, 0.8283, 0.8283, 0.8283, 0.8283, 0.8283, 0.8283, 0.8283, 0.8283, 0.8283, 0.5627, 0.5627, 0.5627, 0.5627, 0.5627, 0.5627, 0.5627, 0.5627, 0.5627, 0.5627, 0.5571, 0.5571, 0.5571, 0.5571, 0.5571, 0.5571, 0.5571, 0.5571, 0.5571, 0.5571, 0.4551, 0.4551, 0.4551, 0.4551, 0.4551, 0.4551, 0.4551, 0.4551, 0.4551, 0.4551, 0.5138, 0.5138, 0.5138, 0.5138, 0.5138, 0.5138, 0.5138, 0.5138, 0.5138, 0.5138, 0.5096, 0.5096, 0.5096, 0.5096, 0.5096, 0.5096, 0.5096, 0.5096, 0.5096, 0.5096, 0.6424, 0.6424, 0.6424, 0.6424, 0.6424, 0.6424, 0.6424, 0.6424, 0.6424, 0.6424, 0.4586, 0.4586, 0.4586, 0.4586, 0.4586, 0.4586, 0.4586, 0.4586, 0.4586, 0.4586, 0.4347, 0.4347, 0.4347, 0.4347, 0.4347, 0.4347, 0.4347, 0.4347, 0.4347, 0.4347, 0.5414, 0.5414, 0.5414, 0.5414, 0.5414, 0.5414, 0.5414, 0.5414, 0.5414, 0.5414, 0.6084, 0.6084, 0.6084, 0.6084, 0.6084, 0.6084, 0.6084, 0.6084, 0.6084, 0.6084, 0.6288, 0.6288, 0.6288, 0.6288, 0.6288, 0.6288, 0.6288, 0.6288, 0.6288, 0.6288, 0.4483, 0.4483, 0.4483, 0.4483, 0.4483, 0.4483, 0.4483, 0.4483, 0.4483, 0.4483, 0.3858, 0.3858, 0.3858, 0.3858, 0.3858, 0.3858, 0.3858, 0.3858, 0.3858, 0.3858, 0.3962, 0.3962, 0.3962, 0.3962, 0.3962, 0.3962, 0.3962, 0.3962, 0.3962, 0.3962, 0.5431, 0.5431, 0.5431, 0.5431, 0.5431, 0.5431, 0.5431, 0.5431, 0.5431, 0.5431, 0.6579, 0.6579, 0.6579, 0.6579, 0.6579, 0.6579, 0.6579, 0.6579, 0.6579, 0.6579, 0.7941, 0.7941, 0.7941, 0.7941, 0.7941, 0.7941, 0.7941, 0.7941, 0.7941, 0.7941, 0.4796, 0.4796, 0.4796, 0.4796, 0.4796, 0.4796, 0.4796, 0.4796, 0.4796, 0.4796, 0.7594, 0.7594, 0.7594, 0.7594, 0.7594, 0.7594, 0.7594, 0.7594, 0.7594, 0.7594, 0.6008, 0.6008, 0.6008, 0.6008, 0.6008, 0.6008, 0.6008, 0.6008, 0.6008, 0.6008, 0.3043, 0.3043, 0.3043, 0.3043, 0.3043, 0.3043, 0.3043, 0.3043, 0.3043, 0.3043, 0.498, 0.498, 0.498, 0.498, 0.498, 0.498, 0.498, 0.498, 0.498, 0.498, 0.6733, 0.6733, 0.6733, 0.6733, 0.6733, 0.6733, 0.6733, 0.6733, 0.6733, 0.6733, 0.5563, 0.5563, 0.5563, 0.5563, 0.5563, 0.5563, 0.5563, 0.5563, 0.5563, 0.5563, 0.6299, 0.6299, 0.6299, 0.6299, 0.6299, 0.6299, 0.6299, 0.6299, 0.6299, 0.6299, 0.5067, 0.5067, 0.5067, 0.5067, 0.5067, 0.5067, 0.5067, 0.5067, 0.5067, 0.5067, 0.4693, 0.4693, 0.4693, 0.4693, 0.4693, 0.4693, 0.4693, 0.4693, 0.4693, 0.4693, 0.3956, 0.3956, 0.3956, 0.3956, 0.3956, 0.3956, 0.3956, 0.3956, 0.3956, 0.3956, 0.4643, 0.4643, 0.4643, 0.4643, 0.4643, 0.4643, 0.4643, 0.4643, 0.4643, 0.4643, 0.4325, 0.4325, 0.4325, 0.4325, 0.4325, 0.4325, 0.4325, 0.4325, 0.4325, 0.4325, 0.2664, 0.2664, 0.2664, 0.2664, 0.2664, 0.2664, 0.2664, 0.2664, 0.2664, 0.2664, 0.8641, 0.8641, 0.8641, 0.8641, 0.8641, 0.8641, 0.8641, 0.8641, 0.8641, 0.8641, 0.6284, 0.6284, 0.6284, 0.6284, 0.6284, 0.6284, 0.6284, 0.6284, 0.6284, 0.6284, 0.6301, 0.6301, 0.6301, 0.6301, 0.6301, 0.6301, 0.6301, 0.6301, 0.6301, 0.6301, 0.6815, 0.6815, 0.6815, 0.6815, 0.6815, 0.6815, 0.6815, 0.6815, 0.6815, 0.6815, 0.4583, 0.4583, 0.4583, 0.4583, 0.4583, 0.4583, 0.4583, 0.4583, 0.4583, 0.4583, 0.3187, 0.3187, 0.3187, 0.3187, 0.3187, 0.3187, 0.3187, 0.3187, 0.3187, 0.3187, 0.8423, 0.8423, 0.8423, 0.8423, 0.8423, 0.8423, 0.8423, 0.8423, 0.8423, 0.8423, 0.4405, 0.4405, 0.4405, 0.4405, 0.4405, 0.4405, 0.4405, 0.4405, 0.4405, 0.4405, 0.5223, 0.5223, 0.5223, 0.5223, 0.5223, 0.5223, 0.5223, 0.5223, 0.5223, 0.5223, 0.5899, 0.5899, 0.5899, 0.5899, 0.5899, 0.5899, 0.5899, 0.5899, 0.5899, 0.5899, 0.3208, 0.3208, 0.3208, 0.3208, 0.3208, 0.3208, 0.3208, 0.3208, 0.3208, 0.3208, 0.5271, 0.5271, 0.5271, 0.5271, 0.5271, 0.5271, 0.5271, 0.5271, 0.5271, 0.5271, 0.5385, 0.5385, 0.5385, 0.5385, 0.5385, 0.5385, 0.5385, 0.5385, 0.5385, 0.5385, 0.3717, 0.3717, 0.3717, 0.3717, 0.3717, 0.3717, 0.3717, 0.3717, 0.3717, 0.3717, 0.3116, 0.3116, 0.3116, 0.3116, 0.3116, 0.3116, 0.3116, 0.3116, 0.3116, 0.3116, 0.1686, 0.1686, 0.1686, 0.1686, 0.1686, 0.1686, 0.1686, 0.1686, 0.1686, 0.1686, 0.4202, 0.4202, 0.4202, 0.4202, 0.4202, 0.4202, 0.4202, 0.4202, 0.4202, 0.4202, 0.5788, 0.5788, 0.5788, 0.5788, 0.5788, 0.5788, 0.5788, 0.5788, 0.5788, 0.5788, 0.8521, 0.8521, 0.8521, 0.8521, 0.8521, 0.8521, 0.8521, 0.8521, 0.8521, 0.8521, 0.4624, 0.4624, 0.4624, 0.4624, 0.4624, 0.4624, 0.4624, 0.4624, 0.4624, 0.4624, 0.674, 0.674, 0.674, 0.674, 0.674, 0.674, 0.674, 0.674, 0.674, 0.674, 0.7505, 0.7505, 0.7505, 0.7505, 0.7505, 0.7505, 0.7505, 0.7505, 0.7505, 0.7505, 0.9215, 0.9215, 0.9215, 0.9215, 0.9215, 0.9215, 0.9215, 0.9215, 0.9215, 0.9215, 0.6667, 0.6667, 0.6667, 0.6667, 0.6667, 0.6667, 0.6667, 0.6667, 0.6667, 0.6667, 0.4589, 0.4589, 0.4589, 0.4589, 0.4589, 0.4589, 0.4589, 0.4589, 0.4589, 0.4589, 0.4219, 0.4219, 0.4219, 0.4219, 0.4219, 0.4219, 0.4219, 0.4219, 0.4219, 0.4219, 0.2631, 0.2631, 0.2631, 0.2631, 0.2631, 0.2631, 0.2631, 0.2631, 0.2631, 0.2631, 0.8578, 0.8578, 0.8578, 0.8578, 0.8578, 0.8578, 0.8578, 0.8578, 0.8578, 0.8578, 0.622, 0.622, 0.622, 0.622, 0.622, 0.622, 0.622, 0.622, 0.622, 0.622, 0.7507, 0.7507, 0.7507, 0.7507, 0.7507, 0.7507, 0.7507, 0.7507, 0.7507, 0.7507, 0.7324, 0.7324, 0.7324, 0.7324, 0.7324, 0.7324, 0.7324, 0.7324, 0.7324, 0.7324, 0.5639, 0.5639, 0.5639, 0.5639, 0.5639, 0.5639, 0.5639, 0.5639, 0.5736, 0.5736, 0.5736, 0.5736, 0.5736, 0.5736, 0.5736, 0.5736, 0.5736, 0.5736, 0.5969, 0.5969, 0.5969, 0.5969, 0.5969, 0.5969, 0.5969, 0.5969, 0.5969, 0.5969, 0.5547, 0.5547, 0.5547, 0.5547, 0.5547, 0.5547, 0.5547, 0.5547, 0.5547, 0.5547, 0.333, 0.333, 0.333, 0.333, 0.333, 0.333, 0.333, 0.333, 0.333, 0.333, 0.5873, 0.5873, 0.5873, 0.5873, 0.5873, 0.5873, 0.5873, 0.5873, 0.5873, 0.5873, 0.5012, 0.5012, 0.5012, 0.5012, 0.5012, 0.5012, 0.5012, 0.5012, 0.5012, 0.5012, 0.0964, 0.0964, 0.0964, 0.0964, 0.0964, 0.0964, 0.0964, 0.0964, 0.0964, 0.0964, 0.2925, 0.2925, 0.2925, 0.2925, 0.2925, 0.2925, 0.2925, 0.2925, 0.2925, 0.2925, 0.158, 0.158, 0.158, 0.158, 0.158, 0.158, 0.158, 0.158, 0.158, 0.158, 0.3383, 0.3383, 0.3383, 0.3383, 0.3383, 0.3383, 0.3383, 0.3383, 0.3383, 0.3383, 0.1796, 0.1796, 0.1796, 0.1796, 0.1796, 0.1796, 0.1796, 0.1796, 0.1796, 0.1796, 0.2345, 0.2345, 0.2345, 0.2345, 0.2345, 0.2345, 0.2345, 0.2345, 0.2345, 0.2345, 0.2407, 0.2407, 0.2407, 0.2407, 0.2407, 0.2407, 0.2407, 0.2407, 0.2407, 0.2407, 0.2316, 0.2316, 0.2316, 0.2316, 0.2316, 0.2316, 0.2316, 0.2316, 0.2316, 0.2316, 0.3697, 0.3697, 0.3697, 0.3697, 0.3697, 0.3697, 0.3697, 0.3697, 0.3697, 0.3697, 0.0947, 0.0947, 0.0947, 0.0947, 0.0947, 0.0947, 0.0947, 0.0947, 0.0947, 0.0947, 0.4235, 0.4235, 0.4235, 0.4235, 0.4235, 0.4235, 0.4235, 0.4235, 0.4235, 0.4235, 0.2415, 0.2415, 0.2415, 0.2415, 0.2415, 0.2415, 0.2415, 0.2415, 0.2415, 0.2415, 0.1403, 0.1403, 0.1403, 0.1403, 0.1403, 0.1403, 0.1403, 0.1403, 0.1403, 0.1403, 0.1785, 0.1785, 0.1785, 0.1785, 0.1785, 0.1785, 0.1785, 0.1785, 0.1785, 0.1785, 0.1638, 0.1638, 0.1638, 0.1638, 0.1638, 0.1638, 0.1638, 0.1638, 0.1638, 0.1638, 0.378, 0.378, 0.378, 0.378, 0.378, 0.378, 0.378, 0.378, 0.378, 0.378, 0.3249, 0.3249, 0.3249, 0.3249, 0.3249, 0.3249, 0.3249, 0.3249, 0.3249, 0.3249, 0.3036, 0.3036, 0.3036, 0.3036, 0.3036, 0.3036, 0.3036, 0.3036, 0.3036, 0.3036, 0.4546, 0.4546, 0.4546, 0.4546, 0.4546, 0.4546, 0.4546, 0.4546, 0.4546, 0.4546, 0.1833, 0.1833, 0.1833, 0.1833, 0.1833, 0.1833, 0.1833, 0.1833, 0.1833, 0.1833, 0.2678, 0.2678, 0.2678, 0.2678, 0.2678, 0.2678, 0.2678, 0.2678, 0.2678, 0.2678, 0.5104, 0.5104, 0.5104, 0.5104, 0.5104, 0.5104, 0.5104, 0.5104, 0.5104, 0.5104, 0.1871, 0.1871, 0.1871, 0.1871, 0.1871, 0.1871, 0.1871, 0.1871, 0.1871, 0.1871, 0.4693, 0.4693, 0.4693, 0.4693, 0.4693, 0.4693, 0.4693, 0.4693, 0.4693, 0.4693, 0.2594, 0.2594, 0.2594, 0.2594, 0.2594, 0.2594, 0.2594, 0.2594, 0.2594, 0.2594, 0.4528, 0.4528, 0.4528, 0.4528, 0.4528, 0.4528, 0.4528, 0.4528, 0.4528, 0.4528, 0.3127, 0.3127, 0.3127, 0.3127, 0.3127, 0.3127, 0.3127, 0.3127, 0.3127, 0.3127, 0.4001, 0.4001, 0.4001, 0.4001, 0.4001, 0.4001, 0.4001, 0.4001, 0.4001, 0.4001, 0.2914, 0.2914, 0.2914, 0.2914, 0.2914, 0.2914, 0.2914, 0.2914, 0.2914, 0.2914, 0.3241, 0.3241, 0.3241, 0.3241, 0.3241, 0.3241, 0.3241, 0.3241, 0.3241, 0.3241, 0.2837, 0.2837, 0.2837, 0.2837, 0.2837, 0.2837, 0.2837, 0.2837, 0.2837, 0.2837, 0.2776, 0.2776, 0.2776, 0.2776, 0.2776, 0.2776, 0.2776, 0.2776, 0.2776, 0.2776, 0.4269, 0.4269, 0.4269, 0.4269, 0.4269, 0.4269, 0.4269, 0.4269, 0.4269, 0.4269, 0.3361, 0.3361, 0.3361, 0.3361, 0.3361, 0.3361, 0.3361, 0.3361, 0.3361, 0.3361, 0.5065, 0.5065, 0.5065, 0.5065, 0.5065, 0.5065, 0.5065, 0.5065, 0.5065, 0.5065, 0.2251, 0.2251, 0.2251, 0.2251, 0.2251, 0.2251, 0.2251, 0.2251, 0.2251, 0.2251, 0.6099, 0.6099, 0.6099, 0.6099, 0.6099, 0.6099, 0.6099, 0.6099, 0.6099, 0.6099, 0.5975, 0.5975, 0.5975, 0.5975, 0.5975, 0.5975, 0.5975, 0.5975, 0.5975, 0.5975, 0.3641, 0.3641, 0.3641, 0.3641, 0.3641, 0.3641, 0.3641, 0.3641, 0.3641, 0.3641, 0.3029, 0.3029, 0.3029, 0.3029, 0.3029, 0.3029, 0.3029, 0.3029, 0.3029, 0.3029, 0.1836, 0.1836, 0.1836, 0.1836, 0.1836, 0.1836, 0.1836, 0.1836, 0.1836, 0.1836, 0.4126, 0.4126, 0.4126, 0.4126, 0.4126, 0.4126, 0.4126, 0.4126, 0.4126, 0.4126, 0.2911, 0.2911, 0.2911, 0.2911, 0.2911, 0.2911, 0.2911, 0.2911, 0.2911, 0.2911, 0.4619, 0.4619, 0.4619, 0.4619, 0.4619, 0.4619, 0.4619, 0.4619, 0.4619, 0.4619, 0.2588, 0.2588, 0.2588, 0.2588, 0.2588, 0.2588, 0.2588, 0.2588, 0.2588, 0.2588, 0.2273, 0.2273, 0.2273, 0.2273, 0.2273, 0.2273, 0.2273, 0.2273, 0.2273, 0.2273, 0.2419, 0.2419, 0.2419, 0.2419, 0.2419, 0.2419, 0.2419, 0.2419, 0.2419, 0.2419, 0.2897, 0.2897, 0.2897, 0.2897, 0.2897, 0.2897, 0.2897, 0.2897, 0.2897, 0.2897, 0.5595, 0.5595, 0.5595, 0.5595, 0.5595, 0.5595, 0.5595, 0.5595, 0.5595, 0.5595, 0.4652, 0.4652, 0.4652, 0.4652, 0.4652, 0.4652, 0.4652, 0.4652, 0.4652, 0.4652, 0.4166, 0.4166, 0.4166, 0.4166, 0.4166, 0.4166, 0.4166, 0.4166, 0.4166, 0.4166, 0.3486, 0.3486, 0.3486, 0.3486, 0.3486, 0.3486, 0.3486, 0.3486, 0.3486, 0.3486, 0.3162, 0.3162, 0.3162, 0.3162, 0.3162, 0.3162, 0.3162, 0.3162, 0.3162, 0.3162, 0.2337, 0.2337, 0.2337, 0.2337, 0.2337, 0.2337, 0.2337, 0.2337, 0.2337, 0.2337, 0.2259, 0.2259, 0.2259, 0.2259, 0.2259, 0.2259, 0.2259, 0.2259, 0.2259, 0.2259, 0.3013, 0.3013, 0.3013, 0.3013, 0.3013, 0.3013, 0.3013, 0.3013, 0.3013, 0.3013, 0.3209, 0.3209, 0.3209, 0.3209, 0.3209, 0.3209, 0.3209, 0.3209, 0.3209, 0.3209, 0.597, 0.597, 0.597, 0.597, 0.597, 0.597, 0.597, 0.597, 0.597, 0.597, 0.3053, 0.3053, 0.3053, 0.3053, 0.3053, 0.3053, 0.3053, 0.3053, 0.3053, 0.3053, 0.1687, 0.1687, 0.1687, 0.1687, 0.1687, 0.1687, 0.1687, 0.1687, 0.1687, 0.1687, 0.3476, 0.3476, 0.3476, 0.3476, 0.3476, 0.3476, 0.3476, 0.3476, 0.3476, 0.3476, 0.1093, 0.1093, 0.1093, 0.1093, 0.1093, 0.1093, 0.1093, 0.1093, 0.1093, 0.1093, 0.1949, 0.1949, 0.1949, 0.1949, 0.1949, 0.1949, 0.1949, 0.1949, 0.1949, 0.1949, 0.4339, 0.4339, 0.4339, 0.4339, 0.4339, 0.4339, 0.4339, 0.4339, 0.4339, 0.4339, 0.6404, 0.6404, 0.6404, 0.6404, 0.6404, 0.6404, 0.6404, 0.6404, 0.6404, 0.6404, 0.423, 0.423, 0.423, 0.423, 0.423, 0.423, 0.423, 0.423, 0.423, 0.423, 0.4051, 0.4051, 0.4051, 0.4051, 0.4051, 0.4051, 0.4051, 0.4051, 0.4051, 0.4051, 0.2017, 0.2017, 0.2017, 0.2017, 0.2017, 0.2017, 0.2017, 0.2017, 0.2017, 0.2017, 0.3973, 0.3973, 0.3973, 0.3973, 0.3973, 0.3973, 0.3973, 0.3973, 0.3973, 0.3973, 0.3273, 0.3273, 0.3273, 0.3273, 0.3273, 0.3273, 0.3273, 0.3273, 0.3273, 0.3273, 0.1423, 0.1423, 0.1423, 0.1423, 0.1423, 0.1423, 0.1423, 0.1423, 0.1423, 0.1423, 0.3904, 0.3904, 0.3904, 0.3904, 0.3904, 0.3904, 0.1338, 0.1338, 0.1338, 0.1338, 0.1338, 0.1338, 0.1338, 0.1338, 0.1338, 0.1338, 0.2026, 0.2026, 0.2026, 0.2026, 0.2026, 0.2026, 0.2026, 0.2026, 0.2026, 0.2026, 0.3628, 0.3628, 0.3628, 0.3628, 0.3628, 0.3628, 0.3628, 0.3628, 0.3628, 0.3628, 0.1214, 0.1214, 0.1214, 0.1214, 0.1214, 0.1214, 0.1214, 0.1214, 0.1214, 0.1214, 0.0639, 0.0639, 0.0639, 0.0639, 0.0639, 0.0639, 0.0639, 0.0639, 0.0639, 0.0639, 0.4326, 0.4326, 0.4326, 0.4326, 0.4326, 0.4326, 0.4326, 0.4326, 0.4326, 0.4326, 0.2671, 0.2671, 0.2671, 0.2671, 0.2671, 0.2671, 0.2671, 0.2671, 0.2671, 0.2671, 0.0784, 0.0784, 0.0784, 0.0784, 0.0784, 0.0784, 0.0784, 0.0784, 0.0784, 0.0784, 0.4595, 0.4595, 0.4595, 0.4595, 0.4595, 0.4595, 0.4595, 0.4595, 0.4595, 0.4595, 0.2654, 0.2654, 0.2654, 0.2654, 0.2654, 0.2654, 0.2654, 0.2654, 0.2654, 0.2654, 0.1575, 0.1575, 0.1575, 0.1575, 0.1575, 0.1575, 0.1575, 0.1575, 0.1575, 0.1575, 0.2786, 0.2786, 0.2786, 0.2786, 0.2786, 0.2786, 0.2786, 0.2786, 0.2786, 0.2786, 0.4614, 0.4614, 0.4614, 0.4614, 0.4614, 0.4614, 0.4614, 0.4614, 0.4614, 0.4614, 0.1325, 0.1325, 0.1325, 0.1325, 0.1325, 0.1325, 0.1325, 0.1325, 0.1325, 0.1325, 0.1491, 0.1491, 0.1491, 0.1491, 0.1491, 0.1491, 0.1491, 0.1491, 0.1491, 0.1491, 0.4158, 0.4158, 0.4158, 0.4158, 0.4158, 0.4158, 0.4158, 0.4158, 0.4158, 0.4158, 0.273, 0.273, 0.273, 0.273, 0.273, 0.273, 0.273, 0.273, 0.273, 0.273, 0.2626, 0.2626, 0.2626, 0.2626, 0.2626, 0.2626, 0.2626, 0.2626, 0.2626, 0.2626, 0.1521, 0.1521, 0.1521, 0.1521, 0.1521, 0.1521, 0.1521, 0.1521, 0.1521, 0.1521, 0.6198, 0.6198, 0.6198, 0.6198, 0.6198, 0.6198, 0.6198, 0.6198, 0.6198, 0.6198, 0.1407, 0.1407, 0.1407, 0.1407, 0.1407, 0.1407, 0.1407, 0.1407, 0.1407, 0.1407, 0.3388, 0.3388, 0.3388, 0.3388, 0.3388, 0.3388, 0.3388, 0.3388, 0.3388, 0.3388, 0.1563, 0.1563, 0.1563, 0.1563, 0.1563, 0.1563, 0.1563, 0.1563, 0.1563, 0.1563, 0.1358, 0.1358, 0.1358, 0.1358, 0.1358, 0.1358, 0.1358, 0.1358, 0.1358, 0.1358, 0.1705, 0.1705, 0.1705, 0.1705, 0.1705, 0.1705, 0.1705, 0.1705, 0.1705, 0.1705, 0.2265, 0.2265, 0.2265, 0.2265, 0.2265, 0.2265, 0.2265, 0.2265, 0.2265, 0.2265, 0.1249, 0.1249, 0.1249, 0.1249, 0.1249, 0.1249, 0.1249, 0.1249, 0.1249, 0.1249, 0.1093, 0.1093, 0.1093, 0.1093, 0.1093, 0.1093, 0.1093, 0.1093, 0.1093, 0.1093, 0.4233, 0.4233, 0.4233, 0.4233, 0.4233, 0.4233, 0.4233, 0.4233, 0.4233, 0.4233, 0.4036, 0.4036, 0.4036, 0.4036, 0.4036, 0.4036, 0.4036, 0.4036, 0.4036, 0.4036, 0.0543, 0.0543, 0.0543, 0.0543, 0.0543, 0.0543, 0.0543, 0.0543, 0.0543, 0.0543, 0.1204, 0.1204, 0.1204, 0.1204, 0.1204, 0.1204, 0.1204, 0.1204, 0.1204, 0.1204, 0.3267, 0.3267, 0.3267, 0.3267, 0.3267, 0.3267, 0.3267, 0.3267, 0.3267, 0.3267, 0.1117, 0.1117, 0.1117, 0.1117, 0.1117, 0.1117, 0.1117, 0.1117, 0.1117, 0.1117, 0.1013, 0.1013, 0.1013, 0.1013, 0.1013, 0.1013, 0.1013, 0.1013, 0.1013, 0.1013, 0.3228, 0.3228, 0.3228, 0.3228, 0.3228, 0.3228, 0.3228, 0.3228, 0.3228, 0.3228, 0.2917, 0.2917, 0.2917, 0.2917, 0.2917, 0.2917, 0.2917, 0.2917, 0.2917, 0.2917, 0.3816, 0.3816, 0.3816, 0.3816, 0.3816, 0.3816, 0.3816, 0.3816, 0.3816, 0.3816, 0.2092, 0.2092, 0.2092, 0.2092, 0.2092, 0.2092, 0.2092, 0.2092, 0.2092, 0.2092, 0.124, 0.124, 0.124, 0.124, 0.124, 0.124, 0.124, 0.124, 0.124, 0.124, 0.4002, 0.4002, 0.4002, 0.4002, 0.4002, 0.4002, 0.4002, 0.4002, 0.4002, 0.4002, 0.1883, 0.1883, 0.1883, 0.1883, 0.1883, 0.1883, 0.1883, 0.1883, 0.1883, 0.1883, 0.2507, 0.2507, 0.2507, 0.2507, 0.2507, 0.2507, 0.2507, 0.2507, 0.2507, 0.2507, 0.4216, 0.4216, 0.4216, 0.4216, 0.4216, 0.4216, 0.4216, 0.4216, 0.4216, 0.4216, 0.0762, 0.0762, 0.0762, 0.0762, 0.0762, 0.0762, 0.0762, 0.0762, 0.0762, 0.0762, 0.5203, 0.5203, 0.5203, 0.5203, 0.5203, 0.5203, 0.5203, 0.5203, 0.5203, 0.5203, 0.0877, 0.0877, 0.0877, 0.0877, 0.0877, 0.0877, 0.0877, 0.0877, 0.0877, 0.0877, 0.0959, 0.0959, 0.0959, 0.0959, 0.0959, 0.0959, 0.0959, 0.0959, 0.0959, 0.0959, 0.2595, 0.2595, 0.2595, 0.2595, 0.2595, 0.2595, 0.2595, 0.2595, 0.2595, 0.2595, 0.3333, 0.3333, 0.3333, 0.3333, 0.3333, 0.3333, 0.3333, 0.3333, 0.3333, 0.3333, 0.376, 0.376, 0.376, 0.376, 0.376, 0.376, 0.376, 0.376, 0.376, 0.376, 0.0595, 0.0595, 0.0595, 0.0595, 0.0595, 0.0595, 0.0595, 0.0595, 0.0595, 0.0595, 0.0526, 0.0526, 0.0526, 0.0526, 0.0526, 0.0526, 0.0526, 0.0526, 0.0526, 0.0526, 0.0053, 0.0053, 0.0053, 0.0053, 0.0053, 0.0053, 0.0053, 0.0053, 0.0053, 0.0053, 0.2495, 0.2495, 0.2495, 0.2495, 0.2495, 0.2495, 0.2495, 0.2495, 0.2495, 0.2495, 0.1015, 0.1015, 0.1015, 0.1015, 0.1015, 0.1015, 0.1015, 0.1015, 0.1015, 0.1015, 0.5055, 0.5055, 0.5055, 0.5055, 0.5055, 0.5055, 0.5055, 0.5055, 0.5055, 0.5055, 0.2503, 0.2503, 0.2503, 0.2503, 0.2503, 0.2503, 0.2503, 0.2503, 0.2503, 0.2503, 0.2801, 0.2801, 0.2801, 0.2801, 0.2801, 0.2801, 0.2801, 0.2801, 0.2801, 0.2801, 0.2065, 0.2065, 0.2065, 0.2065, 0.2065, 0.2065, 0.2065, 0.2065, 0.2065, 0.2065, 0.2179, 0.2179, 0.2179, 0.2179, 0.2179, 0.2179, 0.2179, 0.2179, 0.2179, 0.2179, 0.2756, 0.2756, 0.2756, 0.2756, 0.2756, 0.2756, 0.2756, 0.2756, 0.2756, 0.2756, 0.1598, 0.1598, 0.1598, 0.1598, 0.1598, 0.1598, 0.1598, 0.1598, 0.1598, 0.1598, 0.095, 0.095, 0.095, 0.095, 0.095, 0.095, 0.095, 0.095, 0.095, 0.095, 0.5033, 0.5033, 0.5033, 0.5033, 0.5033, 0.5033, 0.5033, 0.5033, 0.5033, 0.5033, 0.2023, 0.2023, 0.2023, 0.2023, 0.2023, 0.2023, 0.2023, 0.2023, 0.2023, 0.2023, 0.0416, 0.0416, 0.0416, 0.0416, 0.0416, 0.0416, 0.0416, 0.0416, 0.0416, 0.0416, 0.16, 0.16, 0.16, 0.16, 0.16, 0.16, 0.16, 0.16, 0.16, 0.16, 0.2843, 0.2843, 0.2843, 0.2843, 0.2843, 0.2843, 0.2843, 0.2843, 0.2843, 0.2843, 0.2673, 0.2673, 0.2673, 0.2673, 0.2673, 0.2673, 0.2673, 0.2673, 0.2673, 0.2673, 0.3605, 0.3605, 0.3605, 0.3605, 0.3605, 0.3605, 0.3605, 0.3605, 0.3605, 0.3605, 0.2176, 0.2176, 0.2176, 0.2176, 0.2176, 0.2176, 0.2176, 0.2176, 0.2176, 0.2176, 0.2713, 0.2713, 0.2713, 0.2713, 0.2713, 0.2713, 0.2713, 0.2713, 0.2713, 0.2713, 0.0161, 0.0161, 0.0161, 0.0161, 0.0161, 0.0161, 0.0161, 0.0161, 0.0161, 0.0161, 0.2156, 0.2156, 0.2156, 0.2156, 0.2156, 0.2156, 0.2156, 0.2156, 0.2156, 0.2156, 0.0563, 0.0563, 0.0563, 0.0563, 0.0563, 0.0563, 0.0563, 0.0563, 0.0563, 0.0563, 0.0543, 0.0543, 0.0543, 0.0543, 0.0543, 0.0543, 0.0543, 0.0543, 0.0543, 0.0543, 0.1963, 0.1963, 0.1963, 0.1963, 0.1534, 0.1534, 0.1534, 0.1534, 0.1534, 0.1534, 0.1534, 0.1534, 0.1534, 0.1534, 0.0147, 0.0147, 0.0147, 0.0147, 0.0147, 0.0147, 0.0147, 0.0147, 0.0147, 0.0147, 0.1635, 0.1635, 0.1635, 0.1635, 0.1635, 0.1635, 0.1635, 0.1635, 0.1635, 0.1635, 0.3601, 0.3601, 0.3601, 0.3601, 0.3601, 0.3601, 0.3601, 0.3601, 0.3601, 0.3601, 0.0704, 0.0704, 0.0704, 0.0704, 0.0704, 0.0704, 0.0704, 0.0704, 0.0704, 0.0704, 0.4591, 0.4591, 0.4591, 0.4591, 0.4591, 0.4591, 0.4591, 0.4591, 0.4591, 0.4591, 0.2194, 0.2194, 0.2194, 0.2194, 0.2194, 0.2194, 0.2194, 0.2194, 0.2194, 0.2194, 0.0539, 0.0539, 0.0539, 0.0539, 0.0539, 0.0539, 0.0539, 0.0539, 0.0539, 0.0539, 0.0928, 0.0928, 0.0928, 0.0928, 0.0928, 0.0928, 0.0928, 0.0928, 0.0928, 0.0928, 0.1525, 0.1525, 0.1525, 0.1525, 0.1525, 0.1525, 0.1525, 0.1525, 0.1525, 0.1525, 0.0827, 0.0827, 0.0827, 0.0827, 0.0827, 0.0827, 0.0827, 0.0827, 0.0827, 0.0827, 0.2906, 0.2906, 0.2906, 0.2906, 0.2906, 0.2906, 0.2906, 0.2906, 0.2906, 0.2906, 0.0918, 0.0918, 0.0918, 0.0918, 0.0918, 0.0918, 0.0918, 0.0918, 0.0918, 0.0918, 0.1352, 0.1352, 0.1352, 0.1352, 0.1352, 0.1352, 0.1352, 0.1352, 0.1352, 0.1352, 0.3489, 0.3489, 0.3489, 0.3489, 0.3489, 0.3489, 0.3489, 0.3489, 0.3489, 0.3489, 0.1309, 0.1309, 0.1309, 0.1309, 0.1309, 0.1309, 0.1309, 0.1309, 0.1309, 0.1309, 0.1258, 0.1258, 0.1258, 0.1258, 0.1258, 0.1258, 0.1258, 0.1258, 0.1258, 0.1258, 0.2974, 0.2974, 0.2974, 0.2974, 0.2974, 0.2974, 0.2974, 0.2974, 0.2974, 0.2974, 0.1339, 0.1339, 0.1339, 0.1339, 0.1339, 0.1339, 0.1339, 0.1339, 0.1339, 0.1339, 0.2545, 0.2545, 0.2545, 0.2545, 0.2545, 0.2545, 0.2545, 0.2545, 0.2545, 0.2545, 0.2182, 0.2182, 0.2182, 0.2182, 0.2182, 0.2182, 0.2182, 0.2182, 0.2182, 0.2182, 0.0928, 0.0928, 0.0928, 0.0928, 0.0928, 0.0928, 0.0928, 0.0928, 0.0928, 0.0928, 0.1716, 0.1716, 0.1716, 0.1716, 0.1716, 0.1716, 0.1716, 0.1716, 0.1716, 0.1716, 0.2596, 0.2596, 0.2596, 0.2596, 0.2596, 0.2596, 0.2596, 0.2596, 0.2596, 0.2596, 0.4319, 0.4319, 0.4319, 0.4319, 0.4319, 0.4319, 0.4319, 0.4319, 0.4319, 0.4319, 0.0701, 0.0701, 0.0701, 0.0701, 0.0701, 0.0701, 0.0701, 0.0701, 0.0701, 0.0701, 0.1786, 0.1786, 0.1786, 0.1786, 0.1786, 0.1786, 0.1786, 0.1786, 0.1786, 0.1786, 0.147, 0.147, 0.147, 0.147, 0.147, 0.147, 0.147, 0.147, 0.147, 0.147, 0.1935, 0.1935, 0.1935, 0.1935, 0.1935, 0.1935, 0.1935, 0.1935, 0.1935, 0.1935, 0.5598, 0.5598, 0.5598, 0.5598, 0.5598, 0.5598, 0.5598, 0.5598, 0.5598, 0.5598, 0.2063, 0.2063, 0.2063, 0.2063, 0.2063, 0.2063, 0.2063, 0.2063, 0.2063, 0.2063, 0.0751, 0.0751, 0.0751, 0.0751, 0.0751, 0.0751, 0.0751, 0.0751, 0.0751, 0.0751, 0.0547, 0.0547, 0.0547, 0.0547, 0.0547, 0.0547, 0.0547, 0.0547, 0.0547, 0.0547, 0.153, 0.153, 0.153, 0.153, 0.153, 0.153, 0.153, 0.153, 0.153, 0.153, 0.0893, 0.0893, 0.0893, 0.0893, 0.0893, 0.0893, 0.0893, 0.0893, 0.0893, 0.0893, 0.1763, 0.1763, 0.1763, 0.1763, 0.1763, 0.1763, 0.1763, 0.1763, 0.1763, 0.1763, 0.0059, 0.0059, 0.0059, 0.0059, 0.0059, 0.0059, 0.0059, 0.0059, 0.0059, 0.0059, 0.2392, 0.2392, 0.2392, 0.2392, 0.2392, 0.2392, 0.2392, 0.2392, 0.2392, 0.2392, 0.0094, 0.0094, 0.0094, 0.0094, 0.0094, 0.0094, 0.0094, 0.0094, 0.0094, 0.0094, 0.0909, 0.0909, 0.0909, 0.0909, 0.0909, 0.0909, 0.0909, 0.0909, 0.0909, 0.0909, 0.0679, 0.0679, 0.0679, 0.0679, 0.0679, 0.0679, 0.0679, 0.0679, 0.0679, 0.0679, 0.2478, 0.2478, 0.2478, 0.2478, 0.2478, 0.2478, 0.2478, 0.2478, 0.2478, 0.2478, 0.0826, 0.0826, 0.0826, 0.0826, 0.0826, 0.0826, 0.0826, 0.0826, 0.0826, 0.0826, 0.05, 0.05, 0.05, 0.05, 0.05, 0.05, 0.05, 0.05, 0.05, 0.05, 0.0847, 0.0847, 0.0847, 0.0847, 0.0847, 0.0847, 0.0847, 0.0847, 0.0847, 0.0847, 0.0812, 0.0812, 0.0812, 0.0812, 0.0812, 0.0812, 0.0812, 0.0812, 0.0812, 0.0812, 0.1207, 0.1207, 0.1207, 0.1207, 0.1207, 0.1207, 0.1207, 0.1207, 0.1207, 0.1207, 0.1941, 0.1941, 0.1941, 0.1941, 0.1941, 0.1941, 0.1941, 0.1941, 0.1941, 0.1941, 0.4793, 0.4793, 0.4793, 0.4793, 0.4793, 0.4793, 0.4793, 0.4793, 0.4793, 0.4793, 0.2302, 0.2302, 0.2302, 0.2302, 0.2302, 0.2302, 0.2302, 0.2302, 0.2302, 0.2302, 0.1748, 0.1748, 0.1748, 0.1748, 0.1748, 0.1748, 0.1748, 0.1748, 0.1748, 0.1748, 0.0764, 0.0764, 0.0764, 0.0764, 0.0764, 0.0764, 0.0764, 0.0764, 0.0764, 0.0764, 0.0654, 0.0654, 0.0654, 0.0654, 0.0654, 0.0654, 0.0654, 0.0654, 0.0654, 0.0654, 0.0677, 0.0677, 0.0677, 0.0677, 0.0677, 0.0677, 0.0677, 0.0677, 0.0677, 0.0677, 0.0047, 0.0047, 0.0047, 0.0047, 0.0047, 0.0047, 0.0047, 0.0047, 0.0047, 0.0047, 0.1319, 0.1319, 0.1319, 0.1319, 0.1319, 0.1319, 0.1319, 0.1319, 0.1319, 0.1319, 0.1093, 0.1093, 0.1093, 0.1093, 0.1093, 0.1093, 0.1093, 0.1093, 0.1093, 0.1093, 0.0858, 0.0858, 0.0858, 0.0858, 0.0858, 0.0858, 0.0858, 0.0858, 0.0858, 0.0858, 0.0927, 0.0927, 0.0927, 0.0927, 0.0927, 0.0927, 0.0927, 0.0927, 0.0927, 0.0927, 0.2325, 0.2325, 0.2325, 0.2325, 0.2325, 0.2325, 0.2325, 0.2325, 0.2325, 0.2325, 0.1335, 0.1335, 0.1335, 0.1335, 0.1335, 0.1335, 0.1335, 0.1335, 0.1335, 0.1335, 0.2736, 0.2736, 0.2736, 0.2736, 0.2736, 0.2736, 0.2736, 0.2736, 0.2736, 0.2736, 0.0543, 0.0543, 0.0543, 0.0543, 0.0543, 0.0543, 0.0543, 0.0543, 0.0543, 0.0543, 0.0582, 0.0582, 0.0582, 0.0582, 0.0582, 0.0582, 0.0582, 0.0582, 0.0582, 0.0582, 0.2268, 0.2268, 0.2268, 0.2268, 0.2268, 0.2268, 0.2268, 0.2268, 0.2268, 0.2268, 0.2244, 0.2244, 0.2244, 0.2244, 0.2244, 0.2244, 0.2244, 0.2244, 0.2244, 0.2244, 0.2894, 0.2894, 0.2894, 0.2894, 0.2894, 0.2894, 0.2894, 0.2894, 0.2894, 0.2894, 0.133, 0.133, 0.133, 0.133, 0.133, 0.133, 0.133, 0.133, 0.133, 0.133, 0.1444, 0.1444, 0.1444, 0.1444, 0.1444, 0.1444, 0.1444, 0.1444, 0.1444, 0.1444, 0.0798, 0.0798, 0.0798, 0.0798, 0.0798, 0.0798, 0.0798, 0.0798, 0.0798, 0.0798, 0.3154, 0.3154, 0.3154, 0.3154, 0.3154, 0.3154, 0.3154, 0.3154, 0.3154, 0.3154, 0.1297, 0.1297, 0.1297, 0.1297, 0.1297, 0.1297, 0.1297, 0.1297, 0.1297, 0.1297, 0.1307, 0.1307, 0.1307, 0.1307, 0.1307, 0.1307, 0.1307, 0.1307, 0.1307, 0.1307, 0.0131, 0.0131, 0.0131, 0.0131, 0.0131, 0.0131, 0.0131, 0.0131, 0.0131, 0.0131, 0.2878, 0.2878, 0.2878, 0.2878, 0.2878, 0.2878, 0.2878, 0.2878, 0.2878, 0.2878, 0.0641, 0.0641, 0.0641, 0.0641, 0.0641, 0.0641, 0.0641, 0.0641, 0.0641, 0.0641, 0.1201, 0.1201, 0.1201, 0.1201, 0.1201, 0.1201, 0.1201, 0.1201, 0.1201, 0.1201, 0.1226, 0.1226, 0.1742, 0.1742, 0.1742, 0.1742, 0.1742, 0.1742, 0.1742, 0.1742, 0.1742, 0.1742, 0.1373, 0.1373, 0.1373, 0.1373, 0.1373, 0.1373, 0.1373, 0.1373, 0.1373, 0.1373, 0.0336, 0.0336, 0.0336, 0.0336, 0.0336, 0.0336, 0.0336, 0.0336, 0.0336, 0.0336, 0.019, 0.019, 0.019, 0.019, 0.019, 0.019, 0.019, 0.019, 0.019, 0.019, 0.1145, 0.1145, 0.1145, 0.1145, 0.1145, 0.1145, 0.1145, 0.1145, 0.1145, 0.1145, 0.0028, 0.0028, 0.0028, 0.0028, 0.0028, 0.0028, 0.0028, 0.0028, 0.0028, 0.0028, 0.0043, 0.0043, 0.0043, 0.0043, 0.0043, 0.0043, 0.0043, 0.0043, 0.0043, 0.0043, 0.0914, 0.0914, 0.0914, 0.0914, 0.0914, 0.0914, 0.0914, 0.0914, 0.0914, 0.0914, 0.2551, 0.2551, 0.2551, 0.2551, 0.2551, 0.2551, 0.2551, 0.2551, 0.2551, 0.2551, 0.2621, 0.2621, 0.2621, 0.2621, 0.2621, 0.2621, 0.2621, 0.2621, 0.2621, 0.2621, 0.1005, 0.1005, 0.1005, 0.1005, 0.1005, 0.1005, 0.1005, 0.1005, 0.1005, 0.1005, 0.0046, 0.0046, 0.0046, 0.0046, 0.0046, 0.0046, 0.0046, 0.0046, 0.0046, 0.0046, 0.1011, 0.1011, 0.1011, 0.1011, 0.1011, 0.1011, 0.1011, 0.1011, 0.1011, 0.1011, 0.0031, 0.0031, 0.0031, 0.0031, 0.0031, 0.0031, 0.0031, 0.0031, 0.0031, 0.0031, 0.0836, 0.0836, 0.0836, 0.0836, 0.0836, 0.0836, 0.0836, 0.0836, 0.0836, 0.0836, 0.067, 0.067, 0.067, 0.067, 0.067, 0.067, 0.067, 0.067, 0.067, 0.067, 0.1745, 0.1745, 0.1745, 0.1745, 0.1745, 0.1745, 0.1745, 0.1745, 0.1745, 0.1745, 0.0034, 0.0034, 0.0034, 0.0034, 0.0034, 0.0034, 0.0034, 0.0034, 0.0034, 0.0034, 0.2631, 0.2631, 0.2631, 0.2631, 0.2631, 0.2631, 0.2631, 0.2631, 0.2631, 0.2631, 0.3221, 0.3221, 0.3221, 0.3221, 0.3221, 0.3221, 0.3221, 0.3221, 0.3221, 0.3221, 0.1429, 0.1429, 0.1429, 0.1429, 0.1429, 0.1429, 0.1429, 0.1429, 0.1429, 0.1429, 0.0959, 0.0959, 0.0959, 0.0959, 0.0959, 0.0959, 0.0959, 0.0959, 0.0959, 0.0959, 0.0029, 0.0029, 0.0029, 0.0029, 0.0029, 0.0029, 0.0029, 0.0029, 0.0029, 0.0029, 0.0029, 0.0029, 0.0029, 0.0029, 0.0029, 0.0029, 0.0029, 0.0029, 0.0029, 0.0029, 0.0027, 0.0027, 0.0027, 0.0027, 0.0027, 0.0027, 0.0027, 0.0027, 0.0027, 0.0027, 0.2496, 0.2496, 0.2496, 0.2496, 0.2496, 0.2496, 0.2496, 0.2496, 0.2496, 0.2496, 0.0025, 0.0025, 0.0025, 0.0025, 0.0025, 0.0025, 0.0025, 0.0025, 0.0025, 0.0025, 0.1771, 0.1771, 0.1771, 0.1771, 0.1771, 0.1771, 0.1771, 0.1771, 0.1771, 0.1771, 0.0823, 0.0823, 0.0823, 0.0823, 0.0823, 0.0823, 0.0823, 0.0823, 0.0823, 0.0823, 0.2471, 0.2471, 0.2471, 0.2471, 0.2471, 0.2471, 0.2471, 0.2471, 0.2471, 0.2471, 0.1704, 0.1704, 0.1704, 0.1704, 0.1704, 0.1704, 0.1704, 0.1704, 0.1704, 0.1704, 0.1622, 0.1622, 0.1622, 0.1622, 0.1622, 0.1622, 0.1622, 0.1622, 0.1622, 0.1622, 0.2886, 0.2886, 0.2886, 0.2886, 0.2886, 0.2886, 0.2886, 0.2886, 0.2886, 0.2886, 0.0929, 0.0929, 0.0929, 0.0929, 0.0929, 0.0929, 0.0929, 0.0929, 0.0929, 0.0929, 0.0669, 0.0669, 0.0669, 0.0669, 0.0669, 0.0669, 0.0669, 0.0669, 0.0669, 0.0669, 0.0062, 0.0062, 0.0062, 0.0062, 0.0062, 0.0062, 0.0062, 0.0062, 0.0062, 0.0062, 0.5965, 0.5965, 0.5965, 0.5965, 0.5965, 0.5965, 0.5965, 0.5965, 0.5965, 0.5965, 0.0957, 0.0957, 0.0957, 0.0957, 0.0957, 0.0957, 0.0957, 0.0957, 0.0957, 0.0957, 0.0836, 0.0836, 0.0836, 0.0836, 0.0836, 0.0836, 0.0836, 0.0836, 0.0836, 0.0836, 0.0036, 0.0036, 0.0036, 0.0036, 0.0036, 0.0036, 0.0036, 0.0036, 0.0036, 0.0036, 0.1682, 0.1682, 0.1682, 0.1682, 0.1682, 0.1682, 0.1682, 0.1682, 0.1682, 0.1682, 0.0934, 0.0934, 0.0934, 0.0934, 0.0934, 0.0934, 0.0934, 0.0934, 0.0934, 0.0934, 0.069, 0.069, 0.069, 0.069, 0.069, 0.069, 0.069, 0.069, 0.069, 0.069, 0.0558, 0.0558, 0.0558, 0.0558, 0.0558, 0.0558, 0.0558, 0.0558, 0.0558, 0.0558, 0.1892, 0.1892, 0.1892, 0.1892, 0.1892, 0.1892, 0.1892, 0.1892, 0.1892, 0.1892, 0.0928, 0.0928, 0.0928, 0.0928, 0.0928, 0.0928, 0.0928, 0.0928, 0.0928, 0.0928, 0.0034, 0.0034, 0.0034, 0.0034, 0.0034, 0.0034, 0.0034, 0.0034, 0.0034, 0.0034, 0.3213, 0.3213, 0.3213, 0.3213, 0.3213, 0.3213, 0.3213, 0.3213, 0.3213, 0.3213, 0.0051, 0.0051, 0.0051, 0.0051, 0.0051, 0.0051, 0.0051, 0.0051, 0.0051, 0.0051, 0.0462, 0.0462, 0.0462, 0.0462, 0.0462, 0.0462, 0.0462, 0.0462, 0.0462, 0.0462, 0.2063, 0.2063, 0.2063, 0.2063, 0.2063, 0.2063, 0.2063, 0.2063, 0.2063, 0.2063, 0.0428, 0.0428, 0.0428, 0.0428, 0.0428, 0.0428, 0.0428, 0.0428, 0.0428, 0.0428, 0.1032, 0.1032, 0.1032, 0.1032, 0.1032, 0.1032, 0.1032, 0.1032, 0.1032, 0.1032, 0.0562, 0.0562, 0.0562, 0.0562, 0.0562, 0.0562, 0.0562, 0.0562, 0.0562, 0.0562, 0.0143, 0.0143, 0.0143, 0.0143, 0.0143, 0.0143, 0.0143, 0.0143, 0.0143, 0.0143, 0.218, 0.218, 0.218, 0.218, 0.218, 0.218, 0.218, 0.218, 0.218, 0.218, 0.0703, 0.0703, 0.0703, 0.0703, 0.0703, 0.0703, 0.0703, 0.0703, 0.0703, 0.0703, 0.0087, 0.0087, 0.0087, 0.0087, 0.0087, 0.0087, 0.0087, 0.0087, 0.0087, 0.0087, 0.166, 0.166, 0.166, 0.166, 0.166, 0.166, 0.166, 0.166, 0.166, 0.166, 0.0447, 0.0447, 0.0447, 0.0447, 0.0447, 0.0447, 0.0447, 0.0447, 0.0447, 0.0447, 0.2358, 0.2358, 0.2358, 0.2358, 0.2358, 0.2358, 0.2358, 0.2358, 0.2358, 0.2358, 0.2652, 0.2652, 0.2652, 0.2652, 0.2652, 0.2652, 0.2652, 0.2652, 0.2652, 0.2652, 0.0021, 0.0021, 0.0021, 0.0021, 0.0021, 0.0021, 0.0021, 0.0021, 0.0021, 0.0021, 0.2613, 0.2613, 0.2613, 0.2613, 0.2613, 0.2613, 0.2613, 0.2613, 0.2613, 0.2613, 0.276, 0.276, 0.276, 0.276, 0.276, 0.276, 0.276, 0.276, 0.276, 0.276, 0.0256, 0.0256, 0.0256, 0.0256, 0.0256, 0.0256, 0.0256, 0.0256, 0.0256, 0.0256, 0.1034, 0.1034, 0.1034, 0.1034, 0.1034, 0.1034, 0.1034, 0.1034, 0.1034, 0.1034, 0.0376, 0.0376, 0.0376, 0.0376, 0.0376, 0.0376, 0.0376, 0.0376, 0.0376, 0.0376, 0.3169, 0.3169, 0.3169, 0.3169, 0.3169, 0.3169, 0.3169, 0.3169, 0.3169, 0.3169, 0.1918, 0.1918, 0.1918, 0.1918, 0.1918, 0.1918, 0.1918, 0.1918, 0.1918, 0.1918, 0.0585, 0.0585, 0.0585, 0.0585, 0.0585, 0.0585, 0.0585, 0.0585, 0.0585, 0.0585, 0.1596, 0.1596, 0.1596, 0.1596, 0.1596, 0.1596, 0.1596, 0.1596, 0.1596, 0.1596, 0.1358, 0.1358, 0.1358, 0.1358, 0.1358, 0.1358, 0.1358, 0.1358, 0.1358, 0.1358, 0.133, 0.133, 0.133, 0.133, 0.133, 0.133, 0.133, 0.133, 0.133, 0.133, 0.0282, 0.0282, 0.0282, 0.0282, 0.0282, 0.0282, 0.0282, 0.0282, 0.0282, 0.0282, 0.2048, 0.2048, 0.2048, 0.2048, 0.2048, 0.2048, 0.2048, 0.2048, 0.2048, 0.2048, 0.1502, 0.1502, 0.1502, 0.1502, 0.1502, 0.1502, 0.1502, 0.1502, 0.1502, 0.1502, 0.3111, 0.3111, 0.3111, 0.3111, 0.3111, 0.3111, 0.3111, 0.3111, 0.3111, 0.3111, 0.0594, 0.0594, 0.0594, 0.0594, 0.0594, 0.0594, 0.0594, 0.0594, 0.0594, 0.0594, 0.0065, 0.0065, 0.0065, 0.0065, 0.0065, 0.0065, 0.0065, 0.0065, 0.0065, 0.0065, 0.0064, 0.0064, 0.0064, 0.0064, 0.0064, 0.0064, 0.0064, 0.0064, 0.0064, 0.0064, 0.1513, 0.1513, 0.1513, 0.1513, 0.1513, 0.1513, 0.1513, 0.1513, 0.1513, 0.1513, 0.1581, 0.1581, 0.1581, 0.1581, 0.1581, 0.1581, 0.1581, 0.1581, 0.1581, 0.1581, 0.0817, 0.0817, 0.0817, 0.0817, 0.0817, 0.0817, 0.0817, 0.0817, 0.0817, 0.0817, 0.1277, 0.1277, 0.1277, 0.1277, 0.1277, 0.1277, 0.1277, 0.1277, 0.1277, 0.1277, 0.125, 0.125, 0.125, 0.125, 0.125, 0.125, 0.125, 0.125, 0.125, 0.125, 0.0985, 0.0985, 0.0985, 0.0985, 0.0985, 0.0985, 0.0985, 0.0985, 0.0985, 0.0985, 0.0995, 0.0995, 0.0995, 0.0995, 0.0995, 0.0995, 0.0995, 0.0995, 0.0995, 0.0995, 0.0917, 0.0917, 0.0917, 0.0917, 0.0917, 0.0917, 0.0917, 0.0917, 0.0917, 0.0917, 0.1125, 0.1125, 0.1125, 0.1125, 0.1125, 0.1125, 0.1125, 0.1125, 0.1125, 0.1125, 0.0041, 0.0041, 0.0041, 0.0041, 0.0041, 0.0041, 0.0041, 0.0041, 0.0041, 0.0041, 0.0769, 0.0769, 0.0769, 0.0769, 0.0769, 0.0769, 0.0769, 0.0769, 0.0769, 0.0769, 0.1033, 0.1033, 0.1033, 0.1033, 0.1033, 0.1033, 0.1033, 0.1033, 0.1033, 0.1033, 0.0034, 0.0034, 0.0034, 0.0034, 0.0034, 0.0034, 0.0034, 0.0034, 0.0034, 0.0034, 0.0454, 0.0454, 0.0454, 0.0454, 0.0454, 0.0454, 0.0454, 0.0454, 0.0454, 0.0454, 0.0976, 0.0976, 0.0976, 0.0976, 0.0976, 0.0976, 0.0976, 0.0976, 0.0976, 0.0976, 0.0019, 0.0019, 0.0019, 0.0019, 0.0019, 0.0019, 0.0019, 0.0019, 0.0019, 0.0019, 0.0747, 0.0747, 0.0747, 0.0747, 0.0747, 0.0747, 0.0747, 0.0747, 0.0747, 0.0747, 0.0021, 0.0021, 0.0021, 0.0021, 0.0021, 0.0021, 0.0021, 0.0021, 0.0021, 0.0021, 0.0018, 0.0018, 0.0018, 0.0018, 0.0018, 0.0018, 0.0018, 0.0018, 0.0018, 0.0018, 0.158, 0.158, 0.158, 0.158, 0.158, 0.158, 0.158, 0.158, 0.158, 0.158, 0.0018, 0.0018, 0.0018, 0.0018, 0.0018, 0.0018, 0.0018, 0.0018, 0.0018, 0.0018, 0.0611, 0.0611, 0.0611, 0.0611, 0.0611, 0.0611, 0.0611, 0.0611, 0.0611, 0.0611, 0.1393, 0.1393, 0.1393, 0.1393, 0.1393, 0.1393, 0.1393, 0.1393, 0.1393, 0.1393, 0.0039, 0.0039, 0.0039, 0.0039, 0.0039, 0.0039, 0.0039, 0.0039, 0.0039, 0.0039, 0.0424, 0.0424, 0.0424, 0.0424, 0.0424, 0.0424, 0.0424, 0.0424, 0.0424, 0.0424, 0.0848, 0.0848, 0.0848, 0.0848, 0.0848, 0.0848, 0.0848, 0.0848, 0.0848, 0.0848, 0.0845, 0.0845, 0.0845, 0.0845, 0.0845, 0.0845, 0.0845, 0.0845, 0.0845, 0.0845, 0.3893, 0.3893, 0.3893, 0.3893, 0.3893, 0.3893, 0.3893, 0.3893, 0.3893, 0.3893, 0.1631, 0.1631, 0.1631, 0.1631, 0.1631, 0.1631, 0.1631, 0.1631, 0.1631, 0.1631, 0.0163, 0.0163, 0.0163, 0.0163, 0.0163, 0.0163, 0.0163, 0.0163, 0.0163, 0.0163, 0.0025, 0.0025, 0.0025, 0.0025, 0.0025, 0.0025, 0.0025, 0.0025, 0.0025, 0.0025, 0.0028, 0.0028, 0.0028, 0.0028, 0.0028, 0.0028, 0.0028, 0.0028, 0.0028, 0.0028, 0.0019, 0.0019, 0.0019, 0.0019, 0.0019, 0.0019, 0.0019, 0.0019, 0.0019, 0.0019, 0.0019, 0.0019, 0.0019, 0.0019, 0.0019, 0.0019, 0.0019, 0.0019, 0.0019, 0.0019, 0.0013, 0.0013, 0.0013, 0.0013, 0.0013, 0.0013, 0.0013, 0.0013, 0.0013, 0.0013, 0.0831, 0.0831, 0.0831, 0.0831, 0.0831, 0.0831, 0.0831, 0.0831, 0.0831, 0.0831, 0.0013, 0.0013, 0.0013, 0.0013, 0.0013, 0.0013, 0.0013, 0.0013, 0.0013, 0.0013, 0.0879, 0.0879, 0.0879, 0.0879, 0.0879, 0.0879, 0.0879, 0.0879, 0.0879, 0.0879, 0.1939, 0.1939, 0.1939, 0.1939, 0.1939, 0.1939, 0.1939, 0.1939, 0.1939, 0.1939, 0.0194, 0.0194, 0.0194, 0.0194, 0.0194, 0.0194, 0.0194, 0.0194, 0.0194, 0.0194, 0.2597, 0.2597, 0.2597, 0.2597, 0.2597, 0.2597, 0.2597, 0.2597, 0.2597, 0.2597, 0.0017, 0.0017, 0.0017, 0.0017, 0.0017, 0.0017, 0.0017, 0.0017, 0.0017, 0.0017, 0.0023, 0.0023, 0.0023, 0.0023, 0.0023, 0.0023, 0.0023, 0.0023, 0.0023, 0.0023, 0.0794, 0.0794, 0.0794, 0.0794, 0.0794, 0.0794, 0.0794, 0.0794, 0.0794, 0.0794, 0.1045, 0.1045, 0.1045, 0.1045, 0.1045, 0.1045, 0.1045, 0.1045, 0.1045, 0.1045, 0.075, 0.075, 0.075, 0.075, 0.075, 0.075, 0.075, 0.075, 0.075, 0.075, 0.1727, 0.1727, 0.1727, 0.1727, 0.1727, 0.1727, 0.1727, 0.1727, 0.1727, 0.1727, 0.1043, 0.1043, 0.1043, 0.1043, 0.1043, 0.1043, 0.1043, 0.1043, 0.1043, 0.1043, 0.0566, 0.0566, 0.0566, 0.0566, 0.0566, 0.0566, 0.0566, 0.0566, 0.0566, 0.0566, 0.068, 0.068, 0.068, 0.068, 0.068, 0.068, 0.068, 0.068, 0.068, 0.068, 0.2773, 0.2773, 0.2773, 0.2773, 0.2773, 0.2773, 0.2773, 0.2773, 0.2773, 0.2773, 0.1061, 0.1061, 0.1061, 0.1061, 0.1061, 0.1061, 0.1061, 0.1061, 0.1061, 0.1061, 0.082, 0.082, 0.082, 0.082, 0.082, 0.082, 0.082, 0.082, 0.082, 0.082, 0.2169, 0.2169, 0.2169, 0.2169, 0.2169, 0.2169, 0.2169, 0.2169, 0.2169, 0.2169, 0.2061, 0.2061, 0.2061, 0.2061, 0.2061, 0.2061, 0.2061, 0.2061, 0.2061, 0.2061, 0.0594, 0.0594, 0.0594, 0.0594, 0.0594, 0.0594, 0.0594, 0.0594, 0.0594, 0.0594, 0.0852, 0.0852, 0.0852, 0.0852, 0.0852, 0.0852, 0.0852, 0.0852, 0.0852, 0.0852, 0.0032, 0.0032, 0.0032, 0.0032, 0.0032, 0.0032, 0.0032, 0.0032, 0.0032, 0.0032, 0.1518, 0.1518, 0.1518, 0.1518, 0.1518, 0.1518, 0.1518, 0.1518, 0.1518, 0.1518, 0.064, 0.064, 0.064, 0.064, 0.064, 0.064, 0.064, 0.064, 0.064, 0.064, 0.1266, 0.1266, 0.1266, 0.1266, 0.1266, 0.1266, 0.1266, 0.1266, 0.1266, 0.1266, 0.0732, 0.0732, 0.0732, 0.0732, 0.0732, 0.0732, 0.0732, 0.0732, 0.0732, 0.0732, 0.0564, 0.0564, 0.0564, 0.0564, 0.0564, 0.0564, 0.0564, 0.0564, 0.0564, 0.0564, 0.1487, 0.1487, 0.1487, 0.1487, 0.1487, 0.1487, 0.1487, 0.1487, 0.1487, 0.1487, 0.0468, 0.0468, 0.0468, 0.0468, 0.0468, 0.0468, 0.0468, 0.0468, 0.0468, 0.0468, 0.0949, 0.0949, 0.0949, 0.0949, 0.0949, 0.0949, 0.0949, 0.0949, 0.0949, 0.0949, 0.1279, 0.1279, 0.1279, 0.1279, 0.1279, 0.1279, 0.1279, 0.1279, 0.1279, 0.1279, 0.006, 0.006, 0.006, 0.006, 0.006, 0.006, 0.006, 0.006, 0.006, 0.006, 0.1249, 0.1249, 0.1249, 0.1249, 0.1249, 0.1249, 0.1249, 0.1249, 0.1249, 0.1249, 0.0055, 0.0055, 0.0055, 0.0055, 0.0055, 0.0055, 0.0055, 0.0055, 0.0055, 0.0055, 0.1461, 0.1461, 0.1461, 0.1461, 0.1461, 0.1461, 0.1461, 0.1461, 0.1461, 0.1461, 0.1165, 0.1165, 0.1165, 0.1165, 0.1165, 0.1165, 0.1165, 0.1165, 0.1165, 0.1165, 0.0036, 0.0036, 0.0036, 0.0036, 0.0036, 0.0036, 0.0036, 0.0036, 0.2776, 0.2776, 0.2776, 0.2776, 0.2776, 0.2776, 0.2776, 0.2776, 0.2776, 0.2776, 0.0593, 0.0593, 0.0593, 0.0593, 0.0593, 0.0593, 0.0593, 0.0593, 0.0593, 0.0593, 0.0402, 0.0402, 0.0402, 0.0402, 0.0402, 0.0402, 0.0402, 0.0402, 0.0402, 0.0402, 0.0034, 0.0034, 0.0034, 0.0034, 0.0034, 0.0034, 0.0034, 0.0034, 0.0034, 0.0034, 0.0631, 0.0631, 0.0631, 0.0631, 0.0631, 0.0631, 0.0631, 0.0631, 0.0631, 0.0631, 0.2005, 0.2005, 0.2005, 0.2005, 0.2005, 0.2005, 0.2005, 0.2005, 0.2005, 0.2005, 0.1845, 0.1845, 0.1845, 0.1845, 0.1845, 0.1845, 0.1845, 0.1845, 0.1845, 0.1845, 0.004, 0.004, 0.004, 0.004, 0.004, 0.004, 0.004, 0.004, 0.004, 0.004, 0.2022, 0.2022, 0.2022, 0.2022, 0.2022, 0.2022, 0.2022, 0.2022, 0.2022, 0.2022, 0.0975, 0.0975, 0.0975, 0.0975, 0.0975, 0.0975, 0.0975, 0.0975, 0.0975, 0.0975, 0.1904, 0.1904, 0.1904, 0.1904, 0.1904, 0.1904, 0.1904, 0.1904, 0.1904, 0.1904, 0.0031, 0.0031, 0.0031, 0.0031, 0.0031, 0.0031, 0.0031, 0.0031, 0.0031, 0.0031, 0.0029, 0.0029, 0.0029, 0.0029, 0.0029, 0.0029, 0.0029, 0.0029, 0.0029, 0.0029, 0.0024, 0.0024, 0.0024, 0.0024, 0.0024, 0.0024, 0.0024, 0.0024, 0.0024, 0.0024, 0.1018, 0.1018, 0.1018, 0.1018, 0.1018, 0.1018, 0.1018, 0.1018, 0.1018, 0.1018, 0.0023, 0.0023, 0.0023, 0.0023, 0.0023, 0.0023, 0.0023, 0.0023, 0.0023, 0.0023, 0.0021, 0.0021, 0.0021, 0.0021, 0.0021, 0.0021, 0.0021, 0.0021, 0.0021, 0.0021, 0.1541, 0.1541, 0.1541, 0.1541, 0.1541, 0.1541, 0.1541, 0.1541, 0.1541, 0.1541, 0.1044, 0.1044, 0.1044, 0.1044, 0.1044, 0.1044, 0.1044, 0.1044, 0.1044, 0.1044, 0.1813, 0.1813, 0.1813, 0.1813, 0.1813, 0.1813, 0.1813, 0.1813, 0.1813, 0.1813, 0.0754, 0.0754, 0.0754, 0.0754, 0.0754, 0.0754, 0.0754, 0.0754, 0.0754, 0.0754, 0.0388, 0.0388, 0.0388, 0.0388, 0.0388, 0.0388, 0.0388, 0.0388, 0.0388, 0.0388, 0.0679, 0.0679, 0.0679, 0.0679, 0.0679, 0.0679, 0.0679, 0.0679, 0.0679, 0.0679, 0.0808, 0.0808, 0.0808, 0.0808, 0.0808, 0.0808, 0.0808, 0.0808, 0.0808, 0.0808, 0.1772, 0.1772, 0.1772, 0.1772, 0.1772, 0.1772, 0.1772, 0.1772, 0.1772, 0.1772, 0.0467, 0.0467, 0.0467, 0.0467, 0.0467, 0.0467, 0.0467, 0.0467, 0.0467, 0.0467, 0.0023, 0.0023, 0.0023, 0.0023, 0.0023, 0.0023, 0.0023, 0.0023, 0.0023, 0.0023, 0.1716, 0.1716, 0.1716, 0.1716, 0.1716, 0.1716, 0.1716, 0.1716, 0.1716, 0.1716, 0.2298, 0.2298, 0.2298, 0.2298, 0.2298, 0.2298, 0.2298, 0.2298, 0.2298, 0.2298, 0.0036, 0.0036, 0.0036, 0.0036, 0.0036, 0.0036, 0.0036, 0.0036, 0.0036, 0.0036, 0.2222, 0.2222, 0.2222, 0.2222, 0.2222, 0.2222, 0.2222, 0.2222, 0.2222, 0.2222, 0.0624, 0.0624, 0.0624, 0.0624, 0.0624, 0.0624, 0.0624, 0.0624, 0.0624, 0.0624, 0.0037, 0.0037, 0.0037, 0.0037, 0.0037, 0.0037, 0.0037, 0.0037, 0.0037, 0.0037, 0.0036, 0.0036, 0.0036, 0.0036, 0.0036, 0.0036, 0.0036, 0.0036, 0.0036, 0.0036, 0.2636, 0.2636, 0.2636, 0.2636, 0.2636, 0.2636, 0.2636, 0.2636, 0.2636, 0.2636, 0.1349, 0.1349, 0.1349, 0.1349, 0.1349, 0.1349, 0.1349, 0.1349, 0.1349, 0.1349, 0.0442, 0.0442, 0.0442, 0.0442, 0.0442, 0.0442, 0.0442, 0.0442, 0.0442, 0.0442, 0.006, 0.006, 0.006, 0.006, 0.006, 0.006, 0.006, 0.006, 0.006, 0.006, 0.2837, 0.2837, 0.2837, 0.2837, 0.2837, 0.2837, 0.2837, 0.2837, 0.2837, 0.2837, 0.268, 0.268, 0.268, 0.268, 0.268, 0.268, 0.268, 0.268, 0.268, 0.268, 0.2308, 0.2308, 0.2308, 0.2308, 0.2308, 0.2308, 0.2308, 0.2308, 0.2308, 0.2308, 0.0697, 0.0697, 0.0697, 0.0697, 0.0697, 0.0697, 0.0697, 0.0697, 0.0697, 0.0697, 0.0639, 0.0639, 0.0639, 0.0639, 0.0639, 0.0639, 0.0639, 0.0639, 0.0639, 0.0639, 0.0826, 0.0826, 0.0826, 0.0826, 0.0826, 0.0826, 0.0826, 0.0826, 0.0826, 0.0826, 0.1303, 0.1303, 0.1303, 0.1303, 0.1303, 0.1303, 0.1303, 0.1303, 0.1303, 0.1303, 0.0794, 0.0794, 0.0794, 0.0794, 0.0794, 0.0794, 0.0794, 0.0794, 0.0794, 0.0794, 0.1296, 0.1296, 0.1296, 0.1296, 0.1296, 0.1296, 0.1296, 0.1296, 0.1296, 0.1296, 0.1227, 0.1227, 0.1227, 0.1227, 0.1227, 0.1227, 0.1227, 0.1227, 0.1227, 0.1227, 0.0037, 0.0037, 0.0037, 0.0037, 0.0037, 0.0037, 0.0037, 0.0037, 0.0037, 0.0037, 0.0552, 0.0552, 0.0552, 0.0552, 0.0552, 0.0552, 0.0552, 0.0552, 0.0552, 0.0552, 0.074, 0.074, 0.074, 0.074, 0.074, 0.074, 0.074, 0.074, 0.074, 0.074, 0.1556, 0.1556, 0.1556, 0.1556, 0.1556, 0.1556, 0.1556, 0.1556, 0.1556, 0.1556, 0.003, 0.003, 0.003, 0.003, 0.003, 0.003, 0.003, 0.003, 0.003, 0.003, 0.0819, 0.0819, 0.0819, 0.0819, 0.0819, 0.0819, 0.0819, 0.0819, 0.0819, 0.0819, 0.0932, 0.0932, 0.0932, 0.0932, 0.0932, 0.0932, 0.0932, 0.0932, 0.0932, 0.0932, 0.2203, 0.2203, 0.2203, 0.2203, 0.2203, 0.2203, 0.2203, 0.2203, 0.2203, 0.2203, 0.0736, 0.0736, 0.0736, 0.0736, 0.0736, 0.0736, 0.0736, 0.0736, 0.0736, 0.0736, 0.0736, 0.0736, 0.0736, 0.0736, 0.0736, 0.0736, 0.0736, 0.0736, 0.0736, 0.0736, 0.011, 0.011, 0.011, 0.011, 0.011, 0.011, 0.011, 0.011, 0.011, 0.011, 0.1268, 0.1268, 0.1268, 0.1268, 0.1268, 0.1268, 0.1268, 0.1268, 0.1268, 0.1268, 0.0026, 0.0026, 0.0026, 0.0026, 0.0026, 0.0026, 0.0026, 0.0026, 0.0026, 0.0026, 0.2638, 0.2638, 0.2638, 0.2638, 0.2638, 0.2638, 0.2638, 0.2638, 0.2638, 0.2638, 0.0036, 0.0036, 0.0036, 0.0036, 0.0036, 0.0036, 0.0036, 0.0036, 0.0036, 0.0036, 0.0039, 0.0039, 0.0039, 0.0039, 0.0039, 0.0039, 0.0039, 0.0039, 0.0039, 0.0039, 0.1216, 0.1216, 0.1216, 0.1216, 0.1216, 0.1216, 0.1216, 0.1216, 0.1216, 0.1216, 0.0023, 0.0023, 0.0023, 0.0023, 0.0023, 0.0023, 0.0023, 0.0023, 0.0023, 0.0023, 0.2938, 0.2938, 0.2938, 0.2938, 0.2938, 0.2938, 0.2938, 0.2938, 0.2938, 0.2938, 0.107, 0.107, 0.107, 0.107, 0.107, 0.107, 0.107, 0.107, 0.107, 0.107, 0.0031, 0.0031, 0.0031, 0.0031, 0.0031, 0.0031, 0.0031, 0.0031, 0.0031, 0.0031, 0.0795, 0.0795, 0.0795, 0.0795, 0.0795, 0.0795, 0.0795, 0.0795, 0.0795, 0.0795, 0.0984, 0.0984, 0.0984, 0.0984, 0.0984, 0.0984, 0.0984, 0.0984, 0.0984, 0.0984, 0.0619, 0.0619, 0.0619, 0.0619, 0.0619, 0.0619, 0.0619, 0.0619, 0.0619, 0.0619, 0.003, 0.003, 0.003, 0.003, 0.003, 0.003, 0.003, 0.003, 0.003, 0.003, 0.0842, 0.0842, 0.0842, 0.0842, 0.0842, 0.0842, 0.0842, 0.0842, 0.0842, 0.0842, 0.1731, 0.1731, 0.1731, 0.1731, 0.1731, 0.1731, 0.1731, 0.1731, 0.1731, 0.1731, 0.3127, 0.3127, 0.3127, 0.3127, 0.3127, 0.3127, 0.3127, 0.3127, 0.3127, 0.3127, 0.1801, 0.1801, 0.1801, 0.1801, 0.1801, 0.1801, 0.1801, 0.1801, 0.1801, 0.1801, 0.0045, 0.0045, 0.0045, 0.0045, 0.0045, 0.0045, 0.1299, 0.1299, 0.1299, 0.1299, 0.1299, 0.1299, 0.1299, 0.1299, 0.1299, 0.1299, 0.0627, 0.0627, 0.0627, 0.0627, 0.0627, 0.0627, 0.0627, 0.0627, 0.0627, 0.0627, 0.0543, 0.0543, 0.0543, 0.0543, 0.0543, 0.0543, 0.0543, 0.0543, 0.0543, 0.0543, 0.0771, 0.0771, 0.0771, 0.0771, 0.0771, 0.0771, 0.0771, 0.0771, 0.0771, 0.0771, 0.1012, 0.1012, 0.1012, 0.1012, 0.1012, 0.1012, 0.1012, 0.1012, 0.1012, 0.1012, 0.0046, 0.0046, 0.0046, 0.0046, 0.0046, 0.0046, 0.0046, 0.0046, 0.0046, 0.0046, 0.0567, 0.0567, 0.0567, 0.0567, 0.0567, 0.0567, 0.0567, 0.0567, 0.0567, 0.0567, 0.2054, 0.2054, 0.2054, 0.2054, 0.2054, 0.2054, 0.2054, 0.2054, 0.2054, 0.2054, 0.1404, 0.1404, 0.1404, 0.1404, 0.1404, 0.1404, 0.1404, 0.1404, 0.1404, 0.1404, 0.0794, 0.0794, 0.0794, 0.0794, 0.0794, 0.0794, 0.0794, 0.0794, 0.0794, 0.0794, 0.0755, 0.0755, 0.0755, 0.0755, 0.0755, 0.0755, 0.0755, 0.0755, 0.0755, 0.0755, 0.0747, 0.0747, 0.0747, 0.0747, 0.0747, 0.0747, 0.0747, 0.0747, 0.0747, 0.0747, 0.003, 0.003, 0.003, 0.003, 0.003, 0.003, 0.003, 0.003, 0.003, 0.003, 0.0025, 0.0025, 0.0025, 0.0025, 0.0025, 0.0025, 0.0025, 0.0025, 0.0025, 0.0025, 0.193, 0.193, 0.193, 0.193, 0.193, 0.193, 0.193, 0.193, 0.193, 0.193, 0.0033, 0.0033, 0.0033, 0.0033, 0.0033, 0.0033, 0.0033, 0.0033, 0.0033, 0.0033, 0.0858, 0.0858, 0.0858, 0.0858, 0.0858, 0.0858, 0.0858, 0.0858, 0.0858, 0.0858, 0.1497, 0.1497, 0.1497, 0.1497, 0.1497, 0.1497, 0.1497, 0.1497, 0.1497, 0.1497, 0.002, 0.002, 0.002, 0.002, 0.002, 0.002, 0.002, 0.002, 0.002, 0.002, 0.0029, 0.0029, 0.0029, 0.0029, 0.0029, 0.0029, 0.0029, 0.0029, 0.0029, 0.0029, 0.1576, 0.1576, 0.1576, 0.1576, 0.1576, 0.1576, 0.1576, 0.1576, 0.1576, 0.1576, 0.0896, 0.0896, 0.0896, 0.0896, 0.0896, 0.0896, 0.0896, 0.0896, 0.0896, 0.0896, 0.0029, 0.0029, 0.0029, 0.0029, 0.0029, 0.0029, 0.0029, 0.0029, 0.0029, 0.0029, 0.0957, 0.0957, 0.0957, 0.0957, 0.0957, 0.0957, 0.0957, 0.0957, 0.0957, 0.0957, 0.0684, 0.0684, 0.0684, 0.0684, 0.0684, 0.0684, 0.0684, 0.0684, 0.0684, 0.0684, 0.0032, 0.0032, 0.0032, 0.0032, 0.0032, 0.0032, 0.0032, 0.0032, 0.0032, 0.0032, 0.0029, 0.0029, 0.0029, 0.0029, 0.0029, 0.0029, 0.0029, 0.0029, 0.0029, 0.0029, 0.0751, 0.0751, 0.0751, 0.0751, 0.0751, 0.0751, 0.0751, 0.0751, 0.0751, 0.0751, 0.1284, 0.1284, 0.1284, 0.1284, 0.1284, 0.1284, 0.1284, 0.1284, 0.1284, 0.1284, 0.0034, 0.0034, 0.0034, 0.0034, 0.0034, 0.0034, 0.0034, 0.0034, 0.0034, 0.0034, 0.0043, 0.0043, 0.0043, 0.0043, 0.0043, 0.0043, 0.0043, 0.0043, 0.0043, 0.0043, 0.1925, 0.1925, 0.1925, 0.1925, 0.1925, 0.1925, 0.1925, 0.1925, 0.1925, 0.1925, 0.108, 0.108, 0.108, 0.108, 0.108, 0.108, 0.108, 0.108, 0.108, 0.108, 0.0342, 0.0342, 0.0342, 0.0342, 0.0342, 0.0342, 0.0342, 0.0342, 0.0342, 0.0342, 0.1285, 0.1285, 0.1285, 0.1285, 0.1285, 0.1285, 0.1285, 0.1285, 0.1285, 0.1285, 0.0019, 0.0019, 0.0019, 0.0019, 0.0019, 0.0019, 0.0019, 0.0019, 0.0019, 0.0019, 0.0025, 0.0025, 0.0025, 0.0025, 0.0025, 0.0025, 0.0025, 0.0025, 0.0025, 0.0025, 0.1527, 0.1527, 0.1527, 0.1527, 0.1527, 0.1527, 0.1527, 0.1527, 0.1527, 0.1527, 0.1443, 0.1443, 0.1443, 0.1443, 0.1443, 0.1443, 0.1443, 0.1443, 0.1443, 0.1443, 0.0731, 0.0731, 0.0731, 0.0731, 0.0731, 0.0731, 0.0731, 0.0731, 0.0731, 0.0731, 0.0978, 0.0978, 0.0978, 0.0978, 0.0978, 0.0978, 0.0978, 0.0978, 0.0978, 0.0978, 0.0172, 0.0172, 0.0172, 0.0172, 0.0172, 0.0172, 0.0172, 0.0172, 0.0172, 0.0172, 0.1613, 0.1613, 0.1613, 0.1613, 0.1613, 0.1613, 0.1613, 0.1613, 0.1613, 0.1613, 0.0021, 0.0021, 0.0021, 0.0021, 0.0021, 0.0021, 0.0021, 0.0021, 0.0021, 0.0021, 0.0036, 0.0036, 0.0036, 0.0036, 0.0036, 0.0036, 0.0036, 0.0036, 0.0036, 0.0036, 0.0022, 0.0022, 0.0022, 0.0022, 0.0022, 0.0022, 0.0022, 0.0022, 0.0022, 0.0022, 0.0854, 0.0854, 0.0854, 0.0854, 0.0854, 0.0854, 0.0854, 0.0854, 0.0854, 0.0854, 0.1264, 0.1264, 0.1264, 0.1264, 0.1264, 0.1264, 0.1264, 0.1264, 0.1264, 0.1264, 0.002, 0.002, 0.002, 0.002, 0.002, 0.002, 0.002, 0.002, 0.002, 0.002, 0.077, 0.077, 0.077, 0.077, 0.077, 0.077, 0.077, 0.077, 0.077, 0.077, 0.071, 0.071, 0.071, 0.071, 0.071, 0.071, 0.071, 0.071, 0.071, 0.071, 0.1519, 0.1519, 0.1519, 0.1519, 0.1519, 0.1519, 0.1519, 0.1519, 0.1519, 0.1519, 0.0015, 0.0015, 0.0015, 0.0015, 0.0015, 0.0015, 0.0015, 0.0015, 0.0015, 0.0015, 0.0017, 0.0017, 0.0017, 0.0017, 0.0017, 0.0017, 0.0017, 0.0017, 0.0017, 0.0017, 0.0015, 0.0015, 0.0015, 0.0015, 0.0015, 0.0015, 0.0015, 0.0015, 0.0015, 0.0015, 0.002, 0.002, 0.002, 0.002, 0.002, 0.002, 0.002, 0.002, 0.002, 0.002, 0.0945, 0.0945, 0.0945, 0.0945, 0.0945, 0.0945, 0.0945, 0.0945, 0.0945, 0.0945, 0.0876, 0.0876, 0.0876, 0.0876, 0.0876, 0.0876, 0.0876, 0.0876, 0.0876, 0.0876, 0.0498, 0.0498, 0.0498, 0.0498, 0.0498, 0.0498, 0.0498, 0.0498, 0.0498, 0.0498, 0.1349, 0.1349, 0.1349, 0.1349, 0.1349, 0.1349, 0.1349, 0.1349, 0.1349, 0.1349, 0.1305, 0.1305, 0.1305, 0.1305, 0.1305, 0.1305, 0.1305, 0.1305, 0.1305, 0.1305, 0.0873, 0.0873, 0.0873, 0.0873, 0.0873, 0.0873, 0.0873, 0.0873, 0.0873, 0.0873, 0.0734, 0.0734, 0.0734, 0.0734, 0.0734, 0.0734, 0.0734, 0.0734, 0.0734, 0.0734, 0.065, 0.065, 0.065, 0.065, 0.065, 0.065, 0.065, 0.065, 0.065, 0.065, 0.3217, 0.3217, 0.3217, 0.3217, 0.3217, 0.3217, 0.3217, 0.3217, 0.3217, 0.3217, 0.0705, 0.0705, 0.0705, 0.0705, 0.0705, 0.0705, 0.0705, 0.0705, 0.0705, 0.0705, 0.0865, 0.0865, 0.0865, 0.0865, 0.0865, 0.0865, 0.0865, 0.0865, 0.0865, 0.0865, 0.0941, 0.0941, 0.0941, 0.0941, 0.0941, 0.0941, 0.0941, 0.0941, 0.0941, 0.0941, 0.0633, 0.0633, 0.0633, 0.0633, 0.0633, 0.0633, 0.0633, 0.0633, 0.0633, 0.0633, 0.1054, 0.1054, 0.1054, 0.1054, 0.1054, 0.1054, 0.1054, 0.1054, 0.1054, 0.1054, 0.0028, 0.0028, 0.0028, 0.0028, 0.0028, 0.0028, 0.0028, 0.0028, 0.0028, 0.0028, 0.0668, 0.0668, 0.0668, 0.0668, 0.0668, 0.0668, 0.0668, 0.0668, 0.0668, 0.0668, 0.0024, 0.0024, 0.0024, 0.0024, 0.0024, 0.0024, 0.0024, 0.0024, 0.0024, 0.0024, 0.0019, 0.0019, 0.0019, 0.0019, 0.0019, 0.0019, 0.0019, 0.0019, 0.0019, 0.0019, 0.0908, 0.0908, 0.0908, 0.0908, 0.0908, 0.0908, 0.0908, 0.0908, 0.0908, 0.0908, 0.1532, 0.1532, 0.1532, 0.1532, 0.1532, 0.1532, 0.1532, 0.1532, 0.1532, 0.1532, 0.1, 0.1, 0.1, 0.1, 0.1, 0.1, 0.1, 0.1, 0.1, 0.1, 0.0406, 0.0406, 0.0406, 0.0406, 0.0711, 0.0711, 0.0711, 0.0711, 0.0711, 0.0711, 0.0711, 0.0711, 0.0711, 0.0711, 0.1513, 0.1513, 0.1513, 0.1513, 0.1513, 0.1513, 0.1513, 0.1513, 0.1513, 0.1513, 0.0021, 0.0021, 0.0021, 0.0021, 0.0021, 0.0021, 0.0021, 0.0021, 0.0021, 0.0021, 0.1582, 0.1582, 0.1582, 0.1582, 0.1582, 0.1582, 0.1582, 0.1582, 0.1582, 0.1582, 0.0021, 0.0021, 0.0021, 0.0021, 0.0021, 0.0021, 0.0021, 0.0021, 0.0021, 0.0021, 0.0707, 0.0707, 0.0707, 0.0707, 0.0707, 0.0707, 0.0707, 0.0707, 0.0707, 0.0707, 0.0024, 0.0024, 0.0024, 0.0024, 0.0024, 0.0024, 0.0024, 0.0024, 0.0024, 0.0024, 0.0922, 0.0922, 0.0922, 0.0922, 0.0922, 0.0922, 0.0922, 0.0922, 0.0922, 0.0922, 0.0016, 0.0016, 0.0016, 0.0016, 0.0016, 0.0016, 0.0016, 0.0016, 0.0016, 0.0016, 0.0021, 0.0021, 0.0021, 0.0021, 0.0021, 0.0021, 0.0021, 0.0021, 0.0021, 0.0021, 0.1523, 0.1523, 0.1523, 0.1523, 0.1523, 0.1523, 0.1523, 0.1523, 0.1523, 0.1523, 0.0684, 0.0684, 0.0684, 0.0684, 0.0684, 0.0684, 0.0684, 0.0684, 0.0684, 0.0684, 0.2181, 0.2181, 0.2181, 0.2181, 0.2181, 0.2181, 0.2181, 0.2181, 0.2181, 0.2181, 0.1659, 0.1659, 0.1659, 0.1659, 0.1659, 0.1659, 0.1659, 0.1659, 0.1659, 0.1659, 0.0529, 0.0529, 0.0529, 0.0529, 0.0529, 0.0529, 0.0529, 0.0529, 0.0529, 0.0529, 0.0858, 0.0858, 0.0858, 0.0858, 0.0858, 0.0858, 0.0858, 0.0858, 0.0858, 0.0858, 0.204, 0.204, 0.204, 0.204, 0.204, 0.204, 0.204, 0.204, 0.204, 0.204, 0.0048, 0.0048, 0.0048, 0.0048, 0.0048, 0.0048, 0.0048, 0.0048, 0.0048, 0.0048, 0.024, 0.024, 0.024, 0.024, 0.024, 0.024, 0.024, 0.024, 0.024, 0.024, 0.074, 0.074, 0.074, 0.074, 0.074, 0.074, 0.074, 0.074, 0.074, 0.074, 0.0081, 0.0081, 0.0081, 0.0081, 0.0081, 0.0081, 0.0081, 0.0081, 0.0081, 0.0081, 0.0022, 0.0022, 0.0022, 0.0022, 0.0022, 0.0022, 0.0022, 0.0022, 0.0022, 0.0022, 0.0017, 0.0017, 0.0017, 0.0017, 0.0017, 0.0017, 0.0017, 0.0017, 0.0017, 0.0017, 0.002, 0.002, 0.002, 0.002, 0.002, 0.002, 0.002, 0.002, 0.002, 0.002, 0.0019, 0.0019, 0.0019, 0.0019, 0.0019, 0.0019, 0.0019, 0.0019, 0.0019, 0.0019, 0.0686, 0.0686, 0.0686, 0.0686, 0.0686, 0.0686, 0.0686, 0.0686, 0.0686, 0.0686, 0.0021, 0.0021, 0.0021, 0.0021, 0.0021, 0.0021, 0.0021, 0.0021, 0.0021, 0.0021, 0.0023, 0.0023, 0.0023, 0.0023, 0.0023, 0.0023, 0.0023, 0.0023, 0.0023, 0.0023, 0.002, 0.002, 0.002, 0.002, 0.002, 0.002, 0.002, 0.002, 0.002, 0.002, 0.0015, 0.0015, 0.0015, 0.0015, 0.0015, 0.0015, 0.0015, 0.0015, 0.0015, 0.0015, 0.0018, 0.0018, 0.0018, 0.0018, 0.0018, 0.0018, 0.0018, 0.0018, 0.0018, 0.0018, 0.0013, 0.0013, 0.0013, 0.0013, 0.0013, 0.0013, 0.0013, 0.0013, 0.0013, 0.0013, 0.0763, 0.0763, 0.0763, 0.0763, 0.0763, 0.0763, 0.0763, 0.0763, 0.0763, 0.0763, 0.1187, 0.1187, 0.1187, 0.1187, 0.1187, 0.1187, 0.1187, 0.1187, 0.1187, 0.1187, 0.0992, 0.0992, 0.0992, 0.0992, 0.0992, 0.0992, 0.0992, 0.0992, 0.0992, 0.0992, 0.1673, 0.1673, 0.1673, 0.1673, 0.1673, 0.1673, 0.1673, 0.1673, 0.1673, 0.1673, 0.0714, 0.0714, 0.0714, 0.0714, 0.0714, 0.0714, 0.0714, 0.0714, 0.0714, 0.0714, 0.0017, 0.0017, 0.0017, 0.0017, 0.0017, 0.0017, 0.0017, 0.0017, 0.0017, 0.0017, 0.0014, 0.0014, 0.0014, 0.0014, 0.0014, 0.0014, 0.0014, 0.0014, 0.0014, 0.0014, 0.0018, 0.0018, 0.0018, 0.0018, 0.0018, 0.0018, 0.0018, 0.0018, 0.0018, 0.0018, 0.0015, 0.0015, 0.0015, 0.0015, 0.0015, 0.0015, 0.0015, 0.0015, 0.0015, 0.0015, 0.0016, 0.0016, 0.0016, 0.0016, 0.0016, 0.0016, 0.0016, 0.0016, 0.0016, 0.0016, 0.0016, 0.0016, 0.0016, 0.0016, 0.0016, 0.0016, 0.0016, 0.0016, 0.0016, 0.0016, 0.0012, 0.0012, 0.0012, 0.0012, 0.0012, 0.0012, 0.0012, 0.0012, 0.0012, 0.0012, 0.0817, 0.0817, 0.0817, 0.0817, 0.0817, 0.0817, 0.0817, 0.0817, 0.0817, 0.0817, 0.0016, 0.0016, 0.0016, 0.0016, 0.0016, 0.0016, 0.0016, 0.0016, 0.0016, 0.0016, 0.0175, 0.0175, 0.0175, 0.0175, 0.0175, 0.0175, 0.0175, 0.0175, 0.0175, 0.0175, 0.0011, 0.0011, 0.0011, 0.0011, 0.0011, 0.0011, 0.0011, 0.0011, 0.0011, 0.0011, 0.0012, 0.0012, 0.0012, 0.0012, 0.0012, 0.0012, 0.0012, 0.0012, 0.0012, 0.0012, 0.0705, 0.0705, 0.0705, 0.0705, 0.0705, 0.0705, 0.0705, 0.0705, 0.0705, 0.0705, 0.0015, 0.0015, 0.0015, 0.0015, 0.0015, 0.0015, 0.0015, 0.0015, 0.0015, 0.0015, 0.1634, 0.1634, 0.1634, 0.1634, 0.1634, 0.1634, 0.1634, 0.1634, 0.1634, 0.1634, 0.1394, 0.1394, 0.1394, 0.1394, 0.1394, 0.1394, 0.1394, 0.1394, 0.1394, 0.1394, 0.0233, 0.0233, 0.0233, 0.0233, 0.0233, 0.0233, 0.0233, 0.0233, 0.0233, 0.0233, 0.0019, 0.0019, 0.0019, 0.0019, 0.0019, 0.0019, 0.0019, 0.0019, 0.0019, 0.0019, 0.0021, 0.0021, 0.0021, 0.0021, 0.0021, 0.0021, 0.0021, 0.0021, 0.0021, 0.0021, 0.0018, 0.0018, 0.0018, 0.0018, 0.0018, 0.0018, 0.0018, 0.0018, 0.0018, 0.0018, 0.0014, 0.0014, 0.0014, 0.0014, 0.0014, 0.0014, 0.0014, 0.0014, 0.0014, 0.0014, 0.0016, 0.0016, 0.0016, 0.0016, 0.0016, 0.0016, 0.0016, 0.0016, 0.0016, 0.0016, 0.001, 0.001, 0.001, 0.001, 0.001, 0.001, 0.001, 0.001, 0.001, 0.001, 0.0889, 0.0889, 0.0889, 0.0889, 0.0889, 0.0889, 0.0889, 0.0889, 0.0889, 0.0889, 0.0013, 0.0013, 0.0013, 0.0013, 0.0013, 0.0013, 0.0013, 0.0013, 0.0013, 0.0013, 0.1766, 0.1766, 0.1766, 0.1766, 0.1766, 0.1766, 0.1766, 0.1766, 0.1766, 0.1766, 0.001, 0.001, 0.001, 0.001, 0.001, 0.001, 0.001, 0.001, 0.001, 0.001, 0.0847, 0.0847, 0.0847, 0.0847, 0.0847, 0.0847, 0.0847, 0.0847, 0.0847, 0.0847, 0.0762, 0.0762, 0.0762, 0.0762, 0.0762, 0.0762, 0.0762, 0.0762, 0.0762, 0.0762, 0.0041, 0.0041, 0.0041, 0.0041, 0.0041, 0.0041, 0.0041, 0.0041, 0.0041, 0.0041, 0.1128, 0.1128, 0.1128, 0.1128, 0.1128, 0.1128, 0.1128, 0.1128, 0.1128, 0.1128, 0.2261, 0.2261, 0.2261, 0.2261, 0.2261, 0.2261, 0.2261, 0.2261, 0.2261, 0.2261, 0.1109, 0.1109, 0.1109, 0.1109, 0.1109, 0.1109, 0.1109, 0.1109, 0.1109, 0.1109, 0.0013, 0.0013, 0.0013, 0.0013, 0.0013, 0.0013, 0.0013, 0.0013, 0.0013, 0.0013, 0.1777, 0.1777, 0.1777, 0.1777, 0.1777, 0.1777, 0.1777, 0.1777, 0.1777, 0.1777, 0.0014, 0.0014, 0.0014, 0.0014, 0.0014, 0.0014, 0.0014, 0.0014, 0.0014, 0.0014, 0.0015, 0.0015, 0.0015, 0.0015, 0.0015, 0.0015, 0.0015, 0.0015, 0.0015, 0.0015, 0.0017, 0.0017, 0.0017, 0.0017, 0.0017, 0.0017, 0.0017, 0.0017, 0.0017, 0.0017, 0.2472, 0.2472, 0.2472, 0.2472, 0.2472, 0.2472, 0.2472, 0.2472, 0.2472, 0.2472, 0.1562, 0.1562, 0.1562, 0.1562, 0.1562, 0.1562, 0.1562, 0.1562, 0.1562, 0.1562, 0.0918, 0.0918, 0.0016, 0.0016, 0.0016, 0.0016, 0.0016, 0.0016, 0.0016, 0.0016, 0.0016, 0.0016, 0.0017, 0.0017, 0.0017, 0.0017, 0.0017, 0.0017, 0.0017, 0.0017, 0.0017, 0.0017, 0.055, 0.055, 0.055, 0.055, 0.055, 0.055, 0.055, 0.055, 0.055, 0.055, 0.0518, 0.0518, 0.0518, 0.0518, 0.0518, 0.0518, 0.0518, 0.0518, 0.0518, 0.0518, 0.0016, 0.0016, 0.0016, 0.0016, 0.0016, 0.0016, 0.0016, 0.0016, 0.0016, 0.0016, 0.0598, 0.0598, 0.0598, 0.0598, 0.0598, 0.0598, 0.0598, 0.0598, 0.0598, 0.0598, 0.1355, 0.1355, 0.1355, 0.1355, 0.1355, 0.1355, 0.1355, 0.1355, 0.1355, 0.1355, 0.0015, 0.0015, 0.0015, 0.0015, 0.0015, 0.0015, 0.0015, 0.0015, 0.0015, 0.0015, 0.0406, 0.0406, 0.0406, 0.0406, 0.0406, 0.0406, 0.0406, 0.0406, 0.0406, 0.0406, 0.0738, 0.0738, 0.0738, 0.0738, 0.0738, 0.0738, 0.0738, 0.0738, 0.0738, 0.0738, 0.0727, 0.0727, 0.0727, 0.0727, 0.0727, 0.0727, 0.0727, 0.0727, 0.0727, 0.0727, 0.059, 0.059, 0.059, 0.059, 0.059, 0.059, 0.059, 0.059, 0.059, 0.059, 0.1223, 0.1223, 0.1223, 0.1223, 0.1223, 0.1223, 0.1223, 0.1223, 0.1223, 0.1223, 0.0024, 0.0024, 0.0024, 0.0024, 0.0024, 0.0024, 0.0024, 0.0024, 0.0024, 0.0024, 0.1279, 0.1279, 0.1279, 0.1279, 0.1279, 0.1279, 0.1279, 0.1279, 0.1279, 0.1279, 0.0013, 0.0013, 0.0013, 0.0013, 0.0013, 0.0013, 0.0013, 0.0013, 0.0013, 0.0013, 0.0011, 0.0011, 0.0011, 0.0011, 0.0011, 0.0011, 0.0011, 0.0011, 0.0011, 0.0011, 0.001, 0.001, 0.001, 0.001, 0.001, 0.001, 0.001, 0.001, 0.001, 0.001, 0.121, 0.121, 0.121, 0.121, 0.121, 0.121, 0.121, 0.121, 0.121, 0.121, 0.001, 0.001, 0.001, 0.001, 0.001, 0.001, 0.001, 0.001, 0.001, 0.001, 0.0015, 0.0015, 0.0015, 0.0015, 0.0015, 0.0015, 0.0015, 0.0015, 0.0015, 0.0015, 0.323, 0.323, 0.323, 0.323, 0.323, 0.323, 0.323, 0.323, 0.323, 0.323, 0.0009, 0.0009, 0.0009, 0.0009, 0.0009, 0.0009, 0.0009, 0.0009, 0.0009, 0.0009, 0.0973, 0.0973, 0.0973, 0.0973, 0.0973, 0.0973, 0.0973, 0.0973, 0.0973, 0.0973, 0.0012, 0.0012, 0.0012, 0.0012, 0.0012, 0.0012, 0.0012, 0.0012, 0.0012, 0.0012, 0.0111, 0.0111, 0.0111, 0.0111, 0.0111, 0.0111, 0.0111, 0.0111, 0.0111, 0.0111, 0.0811, 0.0811, 0.0811, 0.0811, 0.0811, 0.0811, 0.0811, 0.0811, 0.0811, 0.0811, 0.0172, 0.0172, 0.0172, 0.0172, 0.0172, 0.0172, 0.0172, 0.0172, 0.0172, 0.0172, 0.0081, 0.0081, 0.0081, 0.0081, 0.0081, 0.0081, 0.0081, 0.0081, 0.0081, 0.0081, 0.002, 0.002, 0.002, 0.002, 0.002, 0.002, 0.002, 0.002, 0.002, 0.002, 0.0902, 0.0902, 0.0902, 0.0902, 0.0902, 0.0902, 0.0902, 0.0902, 0.0902, 0.0902, 0.0014, 0.0014, 0.0014, 0.0014, 0.0014, 0.0014, 0.0014, 0.0014, 0.0014, 0.0014, 0.001, 0.001, 0.001, 0.001, 0.001, 0.001, 0.001, 0.001, 0.001, 0.001, 0.0011, 0.0011, 0.0011, 0.0011, 0.0011, 0.0011, 0.0011, 0.0011, 0.0011, 0.0011, 0.0511, 0.0511, 0.0511, 0.0511, 0.0511, 0.0511, 0.0511, 0.0511, 0.0511, 0.0511, 0.0015, 0.0015, 0.0015, 0.0015, 0.0015, 0.0015, 0.0015, 0.0015, 0.0015, 0.0015, 0.0015, 0.0015, 0.0015, 0.0015, 0.0015, 0.0015, 0.0015, 0.0015, 0.0015, 0.0015, 0.0012, 0.0012, 0.0012, 0.0012, 0.0012, 0.0012, 0.0012, 0.0012, 0.0012, 0.0012, 0.0023, 0.0023, 0.0023, 0.0023, 0.0023, 0.0023, 0.0023, 0.0023, 0.0023, 0.0023, 0.0345, 0.0345, 0.0345, 0.0345, 0.0345, 0.0345, 0.0345, 0.0345, 0.0345, 0.0345, 0.0893, 0.0893, 0.0893, 0.0893, 0.0893, 0.0893, 0.0893, 0.0893, 0.0893, 0.0893, 0.0008, 0.0008, 0.0008, 0.0008, 0.0008, 0.0008, 0.0008, 0.0008, 0.0008, 0.0008, 0.001, 0.001, 0.001, 0.001, 0.001, 0.001, 0.001, 0.001, 0.001, 0.001, 0.001, 0.001, 0.001, 0.001, 0.001, 0.001, 0.001, 0.001, 0.001, 0.001, 0.0009, 0.0009, 0.0009, 0.0009, 0.0009, 0.0009, 0.0009, 0.0009, 0.0009, 0.0009, 0.0017, 0.0017, 0.0017, 0.0017, 0.0017, 0.0017, 0.0017, 0.0017, 0.0017, 0.0017, 0.0008, 0.0008, 0.0008, 0.0008, 0.0008, 0.0008, 0.0008, 0.0008, 0.0008, 0.0008, 0.0012, 0.0012, 0.0012, 0.0012, 0.0012, 0.0012, 0.0012, 0.0012, 0.0012, 0.0012, 0.0008, 0.0008, 0.0008, 0.0008, 0.0008, 0.0008, 0.0008, 0.0008, 0.0008, 0.0008, 0.0757, 0.0757, 0.0757, 0.0757, 0.0757, 0.0757, 0.0757, 0.0757, 0.0757, 0.0757, 0.0037, 0.0037, 0.0037, 0.0037, 0.0037, 0.0037, 0.0037, 0.0037, 0.0037, 0.0037, 0.2405, 0.2405, 0.2405, 0.2405, 0.2405, 0.2405, 0.2405, 0.2405, 0.2405, 0.2405, 0.0834, 0.0834, 0.0834, 0.0834, 0.0834, 0.0834, 0.0834, 0.0834, 0.0834, 0.0834, 0.0009, 0.0009, 0.0009, 0.0009, 0.0009, 0.0009, 0.0009, 0.0009, 0.0009, 0.0009, 0.163, 0.163, 0.163, 0.163, 0.163, 0.163, 0.163, 0.163, 0.163, 0.163, 0.055, 0.055, 0.055, 0.055, 0.055, 0.055, 0.055, 0.055, 0.055, 0.055, 0.0014, 0.0014, 0.0014, 0.0014, 0.0014, 0.0014, 0.0014, 0.0014, 0.0014, 0.0014, 0.1258, 0.1258, 0.1258, 0.1258, 0.1258, 0.1258, 0.1258, 0.1258, 0.1258, 0.1258, 0.0012, 0.0012, 0.0012, 0.0012, 0.0012, 0.0012, 0.0012, 0.0012, 0.0012, 0.0012, 0.0011, 0.0011, 0.0011, 0.0011, 0.0011, 0.0011, 0.0011, 0.0011, 0.0011, 0.0011, 0.0009, 0.0009, 0.0009, 0.0009, 0.0009, 0.0009, 0.0009, 0.0009, 0.0009, 0.0009, 0.0119, 0.0119, 0.0119, 0.0119, 0.0119, 0.0119, 0.0119, 0.0119, 0.0119, 0.0119, 0.0016, 0.0016, 0.0016, 0.0016, 0.0016, 0.0016, 0.0016, 0.0016, 0.0016, 0.0016, 0.1843, 0.1843, 0.1843, 0.1843, 0.1843, 0.1843, 0.1843, 0.1843, 0.1843, 0.1843, 0.0546, 0.0546, 0.0546, 0.0546, 0.0546, 0.0546, 0.0546, 0.0546, 0.0546, 0.0546, 0.0029, 0.0029, 0.0029, 0.0029, 0.0029, 0.0029, 0.0029, 0.0029, 0.0029, 0.0029, 0.0009, 0.0009, 0.0009, 0.0009, 0.0009, 0.0009, 0.0009, 0.0009, 0.0009, 0.0009, 0.0009, 0.0009, 0.0009, 0.0009, 0.0009, 0.0009, 0.0009, 0.0009, 0.0009, 0.0009, 0.0013, 0.0013, 0.0013, 0.0013, 0.0013, 0.0013, 0.0013, 0.0013, 0.0013, 0.0013, 0.0391, 0.0391, 0.0391, 0.0391, 0.0391, 0.0391, 0.0391, 0.0391, 0.0391, 0.0391, 0.0042, 0.0042, 0.0042, 0.0042, 0.0042, 0.0042, 0.0042, 0.0042, 0.0042, 0.0042, 0.0053, 0.0053, 0.0053, 0.0053, 0.0053, 0.0053, 0.0053, 0.0053, 0.0053, 0.0053, 0.2124, 0.2124, 0.2124, 0.2124, 0.2124, 0.2124, 0.2124, 0.2124, 0.2124, 0.2124, 0.001, 0.001, 0.001, 0.001, 0.001, 0.001, 0.001, 0.001, 0.001, 0.001, 0.0012, 0.0012, 0.0012, 0.0012, 0.0012, 0.0012, 0.0012, 0.0012, 0.0012, 0.0012, 0.0011, 0.0011, 0.0011, 0.0011, 0.0011, 0.0011, 0.0011, 0.0011, 0.0011, 0.0011, 0.001, 0.001, 0.001, 0.001, 0.001, 0.001, 0.001, 0.001, 0.001, 0.001]
Validation Loss:
[0.7183932662010193, 0.26154303550720215, 0.34670358896255493, 0.24271446466445923, 0.3406602442264557, 0.34207627177238464, 0.3292621672153473, 0.26624834537506104, 0.2810707092285156, 0.2664533853530884]
Train, Validation, Test split:
Train: 6222
Validation: 1755
Test: 887
