Accuracy: 0.9291338582677166
Classification Report:
              precision    recall  f1-score   support

     Assyria       0.95      0.97      0.96       608
   Babylonia       0.96      0.93      0.94       202
        West       0.69      0.66      0.68        79

    accuracy                           0.93       889
   macro avg       0.87      0.85      0.86       889
weighted avg       0.93      0.93      0.93       889

Training Loss:
[1.0286, 1.0286, 1.0286, 1.0286, 1.0286, 1.0286, 1.0286, 1.0286, 1.0286, 1.0286, 1.0151, 1.0151, 1.0151, 1.0151, 1.0151, 1.0151, 1.0151, 1.0151, 1.0151, 1.0151, 0.9022, 0.9022, 0.9022, 0.9022, 0.9022, 0.9022, 0.9022, 0.9022, 0.9022, 0.9022, 0.8925, 0.8925, 0.8925, 0.8925, 0.8925, 0.8925, 0.8925, 0.8925, 0.8925, 0.8925, 0.7608, 0.7608, 0.7608, 0.7608, 0.7608, 0.7608, 0.7608, 0.7608, 0.7608, 0.7608, 0.8065, 0.8065, 0.8065, 0.8065, 0.8065, 0.8065, 0.8065, 0.8065, 0.8065, 0.8065, 0.6771, 0.6771, 0.6771, 0.6771, 0.6771, 0.6771, 0.6771, 0.6771, 0.6771, 0.6771, 0.8194, 0.8194, 0.8194, 0.8194, 0.8194, 0.8194, 0.8194, 0.8194, 0.8194, 0.8194, 0.8161, 0.8161, 0.8161, 0.8161, 0.8161, 0.8161, 0.8161, 0.8161, 0.8161, 0.8161, 0.7514, 0.7514, 0.7514, 0.7514, 0.7514, 0.7514, 0.7514, 0.7514, 0.7514, 0.7514, 0.7991, 0.7991, 0.7991, 0.7991, 0.7991, 0.7991, 0.7991, 0.7991, 0.7991, 0.7991, 0.7438, 0.7438, 0.7438, 0.7438, 0.7438, 0.7438, 0.7438, 0.7438, 0.7438, 0.7438, 0.9749, 0.9749, 0.9749, 0.9749, 0.9749, 0.9749, 0.9749, 0.9749, 0.9749, 0.9749, 0.7324, 0.7324, 0.7324, 0.7324, 0.7324, 0.7324, 0.7324, 0.7324, 0.7324, 0.7324, 0.6204, 0.6204, 0.6204, 0.6204, 0.6204, 0.6204, 0.6204, 0.6204, 0.6204, 0.6204, 0.7869, 0.7869, 0.7869, 0.7869, 0.7869, 0.7869, 0.7869, 0.7869, 0.7869, 0.7869, 0.6583, 0.6583, 0.6583, 0.6583, 0.6583, 0.6583, 0.6583, 0.6583, 0.6583, 0.6583, 0.6162, 0.6162, 0.6162, 0.6162, 0.6162, 0.6162, 0.6162, 0.6162, 0.6162, 0.6162, 0.5535, 0.5535, 0.5535, 0.5535, 0.5535, 0.5535, 0.5535, 0.5535, 0.5535, 0.5535, 0.5357, 0.5357, 0.5357, 0.5357, 0.5357, 0.5357, 0.5357, 0.5357, 0.5357, 0.5357, 0.6022, 0.6022, 0.6022, 0.6022, 0.6022, 0.6022, 0.6022, 0.6022, 0.6022, 0.6022, 0.6961, 0.6961, 0.6961, 0.6961, 0.6961, 0.6961, 0.6961, 0.6961, 0.6961, 0.6961, 0.7309, 0.7309, 0.7309, 0.7309, 0.7309, 0.7309, 0.7309, 0.7309, 0.7309, 0.7309, 0.5454, 0.5454, 0.5454, 0.5454, 0.5454, 0.5454, 0.5454, 0.5454, 0.5454, 0.5454, 0.6965, 0.6965, 0.6965, 0.6965, 0.6965, 0.6965, 0.6965, 0.6965, 0.6965, 0.6965, 0.6484, 0.6484, 0.6484, 0.6484, 0.6484, 0.6484, 0.6484, 0.6484, 0.6484, 0.6484, 0.606, 0.606, 0.606, 0.606, 0.606, 0.606, 0.606, 0.606, 0.606, 0.606, 0.9266, 0.9266, 0.9266, 0.9266, 0.9266, 0.9266, 0.9266, 0.9266, 0.9266, 0.9266, 0.844, 0.844, 0.844, 0.844, 0.844, 0.844, 0.844, 0.844, 0.844, 0.844, 0.5047, 0.5047, 0.5047, 0.5047, 0.5047, 0.5047, 0.5047, 0.5047, 0.5047, 0.5047, 0.5474, 0.5474, 0.5474, 0.5474, 0.5474, 0.5474, 0.5474, 0.5474, 0.5474, 0.5474, 0.5081, 0.5081, 0.5081, 0.5081, 0.5081, 0.5081, 0.5081, 0.5081, 0.5081, 0.5081, 0.5259, 0.5259, 0.5259, 0.5259, 0.5259, 0.5259, 0.5259, 0.5259, 0.5259, 0.5259, 0.6949, 0.6949, 0.6949, 0.6949, 0.6949, 0.6949, 0.6949, 0.6949, 0.6949, 0.6949, 0.6009, 0.6009, 0.6009, 0.6009, 0.6009, 0.6009, 0.6009, 0.6009, 0.6009, 0.6009, 0.6038, 0.6038, 0.6038, 0.6038, 0.6038, 0.6038, 0.6038, 0.6038, 0.6038, 0.6038, 0.6668, 0.6668, 0.6668, 0.6668, 0.6668, 0.6668, 0.6668, 0.6668, 0.6668, 0.6668, 0.3804, 0.3804, 0.3804, 0.3804, 0.3804, 0.3804, 0.3804, 0.3804, 0.3804, 0.3804, 0.4451, 0.4451, 0.4451, 0.4451, 0.4451, 0.4451, 0.4451, 0.4451, 0.4451, 0.4451, 0.5287, 0.5287, 0.5287, 0.5287, 0.5287, 0.5287, 0.5287, 0.5287, 0.5287, 0.5287, 0.7372, 0.7372, 0.7372, 0.7372, 0.7372, 0.7372, 0.7372, 0.7372, 0.7372, 0.7372, 0.5638, 0.5638, 0.5638, 0.5638, 0.5638, 0.5638, 0.5638, 0.5638, 0.5638, 0.5638, 0.4726, 0.4726, 0.4726, 0.4726, 0.4726, 0.4726, 0.4726, 0.4726, 0.4726, 0.4726, 0.6765, 0.6765, 0.6765, 0.6765, 0.6765, 0.6765, 0.6765, 0.6765, 0.6765, 0.6765, 0.6615, 0.6615, 0.6615, 0.6615, 0.6615, 0.6615, 0.6615, 0.6615, 0.6615, 0.6615, 0.2456, 0.2456, 0.2456, 0.2456, 0.2456, 0.2456, 0.2456, 0.2456, 0.2456, 0.2456, 0.689, 0.689, 0.689, 0.689, 0.689, 0.689, 0.689, 0.689, 0.689, 0.689, 0.4676, 0.4676, 0.4676, 0.4676, 0.4676, 0.4676, 0.4676, 0.4676, 0.4676, 0.4676, 0.8553, 0.8553, 0.8553, 0.8553, 0.8553, 0.8553, 0.8553, 0.8553, 0.8553, 0.8553, 0.6244, 0.6244, 0.6244, 0.6244, 0.6244, 0.6244, 0.6244, 0.6244, 0.6244, 0.6244, 0.6935, 0.6935, 0.6935, 0.6935, 0.6935, 0.6935, 0.6935, 0.6935, 0.6935, 0.6935, 0.479, 0.479, 0.479, 0.479, 0.479, 0.479, 0.479, 0.479, 0.479, 0.479, 0.8451, 0.8451, 0.8451, 0.8451, 0.8451, 0.8451, 0.8451, 0.8451, 0.8451, 0.8451, 0.5617, 0.5617, 0.5617, 0.5617, 0.5617, 0.5617, 0.5617, 0.5617, 0.5617, 0.5617, 0.4759, 0.4759, 0.4759, 0.4759, 0.4759, 0.4759, 0.4759, 0.4759, 0.4759, 0.4759, 0.482, 0.482, 0.482, 0.482, 0.482, 0.482, 0.482, 0.482, 0.482, 0.482, 0.6432, 0.6432, 0.6432, 0.6432, 0.6432, 0.6432, 0.6432, 0.6432, 0.6432, 0.6432, 0.7, 0.7, 0.7, 0.7, 0.7, 0.7, 0.7, 0.7, 0.7, 0.7, 0.2842, 0.2842, 0.2842, 0.2842, 0.2842, 0.2842, 0.2842, 0.2842, 0.2842, 0.2842, 0.3735, 0.3735, 0.3735, 0.3735, 0.3735, 0.3735, 0.3735, 0.3735, 0.3735, 0.3735, 0.6616, 0.6616, 0.6616, 0.6616, 0.6616, 0.6616, 0.6616, 0.6616, 0.6616, 0.6616, 0.5706, 0.5706, 0.5706, 0.5706, 0.5706, 0.5706, 0.5706, 0.5706, 0.5706, 0.5706, 0.4166, 0.4166, 0.4166, 0.4166, 0.4166, 0.4166, 0.4166, 0.4166, 0.4166, 0.4166, 0.4951, 0.4951, 0.4951, 0.4951, 0.4951, 0.4951, 0.4951, 0.4951, 0.4951, 0.4951, 0.6657, 0.6657, 0.6657, 0.6657, 0.6657, 0.6657, 0.6657, 0.6657, 0.6657, 0.6657, 0.326, 0.326, 0.326, 0.326, 0.326, 0.326, 0.326, 0.326, 0.326, 0.326, 0.6078, 0.6078, 0.6078, 0.6078, 0.6078, 0.6078, 0.6078, 0.6078, 0.6078, 0.6078, 0.4786, 0.4786, 0.4786, 0.4786, 0.4786, 0.4786, 0.4786, 0.4786, 0.4786, 0.4786, 0.6145, 0.6145, 0.6145, 0.6145, 0.6145, 0.6145, 0.6145, 0.6145, 0.6145, 0.6145, 0.5914, 0.5914, 0.5914, 0.5914, 0.5914, 0.5914, 0.5914, 0.5914, 0.5914, 0.5914, 0.5498, 0.5498, 0.5498, 0.5498, 0.5498, 0.5498, 0.5498, 0.5498, 0.5498, 0.5498, 0.4641, 0.4641, 0.4641, 0.4641, 0.4641, 0.4641, 0.4641, 0.4641, 0.4641, 0.4641, 0.7017, 0.7017, 0.7017, 0.7017, 0.7017, 0.7017, 0.7017, 0.7017, 0.7017, 0.7017, 0.5557, 0.5557, 0.5557, 0.5557, 0.5557, 0.5557, 0.5557, 0.5557, 0.5557, 0.5557, 0.67, 0.67, 0.67, 0.67, 0.67, 0.67, 0.67, 0.67, 0.67, 0.67, 0.6797, 0.6797, 0.6797, 0.6797, 0.6797, 0.6797, 0.6797, 0.6797, 0.6797, 0.6797, 0.5362, 0.5362, 0.5362, 0.5362, 0.5362, 0.5362, 0.5362, 0.5362, 0.5362, 0.5362, 0.6535, 0.6535, 0.6535, 0.6535, 0.6535, 0.6535, 0.6535, 0.6535, 0.6535, 0.6535, 0.3758, 0.3758, 0.3758, 0.3758, 0.3758, 0.3758, 0.3758, 0.3758, 0.3758, 0.3758, 0.6843, 0.6843, 0.6843, 0.6843, 0.6843, 0.6843, 0.6843, 0.6843, 0.6843, 0.6843, 0.5014, 0.5014, 0.5014, 0.5014, 0.5014, 0.5014, 0.5014, 0.5014, 0.5014, 0.5014, 0.3214, 0.3214, 0.3214, 0.3214, 0.3214, 0.3214, 0.3214, 0.3214, 0.3214, 0.3214, 0.443, 0.443, 0.443, 0.443, 0.443, 0.443, 0.443, 0.443, 0.443, 0.443, 0.3945, 0.3945, 0.3945, 0.3945, 0.3945, 0.3945, 0.3945, 0.3945, 0.3945, 0.3945, 0.438, 0.438, 0.438, 0.438, 0.438, 0.438, 0.438, 0.438, 0.438, 0.438, 0.6839, 0.6839, 0.6839, 0.6839, 0.6839, 0.6839, 0.6839, 0.6839, 0.6839, 0.6839, 0.6271, 0.6271, 0.6271, 0.6271, 0.6271, 0.6271, 0.6271, 0.6271, 0.6271, 0.6271, 0.8138, 0.8138, 0.8138, 0.8138, 0.8138, 0.8138, 0.8138, 0.8138, 0.8138, 0.8138, 0.4759, 0.4759, 0.4759, 0.4759, 0.4759, 0.4759, 0.4759, 0.4759, 0.4759, 0.4759, 0.5342, 0.5342, 0.5342, 0.5342, 0.5342, 0.5342, 0.5342, 0.5342, 0.5342, 0.5342, 0.3317, 0.3317, 0.3317, 0.3317, 0.3317, 0.3317, 0.3317, 0.3317, 0.3317, 0.3317, 0.5923, 0.5923, 0.5923, 0.5923, 0.5923, 0.5923, 0.5923, 0.5923, 0.5923, 0.5923, 0.3274, 0.3274, 0.3274, 0.3274, 0.3274, 0.3274, 0.3274, 0.3274, 0.3274, 0.3274, 0.6602, 0.6602, 0.6602, 0.6602, 0.6602, 0.6602, 0.6602, 0.6602, 0.6602, 0.6602, 0.6269, 0.6269, 0.6269, 0.6269, 0.6269, 0.6269, 0.6269, 0.6269, 0.6269, 0.6269, 0.5272, 0.5272, 0.5272, 0.5272, 0.5272, 0.5272, 0.5272, 0.5272, 0.5272, 0.5272, 0.7872, 0.7872, 0.7872, 0.7872, 0.7872, 0.7872, 0.7872, 0.7872, 0.7872, 0.7872, 0.5809, 0.5809, 0.5809, 0.5809, 0.5809, 0.5809, 0.5809, 0.5809, 0.5809, 0.5809, 0.6639, 0.6639, 0.6639, 0.6639, 0.6639, 0.6639, 0.6639, 0.6639, 0.6639, 0.6639, 0.5121, 0.5121, 0.5121, 0.5121, 0.5121, 0.5121, 0.5121, 0.5121, 0.5121, 0.5121, 0.6091, 0.6091, 0.6091, 0.6091, 0.6091, 0.6091, 0.6091, 0.6091, 0.6091, 0.6091, 0.4468, 0.4468, 0.4468, 0.4468, 0.4468, 0.4468, 0.4468, 0.4468, 0.4468, 0.4468, 0.5983, 0.5983, 0.5983, 0.5983, 0.5983, 0.5983, 0.5983, 0.5983, 0.5983, 0.5983, 0.5757, 0.5757, 0.5757, 0.5757, 0.5757, 0.5757, 0.5757, 0.5757, 0.5757, 0.5757, 0.5985, 0.5985, 0.5985, 0.5985, 0.5985, 0.5985, 0.5985, 0.5985, 0.5985, 0.5985, 1.0077, 1.0077, 1.0077, 1.0077, 1.0077, 1.0077, 1.0077, 1.0077, 1.0077, 1.0077, 1.3063, 1.3063, 1.3063, 1.3063, 1.3063, 1.3063, 1.3063, 1.3063, 1.3063, 1.3063, 0.7176, 0.7176, 0.7176, 0.7176, 0.7176, 0.7176, 0.7176, 0.7176, 0.7176, 0.7176, 0.731, 0.731, 0.731, 0.731, 0.731, 0.731, 0.731, 0.731, 0.731, 0.731, 0.7136, 0.7136, 0.7136, 0.7136, 0.7136, 0.7136, 0.7136, 0.7136, 0.7136, 0.7136, 0.5533, 0.5533, 0.5533, 0.5533, 0.5533, 0.5533, 0.5533, 0.5533, 0.5533, 0.5533, 0.7258, 0.7258, 0.7258, 0.7258, 0.7258, 0.7258, 0.7258, 0.7258, 0.7258, 0.7258, 0.652, 0.652, 0.652, 0.652, 0.652, 0.652, 0.652, 0.652, 0.652, 0.652, 0.6401, 0.6401, 0.6401, 0.6401, 0.6401, 0.6401, 0.6401, 0.6401, 0.6401, 0.6401, 0.67, 0.67, 0.67, 0.67, 0.67, 0.67, 0.67, 0.67, 0.67, 0.67, 0.4019, 0.4019, 0.4019, 0.4019, 0.4019, 0.4019, 0.4019, 0.4019, 0.4019, 0.4019, 0.3928, 0.3928, 0.3928, 0.3928, 0.3928, 0.3928, 0.3928, 0.3928, 0.3928, 0.3928, 0.5953, 0.5953, 0.5953, 0.5953, 0.5953, 0.5953, 0.5953, 0.5953, 0.5953, 0.5953, 0.6748, 0.6748, 0.6748, 0.6748, 0.6748, 0.6748, 0.6748, 0.6748, 0.6748, 0.6748, 0.5634, 0.5634, 0.5634, 0.5634, 0.5634, 0.5634, 0.5634, 0.5634, 0.5634, 0.5634, 0.6904, 0.6904, 0.6904, 0.6904, 0.6904, 0.6904, 0.6904, 0.6904, 0.6904, 0.6904, 0.6221, 0.6221, 0.6221, 0.6221, 0.6221, 0.6221, 0.6221, 0.6221, 0.6221, 0.6221, 0.9852, 0.9852, 0.9852, 0.9852, 0.9852, 0.9852, 0.9852, 0.9852, 0.9852, 0.9852, 0.6344, 0.6344, 0.6344, 0.6344, 0.6344, 0.6344, 0.6344, 0.6344, 0.6344, 0.6344, 0.5606, 0.5606, 0.5606, 0.5606, 0.5606, 0.5606, 0.5606, 0.5606, 0.5606, 0.5606, 0.5327, 0.5327, 0.5327, 0.5327, 0.5327, 0.5327, 0.5327, 0.5327, 0.5327, 0.5327, 0.4015, 0.4015, 0.4015, 0.4015, 0.4015, 0.4015, 0.4015, 0.4015, 0.4015, 0.4015, 0.5002, 0.5002, 0.5002, 0.5002, 0.5002, 0.5002, 0.5002, 0.5002, 0.5002, 0.5002, 0.631, 0.631, 0.631, 0.631, 0.631, 0.631, 0.631, 0.631, 0.631, 0.631, 0.6245, 0.6245, 0.6245, 0.6245, 0.6245, 0.6245, 0.6245, 0.6245, 0.6245, 0.6245, 0.6468, 0.6468, 0.6468, 0.6468, 0.6468, 0.6468, 0.6468, 0.6468, 0.6468, 0.6468, 0.6401, 0.6401, 0.6401, 0.6401, 0.6401, 0.6401, 0.6401, 0.6401, 0.6401, 0.6401, 0.7556, 0.7556, 0.7556, 0.7556, 0.7556, 0.7556, 0.7556, 0.7556, 0.7556, 0.7556, 0.702, 0.702, 0.702, 0.702, 0.702, 0.702, 0.702, 0.702, 0.702, 0.702, 0.6312, 0.6312, 0.6312, 0.6312, 0.6312, 0.6312, 0.6312, 0.6312, 0.6312, 0.6312, 0.5297, 0.5297, 0.5297, 0.5297, 0.5297, 0.5297, 0.5297, 0.5297, 0.5297, 0.5297, 0.382, 0.382, 0.382, 0.382, 0.382, 0.382, 0.382, 0.382, 0.382, 0.382, 0.5646, 0.5646, 0.5646, 0.5646, 0.5646, 0.5646, 0.5646, 0.5646, 0.5646, 0.5646, 0.7266, 0.7266, 0.7266, 0.7266, 0.7266, 0.7266, 0.7266, 0.7266, 0.7266, 0.7266, 0.4961, 0.4961, 0.4961, 0.4961, 0.4961, 0.4961, 0.4961, 0.4961, 0.4961, 0.4961, 0.641, 0.641, 0.641, 0.641, 0.641, 0.641, 0.641, 0.641, 0.641, 0.641, 0.6101, 0.6101, 0.6101, 0.6101, 0.6101, 0.6101, 0.6101, 0.6101, 0.6101, 0.6101, 0.7882, 0.7882, 0.7882, 0.7882, 0.7882, 0.7882, 0.7882, 0.7882, 0.7882, 0.7882, 1.1393, 1.1393, 1.1393, 1.1393, 1.1393, 1.1393, 1.1393, 1.1393, 1.1393, 1.1393, 0.7523, 0.7523, 0.7523, 0.7523, 0.7523, 0.7523, 0.7523, 0.7523, 0.7523, 0.7523, 0.8525, 0.8525, 0.8525, 0.8525, 0.8525, 0.8525, 0.8525, 0.8525, 0.8525, 0.8525, 0.4544, 0.4544, 0.4544, 0.4544, 0.4544, 0.4544, 0.4544, 0.4544, 0.4544, 0.4544, 0.5215, 0.5215, 0.5215, 0.5215, 0.5215, 0.5215, 0.5215, 0.5215, 0.5215, 0.5215, 0.5673, 0.5673, 0.5673, 0.5673, 0.5673, 0.5673, 0.5673, 0.5673, 0.5673, 0.5673, 0.5134, 0.5134, 0.5134, 0.5134, 0.5134, 0.5134, 0.5134, 0.5134, 0.5134, 0.5134, 0.3555, 0.3555, 0.3555, 0.3555, 0.3555, 0.3555, 0.3555, 0.3555, 0.3555, 0.3555, 0.4266, 0.4266, 0.4266, 0.4266, 0.4266, 0.4266, 0.4266, 0.4266, 0.4266, 0.4266, 0.8095, 0.8095, 0.8095, 0.8095, 0.8095, 0.8095, 0.8095, 0.8095, 0.8095, 0.8095, 0.7268, 0.7268, 0.7268, 0.7268, 0.7268, 0.7268, 0.7268, 0.7268, 0.7268, 0.7268, 0.2657, 0.2657, 0.2657, 0.2657, 0.2657, 0.2657, 0.2657, 0.2657, 0.2657, 0.2657, 0.3658, 0.3658, 0.3658, 0.3658, 0.3658, 0.3658, 0.3658, 0.3658, 0.3658, 0.3658, 0.2985, 0.2985, 0.2985, 0.2985, 0.2985, 0.2985, 0.2985, 0.2985, 0.2985, 0.2985, 0.5878, 0.5878, 0.5878, 0.5878, 0.5878, 0.5878, 0.5878, 0.5878, 0.5878, 0.5878, 0.453, 0.453, 0.453, 0.453, 0.453, 0.453, 0.453, 0.453, 0.453, 0.453, 0.4719, 0.4719, 0.4719, 0.4719, 0.4719, 0.4719, 0.4719, 0.4719, 0.4719, 0.4719, 0.3378, 0.3378, 0.3378, 0.3378, 0.3378, 0.3378, 0.3378, 0.3378, 0.3378, 0.3378, 0.5011, 0.5011, 0.5011, 0.5011, 0.5011, 0.5011, 0.5011, 0.5011, 0.5011, 0.5011, 0.4038, 0.4038, 0.4038, 0.4038, 0.4038, 0.4038, 0.4038, 0.4038, 0.4038, 0.4038, 0.423, 0.423, 0.423, 0.423, 0.423, 0.423, 0.423, 0.423, 0.423, 0.423, 0.3422, 0.3422, 0.3422, 0.3422, 0.3422, 0.3422, 0.3422, 0.3422, 0.3422, 0.3422, 0.5466, 0.5466, 0.5466, 0.5466, 0.5466, 0.5466, 0.5466, 0.5466, 0.5466, 0.5466, 0.4261, 0.4261, 0.4261, 0.4261, 0.4261, 0.4261, 0.4261, 0.4261, 0.4261, 0.4261, 0.578, 0.578, 0.578, 0.578, 0.578, 0.578, 0.578, 0.578, 0.578, 0.578, 0.4944, 0.4944, 0.4944, 0.4944, 0.4944, 0.4944, 0.4944, 0.4944, 0.4944, 0.4944, 0.2457, 0.2457, 0.2457, 0.2457, 0.2457, 0.2457, 0.2457, 0.2457, 0.2457, 0.2457, 0.4587, 0.4587, 0.4587, 0.4587, 0.4587, 0.4587, 0.4587, 0.4587, 0.4587, 0.4587, 0.3319, 0.3319, 0.3319, 0.3319, 0.3319, 0.3319, 0.3319, 0.3319, 0.3319, 0.3319, 0.358, 0.358, 0.358, 0.358, 0.358, 0.358, 0.358, 0.358, 0.358, 0.358, 0.5607, 0.5607, 0.5607, 0.5607, 0.5607, 0.5607, 0.5607, 0.5607, 0.5607, 0.5607, 0.6282, 0.6282, 0.6282, 0.6282, 0.6282, 0.6282, 0.6282, 0.6282, 0.6282, 0.6282, 0.5375, 0.5375, 0.5375, 0.5375, 0.5375, 0.5375, 0.5375, 0.5375, 0.5375, 0.5375, 0.3164, 0.3164, 0.3164, 0.3164, 0.3164, 0.3164, 0.3164, 0.3164, 0.3164, 0.3164, 0.5816, 0.5816, 0.5816, 0.5816, 0.5816, 0.5816, 0.5816, 0.5816, 0.5816, 0.5816, 0.502, 0.502, 0.502, 0.502, 0.502, 0.502, 0.502, 0.502, 0.502, 0.502, 0.4116, 0.4116, 0.4116, 0.4116, 0.4116, 0.4116, 0.4116, 0.4116, 0.4116, 0.4116, 0.4541, 0.4541, 0.4541, 0.4541, 0.4541, 0.4541, 0.4541, 0.4541, 0.4541, 0.4541, 0.4206, 0.4206, 0.4206, 0.4206, 0.4206, 0.4206, 0.4206, 0.4206, 0.4206, 0.4206, 0.4239, 0.4239, 0.4239, 0.4239, 0.4239, 0.4239, 0.4239, 0.4239, 0.4239, 0.4239, 0.5098, 0.5098, 0.5098, 0.5098, 0.5098, 0.5098, 0.5098, 0.5098, 0.5098, 0.5098, 0.3401, 0.3401, 0.3401, 0.3401, 0.3401, 0.3401, 0.3401, 0.3401, 0.3401, 0.3401, 0.3767, 0.3767, 0.3767, 0.3767, 0.3767, 0.3767, 0.3767, 0.3767, 0.3767, 0.3767, 0.3917, 0.3917, 0.3917, 0.3917, 0.3917, 0.3917, 0.3917, 0.3917, 0.3917, 0.3917, 0.3338, 0.3338, 0.3338, 0.3338, 0.3338, 0.3338, 0.3338, 0.3338, 0.3338, 0.3338, 0.6218, 0.6218, 0.6218, 0.6218, 0.6218, 0.6218, 0.6218, 0.6218, 0.6218, 0.6218, 0.3609, 0.3609, 0.3609, 0.3609, 0.3609, 0.3609, 0.3609, 0.3609, 0.3609, 0.3609, 0.8102, 0.8102, 0.8102, 0.8102, 0.8102, 0.8102, 0.8102, 0.8102, 0.8102, 0.8102, 0.4362, 0.4362, 0.4362, 0.4362, 0.4362, 0.4362, 0.4362, 0.4362, 0.4362, 0.4362, 0.3551, 0.3551, 0.3551, 0.3551, 0.3551, 0.3551, 0.3551, 0.3551, 0.3551, 0.3551, 0.4713, 0.4713, 0.4713, 0.4713, 0.4713, 0.4713, 0.4713, 0.4713, 0.4713, 0.4713, 0.5553, 0.5553, 0.5553, 0.5553, 0.5553, 0.5553, 0.5553, 0.5553, 0.5553, 0.5553, 0.5346, 0.5346, 0.5346, 0.5346, 0.5346, 0.5346, 0.5346, 0.5346, 0.5346, 0.5346, 0.3734, 0.3734, 0.3734, 0.3734, 0.3734, 0.3734, 0.3734, 0.3734, 0.3734, 0.3734, 0.3369, 0.3369, 0.3369, 0.3369, 0.3369, 0.3369, 0.3369, 0.3369, 0.3369, 0.3369, 0.5258, 0.5258, 0.5258, 0.5258, 0.5258, 0.5258, 0.5258, 0.5258, 0.5258, 0.5258, 0.5489, 0.5489, 0.5489, 0.5489, 0.5489, 0.5489, 0.5489, 0.5489, 0.5489, 0.5489, 0.357, 0.357, 0.357, 0.357, 0.357, 0.357, 0.357, 0.357, 0.357, 0.357, 0.3939, 0.3939, 0.3939, 0.3939, 0.3939, 0.3939, 0.3939, 0.3939, 0.3939, 0.3939, 0.4578, 0.4578, 0.4578, 0.4578, 0.4578, 0.4578, 0.4578, 0.4578, 0.4578, 0.4578, 0.5053, 0.5053, 0.5053, 0.5053, 0.5053, 0.5053, 0.5053, 0.5053, 0.5053, 0.5053, 0.4567, 0.4567, 0.4567, 0.4567, 0.4567, 0.4567, 0.4567, 0.4567, 0.4567, 0.4567, 0.4045, 0.4045, 0.4045, 0.4045, 0.4045, 0.4045, 0.4045, 0.4045, 0.4045, 0.4045, 0.7113, 0.7113, 0.7113, 0.7113, 0.7113, 0.7113, 0.7113, 0.7113, 0.7113, 0.7113, 0.1773, 0.1773, 0.1773, 0.1773, 0.1773, 0.1773, 0.1773, 0.1773, 0.1773, 0.1773, 0.2569, 0.2569, 0.2569, 0.2569, 0.2569, 0.2569, 0.2569, 0.2569, 0.2569, 0.2569, 0.1831, 0.1831, 0.1831, 0.1831, 0.1831, 0.1831, 0.1831, 0.1831, 0.1831, 0.1831, 0.7265, 0.7265, 0.7265, 0.7265, 0.7265, 0.7265, 0.7265, 0.7265, 0.7265, 0.7265, 0.2983, 0.2983, 0.2983, 0.2983, 0.2983, 0.2983, 0.2983, 0.2983, 0.2983, 0.2983, 0.4759, 0.4759, 0.4759, 0.4759, 0.4759, 0.4759, 0.4759, 0.4759, 0.4759, 0.4759, 0.3706, 0.3706, 0.3706, 0.3706, 0.3706, 0.3706, 0.3706, 0.3706, 0.3706, 0.3706, 0.3801, 0.3801, 0.3801, 0.3801, 0.3801, 0.3801, 0.3801, 0.3801, 0.3801, 0.3801, 0.4781, 0.4781, 0.4781, 0.4781, 0.4781, 0.4781, 0.4781, 0.4781, 0.4781, 0.4781, 0.2308, 0.2308, 0.2308, 0.2308, 0.2308, 0.2308, 0.2308, 0.2308, 0.2308, 0.2308, 0.4594, 0.4594, 0.4594, 0.4594, 0.4594, 0.4594, 0.4594, 0.4594, 0.4594, 0.4594, 0.5733, 0.5733, 0.5733, 0.5733, 0.5733, 0.5733, 0.5733, 0.5733, 0.5733, 0.5733, 0.3147, 0.3147, 0.3147, 0.3147, 0.3147, 0.3147, 0.3147, 0.3147, 0.3147, 0.3147, 0.1562, 0.1562, 0.1562, 0.1562, 0.1562, 0.1562, 0.1562, 0.1562, 0.1562, 0.1562, 0.4432, 0.4432, 0.4432, 0.4432, 0.4432, 0.4432, 0.4432, 0.4432, 0.4432, 0.4432, 0.6954, 0.6954, 0.6954, 0.6954, 0.6954, 0.6954, 0.6954, 0.6954, 0.6954, 0.6954, 0.6318, 0.6318, 0.6318, 0.6318, 0.6318, 0.6318, 0.6318, 0.6318, 0.6318, 0.6318, 0.2513, 0.2513, 0.2513, 0.2513, 0.2513, 0.2513, 0.2513, 0.2513, 0.2513, 0.2513, 0.4117, 0.4117, 0.4117, 0.4117, 0.4117, 0.4117, 0.4117, 0.4117, 0.4117, 0.4117, 0.4648, 0.4648, 0.4648, 0.4648, 0.4648, 0.4648, 0.4648, 0.4648, 0.4648, 0.4648, 0.4682, 0.4682, 0.4682, 0.4682, 0.4682, 0.4682, 0.4682, 0.4682, 0.4682, 0.4682, 0.4748, 0.4748, 0.4748, 0.4748, 0.4748, 0.4748, 0.4748, 0.4748, 0.4748, 0.4748, 0.4786, 0.4786, 0.4786, 0.4786, 0.4786, 0.4786, 0.4786, 0.4786, 0.4786, 0.4786, 0.3374, 0.3374, 0.3374, 0.3374, 0.3374, 0.3374, 0.3374, 0.3374, 0.3374, 0.3374, 0.205, 0.205, 0.205, 0.205, 0.205, 0.205, 0.205, 0.205, 0.205, 0.205, 0.5151, 0.5151, 0.5151, 0.5151, 0.5151, 0.5151, 0.5151, 0.5151, 0.5151, 0.5151, 0.3889, 0.3889, 0.3889, 0.3889, 0.3889, 0.3889, 0.3889, 0.3889, 0.3889, 0.3889, 0.2256, 0.2256, 0.2256, 0.2256, 0.2256, 0.2256, 0.2256, 0.2256, 0.2256, 0.2256, 0.2445, 0.2445, 0.2445, 0.2445, 0.2445, 0.2445, 0.2445, 0.2445, 0.2445, 0.2445, 0.6047, 0.6047, 0.6047, 0.6047, 0.6047, 0.6047, 0.6047, 0.6047, 0.6047, 0.6047, 0.2528, 0.2528, 0.2528, 0.2528, 0.2528, 0.2528, 0.2528, 0.2528, 0.2528, 0.2528, 0.4029, 0.4029, 0.4029, 0.4029, 0.4029, 0.4029, 0.4029, 0.4029, 0.4029, 0.4029, 0.4703, 0.4703, 0.4703, 0.4703, 0.4703, 0.4703, 0.4703, 0.4703, 0.4703, 0.4703, 0.3421, 0.3421, 0.3421, 0.3421, 0.3421, 0.3421, 0.3421, 0.3421, 0.3421, 0.3421, 0.5093, 0.5093, 0.5093, 0.5093, 0.5093, 0.5093, 0.5093, 0.5093, 0.5093, 0.5093, 0.1547, 0.1547, 0.1547, 0.1547, 0.1547, 0.1547, 0.1547, 0.1547, 0.1547, 0.1547, 0.2384, 0.2384, 0.2384, 0.2384, 0.2384, 0.2384, 0.2384, 0.2384, 0.2384, 0.2384, 0.2436, 0.2436, 0.2436, 0.2436, 0.2436, 0.2436, 0.2436, 0.2436, 0.2436, 0.2436, 0.1971, 0.1971, 0.1971, 0.1971, 0.1971, 0.1971, 0.1971, 0.1971, 0.1971, 0.1971, 0.3155, 0.3155, 0.3155, 0.3155, 0.3155, 0.3155, 0.3155, 0.3155, 0.3155, 0.3155, 0.358, 0.358, 0.358, 0.358, 0.358, 0.358, 0.358, 0.358, 0.358, 0.358, 0.495, 0.495, 0.495, 0.495, 0.495, 0.495, 0.495, 0.495, 0.495, 0.495, 0.414, 0.414, 0.414, 0.414, 0.414, 0.414, 0.414, 0.414, 0.414, 0.414, 0.2401, 0.2401, 0.2401, 0.2401, 0.2401, 0.2401, 0.2401, 0.2401, 0.2401, 0.2401, 0.3673, 0.3673, 0.3673, 0.3673, 0.3673, 0.3673, 0.3673, 0.3673, 0.3673, 0.3673, 0.3257, 0.3257, 0.3257, 0.3257, 0.3257, 0.3257, 0.3257, 0.3257, 0.3257, 0.3257, 0.363, 0.363, 0.363, 0.363, 0.363, 0.363, 0.363, 0.363, 0.363, 0.363, 0.309, 0.309, 0.309, 0.309, 0.309, 0.309, 0.309, 0.309, 0.309, 0.309, 0.2647, 0.2647, 0.2647, 0.2647, 0.2647, 0.2647, 0.2647, 0.2647, 0.2647, 0.2647, 0.4934, 0.4934, 0.4934, 0.4934, 0.4934, 0.4934, 0.4934, 0.4934, 0.4934, 0.4934, 0.3652, 0.3652, 0.3652, 0.3652, 0.3652, 0.3652, 0.3652, 0.3652, 0.3652, 0.3652, 0.422, 0.422, 0.422, 0.422, 0.422, 0.422, 0.422, 0.422, 0.422, 0.422, 0.2827, 0.2827, 0.2827, 0.2827, 0.2827, 0.2827, 0.2827, 0.2827, 0.2827, 0.2827, 0.2695, 0.2695, 0.2695, 0.2695, 0.2695, 0.2695, 0.2695, 0.2695, 0.2695, 0.2695, 0.1254, 0.1254, 0.1254, 0.1254, 0.1254, 0.1254, 0.1254, 0.1254, 0.1254, 0.1254, 0.6033, 0.6033, 0.6033, 0.6033, 0.6033, 0.6033, 0.6033, 0.6033, 0.6033, 0.6033, 0.3606, 0.3606, 0.3606, 0.3606, 0.3606, 0.3606, 0.3606, 0.3606, 0.3606, 0.3606, 0.1997, 0.1997, 0.1997, 0.1997, 0.1997, 0.1997, 0.1997, 0.1997, 0.1997, 0.1997, 0.4452, 0.4452, 0.4452, 0.4452, 0.4452, 0.4452, 0.4452, 0.4452, 0.4452, 0.4452, 0.4843, 0.4843, 0.4843, 0.4843, 0.4843, 0.4843, 0.4843, 0.4843, 0.4843, 0.4843, 0.4287, 0.4287, 0.4287, 0.4287, 0.4287, 0.4287, 0.4287, 0.4287, 0.4287, 0.4287, 0.435, 0.435, 0.435, 0.435, 0.435, 0.435, 0.435, 0.435, 0.435, 0.435, 0.292, 0.292, 0.292, 0.292, 0.292, 0.292, 0.292, 0.292, 0.292, 0.292, 0.3739, 0.3739, 0.3739, 0.3739, 0.3739, 0.3739, 0.3739, 0.3739, 0.3739, 0.3739, 0.4714, 0.4714, 0.4714, 0.4714, 0.4714, 0.4714, 0.4714, 0.4714, 0.4714, 0.4714, 0.4477, 0.4477, 0.4477, 0.4477, 0.4477, 0.4477, 0.4477, 0.4477, 0.4477, 0.4477, 0.2417, 0.2417, 0.2417, 0.2417, 0.2417, 0.2417, 0.2417, 0.2417, 0.2417, 0.2417, 0.3039, 0.3039, 0.3039, 0.3039, 0.3039, 0.3039, 0.3039, 0.3039, 0.3039, 0.3039, 0.2247, 0.2247, 0.2247, 0.2247, 0.2247, 0.2247, 0.2247, 0.2247, 0.2247, 0.2247, 0.3384, 0.3384, 0.3384, 0.3384, 0.3384, 0.3384, 0.3384, 0.3384, 0.3384, 0.3384, 0.381, 0.381, 0.381, 0.381, 0.381, 0.381, 0.381, 0.381, 0.381, 0.381, 0.2633, 0.2633, 0.2633, 0.2633, 0.2633, 0.2633, 0.2633, 0.2633, 0.2633, 0.2633, 0.236, 0.236, 0.236, 0.236, 0.236, 0.236, 0.236, 0.236, 0.236, 0.236, 0.2616, 0.2616, 0.2616, 0.2616, 0.2616, 0.2616, 0.2616, 0.2616, 0.2616, 0.2616, 0.2764, 0.2764, 0.2764, 0.2764, 0.2764, 0.2764, 0.2764, 0.2764, 0.2764, 0.2764, 0.6476, 0.6476, 0.6476, 0.6476, 0.6476, 0.6476, 0.6476, 0.6476, 0.6476, 0.6476, 0.1768, 0.1768, 0.1768, 0.1768, 0.1768, 0.1768, 0.1768, 0.1768, 0.1768, 0.1768, 0.6073, 0.6073, 0.6073, 0.6073, 0.6073, 0.6073, 0.6073, 0.6073, 0.6073, 0.6073, 0.4043, 0.4043, 0.4043, 0.4043, 0.4043, 0.4043, 0.4043, 0.4043, 0.4043, 0.4043, 0.4044, 0.4044, 0.4044, 0.4044, 0.4044, 0.4044, 0.4044, 0.4044, 0.4044, 0.4044, 0.2819, 0.2819, 0.2819, 0.2819, 0.2819, 0.2819, 0.2819, 0.2819, 0.2819, 0.2819, 0.3471, 0.3471, 0.3471, 0.3471, 0.3471, 0.3471, 0.3471, 0.3471, 0.3471, 0.3471, 0.2603, 0.2603, 0.2603, 0.2603, 0.2603, 0.2603, 0.2603, 0.2603, 0.2603, 0.2603, 0.378, 0.378, 0.378, 0.378, 0.378, 0.378, 0.378, 0.378, 0.378, 0.378, 0.295, 0.295, 0.295, 0.295, 0.295, 0.295, 0.295, 0.295, 0.295, 0.295, 0.0644, 0.0644, 0.0644, 0.0644, 0.0644, 0.0644, 0.0644, 0.0644, 0.0644, 0.0644, 0.4152, 0.4152, 0.4152, 0.4152, 0.4152, 0.4152, 0.4152, 0.4152, 0.4152, 0.4152, 0.2736, 0.2736, 0.2736, 0.2736, 0.2736, 0.2736, 0.2736, 0.2736, 0.2736, 0.2736, 0.4036, 0.4036, 0.4036, 0.4036, 0.4036, 0.4036, 0.4036, 0.4036, 0.4036, 0.4036, 0.438, 0.438, 0.438, 0.438, 0.438, 0.438, 0.438, 0.438, 0.438, 0.438, 0.1944, 0.1944, 0.1944, 0.1944, 0.1944, 0.1944, 0.1944, 0.1944, 0.1944, 0.1944, 0.2678, 0.2678, 0.2678, 0.2678, 0.2678, 0.2678, 0.2678, 0.2678, 0.2678, 0.2678, 0.4018, 0.4018, 0.4018, 0.4018, 0.4018, 0.4018, 0.4018, 0.4018, 0.4018, 0.4018, 0.1452, 0.1452, 0.1452, 0.1452, 0.1452, 0.1452, 0.1452, 0.1452, 0.1452, 0.1452, 0.2843, 0.2843, 0.2843, 0.2843, 0.2843, 0.2843, 0.2843, 0.2843, 0.2843, 0.2843, 0.3951, 0.3951, 0.3951, 0.3951, 0.3951, 0.3951, 0.3951, 0.3951, 0.3951, 0.3951, 0.445, 0.445, 0.445, 0.445, 0.445, 0.445, 0.445, 0.445, 0.445, 0.445, 0.4978, 0.4978, 0.4978, 0.4978, 0.4978, 0.4978, 0.4978, 0.4978, 0.4978, 0.4978, 0.4477, 0.4477, 0.4477, 0.4477, 0.4477, 0.4477, 0.4477, 0.4477, 0.4477, 0.4477, 0.2808, 0.2808, 0.2808, 0.2808, 0.2808, 0.2808, 0.2808, 0.2808, 0.2808, 0.2808, 0.1864, 0.1864, 0.1864, 0.1864, 0.1864, 0.1864, 0.1864, 0.1864, 0.1864, 0.1864, 0.3208, 0.3208, 0.3208, 0.3208, 0.3208, 0.3208, 0.3208, 0.3208, 0.3208, 0.3208, 0.5012, 0.5012, 0.5012, 0.5012, 0.5012, 0.5012, 0.5012, 0.5012, 0.5012, 0.5012, 0.2228, 0.2228, 0.2228, 0.2228, 0.2228, 0.2228, 0.2228, 0.2228, 0.2228, 0.2228, 0.3419, 0.3419, 0.3419, 0.3419, 0.3419, 0.3419, 0.3419, 0.3419, 0.3419, 0.3419, 0.1474, 0.1474, 0.1474, 0.1474, 0.1474, 0.1474, 0.1474, 0.1474, 0.1474, 0.1474, 0.2386, 0.2386, 0.2386, 0.2386, 0.2386, 0.2386, 0.2386, 0.2386, 0.2386, 0.2386, 0.1981, 0.1981, 0.1981, 0.1981, 0.1981, 0.1981, 0.1981, 0.1981, 0.1981, 0.1981, 0.3966, 0.3966, 0.3966, 0.3966, 0.3966, 0.3966, 0.3966, 0.3966, 0.3966, 0.3966, 0.2952, 0.2952, 0.2952, 0.2952, 0.2952, 0.2952, 0.2952, 0.2952, 0.2952, 0.2952, 0.2705, 0.2705, 0.2705, 0.2705, 0.2705, 0.2705, 0.2705, 0.2705, 0.2705, 0.2705, 0.3446, 0.3446, 0.3446, 0.3446, 0.3446, 0.3446, 0.3446, 0.3446, 0.3446, 0.3446, 0.3369, 0.3369, 0.3369, 0.3369, 0.3369, 0.3369, 0.3369, 0.3369, 0.3369, 0.3369, 0.4723, 0.4723, 0.4723, 0.4723, 0.4723, 0.4723, 0.4723, 0.4723, 0.4723, 0.4723, 0.181, 0.181, 0.181, 0.181, 0.181, 0.181, 0.181, 0.181, 0.181, 0.181, 0.3175, 0.3175, 0.3175, 0.3175, 0.3175, 0.3175, 0.3175, 0.3175, 0.3175, 0.3175, 0.329, 0.329, 0.329, 0.329, 0.329, 0.329, 0.329, 0.329, 0.329, 0.329, 0.3495, 0.3495, 0.3495, 0.3495, 0.3495, 0.3495, 0.3495, 0.3495, 0.3495, 0.3495, 0.5806, 0.5806, 0.5806, 0.5806, 0.5806, 0.5806, 0.5806, 0.5806, 0.5806, 0.5806, 0.3063, 0.3063, 0.3063, 0.3063, 0.3063, 0.3063, 0.3063, 0.3063, 0.3063, 0.3063, 0.1921, 0.1921, 0.1921, 0.1921, 0.1921, 0.1921, 0.1921, 0.1921, 0.1921, 0.1921, 0.2381, 0.2381, 0.2381, 0.2381, 0.2381, 0.2381, 0.2381, 0.2381, 0.2381, 0.2381, 0.1603, 0.1603, 0.1603, 0.1603, 0.1603, 0.1603, 0.1603, 0.1603, 0.1603, 0.1603, 0.169, 0.169, 0.169, 0.169, 0.169, 0.169, 0.169, 0.169, 0.169, 0.169, 0.1113, 0.1113, 0.1113, 0.1113, 0.1113, 0.1113, 0.1113, 0.1113, 0.1113, 0.1113, 0.2391, 0.2391, 0.2391, 0.2391, 0.2391, 0.2391, 0.2391, 0.2391, 0.2391, 0.2391, 0.4668, 0.4668, 0.4668, 0.4668, 0.4668, 0.4668, 0.4668, 0.4668, 0.4668, 0.4668, 0.329, 0.329, 0.329, 0.329, 0.329, 0.329, 0.329, 0.329, 0.329, 0.329, 0.3236, 0.3236, 0.3236, 0.3236, 0.3236, 0.3236, 0.3236, 0.3236, 0.3236, 0.3236, 0.1315, 0.1315, 0.1315, 0.1315, 0.1315, 0.1315, 0.1315, 0.1315, 0.1315, 0.1315, 0.2251, 0.2251, 0.2251, 0.2251, 0.2251, 0.2251, 0.2251, 0.2251, 0.2251, 0.2251, 0.3892, 0.3892, 0.3892, 0.3892, 0.3892, 0.3892, 0.3892, 0.3892, 0.3892, 0.3892, 0.2757, 0.2757, 0.2757, 0.2757, 0.2757, 0.2757, 0.2757, 0.2757, 0.2757, 0.2757, 0.2924, 0.2924, 0.2924, 0.2924, 0.2924, 0.2924, 0.2924, 0.2924, 0.2924, 0.2924, 0.1918, 0.1918, 0.1918, 0.1918, 0.1918, 0.1918, 0.1918, 0.1918, 0.1918, 0.1918, 0.0848, 0.0848, 0.0848, 0.0848, 0.0848, 0.0848, 0.0848, 0.0848, 0.0848, 0.0848, 0.3595, 0.3595, 0.3595, 0.3595, 0.3595, 0.3595, 0.3595, 0.3595, 0.3595, 0.3595, 0.3276, 0.3276, 0.3276, 0.3276, 0.3276, 0.3276, 0.3276, 0.3276, 0.3276, 0.3276, 0.2647, 0.2647, 0.2647, 0.2647, 0.2647, 0.2647, 0.2647, 0.2647, 0.2647, 0.2647, 0.1729, 0.1729, 0.1729, 0.1729, 0.1729, 0.1729, 0.1729, 0.1729, 0.1729, 0.1729, 0.2042, 0.2042, 0.2042, 0.2042, 0.2042, 0.2042, 0.2042, 0.2042, 0.2042, 0.2042, 0.1557, 0.1557, 0.1557, 0.1557, 0.1557, 0.1557, 0.1557, 0.1557, 0.1557, 0.1557, 0.4323, 0.4323, 0.4323, 0.4323, 0.4323, 0.4323, 0.4323, 0.4323, 0.4323, 0.4323, 0.1931, 0.1931, 0.1931, 0.1931, 0.1931, 0.1931, 0.1931, 0.1931, 0.1931, 0.1931, 0.3275, 0.3275, 0.3275, 0.3275, 0.3275, 0.3275, 0.3275, 0.3275, 0.3275, 0.3275, 0.186, 0.186, 0.186, 0.186, 0.186, 0.186, 0.186, 0.186, 0.186, 0.186, 0.4025, 0.4025, 0.4025, 0.4025, 0.4025, 0.4025, 0.4025, 0.4025, 0.4025, 0.4025, 0.4237, 0.4237, 0.4237, 0.4237, 0.4237, 0.4237, 0.4237, 0.4237, 0.4237, 0.4237, 0.1203, 0.1203, 0.1203, 0.1203, 0.1203, 0.1203, 0.1203, 0.1203, 0.1203, 0.1203, 0.1848, 0.1848, 0.1848, 0.1848, 0.1848, 0.1848, 0.1848, 0.1848, 0.1848, 0.1848, 0.2768, 0.2768, 0.2768, 0.2768, 0.2768, 0.2768, 0.2768, 0.2768, 0.2768, 0.2768, 0.2426, 0.2426, 0.2426, 0.2426, 0.2426, 0.2426, 0.2426, 0.2426, 0.2426, 0.2426, 0.2438, 0.2438, 0.2438, 0.2438, 0.2438, 0.2438, 0.2438, 0.2438, 0.2438, 0.2438, 0.3204, 0.3204, 0.3204, 0.3204, 0.3204, 0.3204, 0.3204, 0.3204, 0.3204, 0.3204, 0.2698, 0.2698, 0.2698, 0.2698, 0.2698, 0.2698, 0.2698, 0.2698, 0.2698, 0.2698, 0.1804, 0.1804, 0.1804, 0.1804, 0.1804, 0.1804, 0.1804, 0.1804, 0.1804, 0.1804, 0.5128, 0.5128, 0.5128, 0.5128, 0.5128, 0.5128, 0.5128, 0.5128, 0.5128, 0.5128, 0.2054, 0.2054, 0.2054, 0.2054, 0.2054, 0.2054, 0.2054, 0.2054, 0.2054, 0.2054, 0.4499, 0.4499, 0.4499, 0.4499, 0.4499, 0.4499, 0.4499, 0.4499, 0.4499, 0.4499, 0.2053, 0.2053, 0.2053, 0.2053, 0.2053, 0.2053, 0.2053, 0.2053, 0.2053, 0.2053, 0.2335, 0.2335, 0.2335, 0.2335, 0.2335, 0.2335, 0.2335, 0.2335, 0.2335, 0.2335, 0.2606, 0.2606, 0.2606, 0.2606, 0.2606, 0.2606, 0.2606, 0.2606, 0.2606, 0.2606, 0.4437, 0.4437, 0.4437, 0.4437, 0.4437, 0.4437, 0.4437, 0.4437, 0.4437, 0.4437, 0.3069, 0.3069, 0.3069, 0.3069, 0.3069, 0.3069, 0.3069, 0.3069, 0.3069, 0.3069, 0.1541, 0.1541, 0.1541, 0.1541, 0.1541, 0.1541, 0.1541, 0.1541, 0.1541, 0.1541, 0.3998, 0.3998, 0.3998, 0.3998, 0.3998, 0.3998, 0.3998, 0.3998, 0.3998, 0.3998, 0.1288, 0.1288, 0.1288, 0.1288, 0.1288, 0.1288, 0.1288, 0.1288, 0.1288, 0.1288, 0.0203, 0.0203, 0.0203, 0.0203, 0.0203, 0.0203, 0.0203, 0.0203, 0.0203, 0.0203, 0.3222, 0.3222, 0.3222, 0.3222, 0.3222, 0.3222, 0.3222, 0.3222, 0.3222, 0.3222, 0.1685, 0.1685, 0.1685, 0.1685, 0.1685, 0.1685, 0.1685, 0.1685, 0.1685, 0.1685, 0.323, 0.323, 0.323, 0.323, 0.323, 0.323, 0.323, 0.323, 0.323, 0.323, 0.1189, 0.1189, 0.1189, 0.1189, 0.1189, 0.1189, 0.1189, 0.1189, 0.1189, 0.1189, 0.2705, 0.2705, 0.2705, 0.2705, 0.2705, 0.2705, 0.2705, 0.2705, 0.2705, 0.2705, 0.2158, 0.2158, 0.2158, 0.2158, 0.2158, 0.2158, 0.2158, 0.2158, 0.2158, 0.2158, 0.123, 0.123, 0.123, 0.123, 0.123, 0.123, 0.123, 0.123, 0.123, 0.123, 0.1816, 0.1816, 0.1816, 0.1816, 0.1816, 0.1816, 0.1816, 0.1816, 0.1816, 0.1816, 0.2628, 0.2628, 0.2628, 0.2628, 0.2628, 0.2628, 0.2628, 0.2628, 0.2628, 0.2628, 0.2453, 0.2453, 0.2453, 0.2453, 0.2453, 0.2453, 0.2453, 0.2453, 0.2453, 0.2453, 0.0092, 0.0092, 0.0092, 0.0092, 0.0092, 0.0092, 0.0092, 0.0092, 0.0092, 0.0092, 0.0655, 0.0655, 0.0655, 0.0655, 0.0655, 0.0655, 0.0655, 0.0655, 0.0655, 0.0655, 0.0104, 0.0104, 0.0104, 0.0104, 0.0104, 0.0104, 0.0104, 0.0104, 0.0104, 0.0104, 0.2604, 0.2604, 0.2604, 0.2604, 0.2604, 0.2604, 0.2604, 0.2604, 0.2604, 0.2604, 0.2249, 0.2249, 0.2249, 0.2249, 0.2249, 0.2249, 0.2249, 0.2249, 0.2249, 0.2249, 0.143, 0.143, 0.143, 0.143, 0.143, 0.143, 0.143, 0.143, 0.143, 0.143, 0.2005, 0.2005, 0.2005, 0.2005, 0.2005, 0.2005, 0.2005, 0.2005, 0.2005, 0.2005, 0.0098, 0.0098, 0.0098, 0.0098, 0.0098, 0.0098, 0.0098, 0.0098, 0.0098, 0.0098, 0.1862, 0.1862, 0.1862, 0.1862, 0.1862, 0.1862, 0.1862, 0.1862, 0.1862, 0.1862, 0.2523, 0.2523, 0.2523, 0.2523, 0.2523, 0.2523, 0.2523, 0.2523, 0.2523, 0.2523, 0.1428, 0.1428, 0.1428, 0.1428, 0.1428, 0.1428, 0.1428, 0.1428, 0.1428, 0.1428, 0.1425, 0.1425, 0.1425, 0.1425, 0.1425, 0.1425, 0.1425, 0.1425, 0.1425, 0.1425, 0.0163, 0.0163, 0.0163, 0.0163, 0.0163, 0.0163, 0.0163, 0.0163, 0.0163, 0.0163, 0.1627, 0.1627, 0.1627, 0.1627, 0.1627, 0.1627, 0.1627, 0.1627, 0.1627, 0.1627, 0.4277, 0.4277, 0.4277, 0.4277, 0.4277, 0.4277, 0.4277, 0.4277, 0.4277, 0.4277, 0.129, 0.129, 0.129, 0.129, 0.129, 0.129, 0.129, 0.129, 0.129, 0.129, 0.216, 0.216, 0.216, 0.216, 0.216, 0.216, 0.216, 0.216, 0.216, 0.216, 0.3, 0.3, 0.3, 0.3, 0.3, 0.3, 0.3, 0.3, 0.3, 0.3, 0.4293, 0.4293, 0.4293, 0.4293, 0.4293, 0.4293, 0.4293, 0.4293, 0.4293, 0.4293, 0.4333, 0.4333, 0.4333, 0.4333, 0.4333, 0.4333, 0.4333, 0.4333, 0.4333, 0.4333, 0.3867, 0.3867, 0.3867, 0.3867, 0.3867, 0.3867, 0.3867, 0.3867, 0.3867, 0.3867, 0.3197, 0.3197, 0.3197, 0.3197, 0.3197, 0.3197, 0.3197, 0.3197, 0.3197, 0.3197, 0.175, 0.175, 0.175, 0.175, 0.175, 0.175, 0.175, 0.175, 0.175, 0.175, 0.233, 0.233, 0.233, 0.233, 0.233, 0.233, 0.233, 0.233, 0.233, 0.233, 0.1685, 0.1685, 0.1685, 0.1685, 0.1685, 0.1685, 0.1685, 0.1685, 0.1685, 0.1685, 0.264, 0.264, 0.264, 0.264, 0.264, 0.264, 0.264, 0.264, 0.264, 0.264, 0.0804, 0.0804, 0.0804, 0.0804, 0.0804, 0.0804, 0.0804, 0.0804, 0.0804, 0.0804, 0.2938, 0.2938, 0.2938, 0.2938, 0.2938, 0.2938, 0.2938, 0.2938, 0.2938, 0.2938, 0.1868, 0.1868, 0.1868, 0.1868, 0.1868, 0.1868, 0.1868, 0.1868, 0.1868, 0.1868, 0.302, 0.302, 0.302, 0.302, 0.302, 0.302, 0.302, 0.302, 0.302, 0.302, 0.0301, 0.0301, 0.0301, 0.0301, 0.0301, 0.0301, 0.0301, 0.0301, 0.0301, 0.0301, 0.3673, 0.3673, 0.3673, 0.3673, 0.3673, 0.3673, 0.3673, 0.3673, 0.3673, 0.3673, 0.2499, 0.2499, 0.2499, 0.2499, 0.2499, 0.2499, 0.2499, 0.2499, 0.2499, 0.2499, 0.1319, 0.1319, 0.1319, 0.1319, 0.1319, 0.1319, 0.1319, 0.1319, 0.1319, 0.1319, 0.0978, 0.0978, 0.0978, 0.0978, 0.0978, 0.0978, 0.0978, 0.0978, 0.0978, 0.0978, 0.1302, 0.1302, 0.1302, 0.1302, 0.1302, 0.1302, 0.1302, 0.1302, 0.1302, 0.1302, 0.1901, 0.1901, 0.1901, 0.1901, 0.1901, 0.1901, 0.1901, 0.1901, 0.1901, 0.1901, 0.0654, 0.0654, 0.0654, 0.0654, 0.0654, 0.0654, 0.0654, 0.0654, 0.0654, 0.0654, 0.0737, 0.0737, 0.0737, 0.0737, 0.0737, 0.0737, 0.0737, 0.0737, 0.0737, 0.0737, 0.0625, 0.0625, 0.0625, 0.0625, 0.0625, 0.0625, 0.0625, 0.0625, 0.0625, 0.0625, 0.2252, 0.2252, 0.2252, 0.2252, 0.2252, 0.2252, 0.2252, 0.2252, 0.2252, 0.2252, 0.1441, 0.1441, 0.1441, 0.1441, 0.1441, 0.1441, 0.1441, 0.1441, 0.1441, 0.1441, 0.2461, 0.2461, 0.2461, 0.2461, 0.2461, 0.2461, 0.2461, 0.2461, 0.2461, 0.2461, 0.3326, 0.3326, 0.3326, 0.3326, 0.3326, 0.3326, 0.3326, 0.3326, 0.3326, 0.3326, 0.2976, 0.2976, 0.2976, 0.2976, 0.2976, 0.2976, 0.2976, 0.2976, 0.2976, 0.2976, 0.4318, 0.4318, 0.4318, 0.4318, 0.4318, 0.4318, 0.4318, 0.4318, 0.4318, 0.4318, 0.6179, 0.6179, 0.6179, 0.6179, 0.6179, 0.6179, 0.6179, 0.6179, 0.6179, 0.6179, 0.3492, 0.3492, 0.3492, 0.3492, 0.3492, 0.3492, 0.3492, 0.3492, 0.3492, 0.3492, 0.3616, 0.3616, 0.3616, 0.3616, 0.3616, 0.3616, 0.3616, 0.3616, 0.3616, 0.3616, 0.113, 0.113, 0.113, 0.113, 0.113, 0.113, 0.113, 0.113, 0.113, 0.113, 0.2119, 0.2119, 0.2119, 0.2119, 0.2119, 0.2119, 0.2119, 0.2119, 0.2119, 0.2119, 0.1781, 0.1781, 0.1781, 0.1781, 0.1781, 0.1781, 0.1781, 0.1781, 0.1781, 0.1781, 0.1051, 0.1051, 0.1051, 0.1051, 0.1051, 0.1051, 0.1051, 0.1051, 0.1051, 0.1051, 0.2938, 0.2938, 0.2938, 0.2938, 0.2938, 0.2938, 0.2938, 0.2938, 0.2938, 0.2938, 0.1638, 0.1638, 0.1638, 0.1638, 0.1638, 0.1638, 0.1638, 0.1638, 0.1638, 0.1638, 0.0369, 0.0369, 0.0369, 0.0369, 0.0369, 0.0369, 0.0369, 0.0369, 0.0369, 0.0369, 0.1859, 0.1859, 0.1859, 0.1859, 0.1859, 0.1859, 0.1859, 0.1859, 0.1859, 0.1859, 0.0738, 0.0738, 0.0738, 0.0738, 0.0738, 0.0738, 0.0738, 0.0738, 0.0738, 0.0738, 0.4881, 0.4881, 0.4881, 0.4881, 0.4881, 0.4881, 0.4881, 0.4881, 0.4881, 0.4881, 0.4116, 0.4116, 0.4116, 0.4116, 0.4116, 0.4116, 0.4116, 0.4116, 0.4116, 0.4116, 0.1454, 0.1454, 0.1454, 0.1454, 0.1454, 0.1454, 0.1454, 0.1454, 0.1454, 0.1454, 0.1406, 0.1406, 0.1406, 0.1406, 0.1406, 0.1406, 0.1406, 0.1406, 0.1406, 0.1406, 0.0769, 0.0769, 0.0769, 0.0769, 0.0769, 0.0769, 0.0769, 0.0769, 0.0769, 0.0769, 0.1383, 0.1383, 0.1383, 0.1383, 0.1383, 0.1383, 0.1383, 0.1383, 0.1383, 0.1383, 0.2513, 0.2513, 0.2513, 0.2513, 0.2513, 0.2513, 0.2513, 0.2513, 0.2513, 0.2513, 0.3815, 0.3815, 0.3815, 0.3815, 0.3815, 0.3815, 0.3815, 0.3815, 0.3815, 0.3815, 0.5685, 0.5685, 0.5685, 0.5685, 0.5685, 0.5685, 0.5685, 0.5685, 0.5685, 0.5685, 0.1931, 0.1931, 0.1931, 0.1931, 0.1931, 0.1931, 0.1931, 0.1931, 0.1931, 0.1931, 0.0617, 0.0617, 0.0617, 0.0617, 0.0617, 0.0617, 0.0617, 0.0617, 0.0617, 0.0617, 0.1556, 0.1556, 0.1556, 0.1556, 0.1556, 0.1556, 0.1556, 0.1556, 0.1556, 0.1556, 0.1318, 0.1318, 0.1318, 0.1318, 0.1318, 0.1318, 0.1318, 0.1318, 0.1318, 0.1318, 0.0888, 0.0888, 0.0888, 0.0888, 0.0888, 0.0888, 0.0888, 0.0888, 0.0888, 0.0888, 0.1866, 0.1866, 0.1866, 0.1866, 0.1866, 0.1866, 0.1866, 0.1866, 0.1866, 0.1866, 0.2256, 0.2256, 0.2256, 0.2256, 0.2256, 0.2256, 0.2256, 0.2256, 0.2256, 0.2256, 0.36, 0.36, 0.36, 0.36, 0.36, 0.36, 0.36, 0.36, 0.36, 0.36, 0.2927, 0.2927, 0.2927, 0.2927, 0.2927, 0.2927, 0.2927, 0.2927, 0.2927, 0.2927, 0.0892, 0.0892, 0.0892, 0.0892, 0.0892, 0.0892, 0.0892, 0.0892, 0.0892, 0.0892, 0.2345, 0.2345, 0.2345, 0.2345, 0.2345, 0.2345, 0.2345, 0.2345, 0.2345, 0.2345, 0.2407, 0.2407, 0.2407, 0.2407, 0.2407, 0.2407, 0.2407, 0.2407, 0.2407, 0.2407, 0.1037, 0.1037, 0.1037, 0.1037, 0.1037, 0.1037, 0.1037, 0.1037, 0.1037, 0.1037, 0.2689, 0.2689, 0.2689, 0.2689, 0.2689, 0.2689, 0.2689, 0.2689, 0.2689, 0.2689, 0.1201, 0.1201, 0.1201, 0.1201, 0.1201, 0.1201, 0.1201, 0.1201, 0.1201, 0.1201, 0.2695, 0.2695, 0.2695, 0.2695, 0.2695, 0.2695, 0.2695, 0.2695, 0.2695, 0.2695, 0.1167, 0.1167, 0.1167, 0.1167, 0.1167, 0.1167, 0.1167, 0.1167, 0.1167, 0.1167, 0.1545, 0.1545, 0.1545, 0.1545, 0.1545, 0.1545, 0.1545, 0.1545, 0.1545, 0.1545, 0.1266, 0.1266, 0.1266, 0.1266, 0.1266, 0.1266, 0.1266, 0.1266, 0.1266, 0.1266, 0.0838, 0.0838, 0.0838, 0.0838, 0.0838, 0.0838, 0.0838, 0.0838, 0.0838, 0.0838, 0.3088, 0.3088, 0.3088, 0.3088, 0.3088, 0.3088, 0.3088, 0.3088, 0.3088, 0.3088, 0.0865, 0.0865, 0.0865, 0.0865, 0.0865, 0.0865, 0.0865, 0.0865, 0.0865, 0.0865, 0.0703, 0.0703, 0.0703, 0.0703, 0.0703, 0.0703, 0.0703, 0.0703, 0.0703, 0.0703, 0.3636, 0.3636, 0.3636, 0.3636, 0.3636, 0.3636, 0.3636, 0.3636, 0.3636, 0.3636, 0.147, 0.147, 0.147, 0.147, 0.147, 0.147, 0.147, 0.147, 0.147, 0.147, 0.1762, 0.1762, 0.1762, 0.1762, 0.1762, 0.1762, 0.1762, 0.1762, 0.1762, 0.1762, 0.1777, 0.1777, 0.1777, 0.1777, 0.1777, 0.1777, 0.1777, 0.1777, 0.1777, 0.1777, 0.2152, 0.2152, 0.2152, 0.2152, 0.2152, 0.2152, 0.2152, 0.2152, 0.2152, 0.2152, 0.1603, 0.1603, 0.1603, 0.1603, 0.1603, 0.1603, 0.1603, 0.1603, 0.1603, 0.1603, 0.247, 0.247, 0.247, 0.247, 0.247, 0.247, 0.247, 0.247, 0.247, 0.247, 0.1571, 0.1571, 0.1571, 0.1571, 0.1571, 0.1571, 0.1571, 0.1571, 0.1571, 0.1571, 0.3543, 0.3543, 0.3543, 0.3543, 0.3543, 0.3543, 0.3543, 0.3543, 0.3543, 0.3543, 0.1987, 0.1987, 0.1987, 0.1987, 0.1987, 0.1987, 0.1987, 0.1987, 0.1987, 0.1987, 0.0803, 0.0803, 0.0803, 0.0803, 0.0803, 0.0803, 0.0803, 0.0803, 0.0803, 0.0803, 0.2448, 0.2448, 0.2448, 0.2448, 0.2448, 0.2448, 0.2448, 0.2448, 0.2448, 0.2448, 0.0689, 0.0689, 0.0689, 0.0689, 0.0689, 0.0689, 0.0689, 0.0689, 0.0689, 0.0689, 0.1575, 0.1575, 0.1575, 0.1575, 0.1575, 0.1575, 0.1575, 0.1575, 0.1575, 0.1575, 0.2349, 0.2349, 0.2349, 0.2349, 0.2349, 0.2349, 0.2349, 0.2349, 0.2349, 0.2349, 0.1521, 0.1521, 0.1521, 0.1521, 0.1521, 0.1521, 0.1521, 0.1521, 0.1521, 0.1521, 0.1305, 0.1305, 0.1305, 0.1305, 0.1305, 0.1305, 0.1305, 0.1305, 0.1305, 0.1305, 0.0061, 0.0061, 0.0061, 0.0061, 0.0061, 0.0061, 0.0061, 0.0061, 0.0061, 0.0061, 0.2186, 0.2186, 0.2186, 0.2186, 0.2186, 0.2186, 0.2186, 0.2186, 0.2186, 0.2186, 0.2335, 0.2335, 0.2335, 0.2335, 0.2335, 0.2335, 0.2335, 0.2335, 0.2335, 0.2335, 0.1716, 0.1716, 0.1716, 0.1716, 0.1716, 0.1716, 0.1716, 0.1716, 0.1716, 0.1716, 0.2998, 0.2998, 0.2998, 0.2998, 0.2998, 0.2998, 0.2998, 0.2998, 0.2998, 0.2998, 0.2613, 0.2613, 0.2613, 0.2613, 0.2613, 0.2613, 0.2613, 0.2613, 0.2613, 0.2613, 0.1392, 0.1392, 0.1392, 0.1392, 0.1392, 0.1392, 0.1392, 0.1392, 0.1392, 0.1392, 0.1453, 0.1453, 0.1453, 0.1453, 0.1453, 0.1453, 0.1453, 0.1453, 0.1453, 0.1453, 0.2667, 0.2667, 0.2667, 0.2667, 0.2667, 0.2667, 0.2667, 0.2667, 0.2667, 0.2667, 0.1913, 0.1913, 0.1913, 0.1913, 0.1913, 0.1913, 0.1913, 0.1913, 0.1913, 0.1913, 0.3959, 0.3959, 0.3959, 0.3959, 0.3959, 0.3959, 0.3959, 0.3959, 0.3959, 0.3959, 0.1149, 0.1149, 0.1149, 0.1149, 0.1149, 0.1149, 0.1149, 0.1149, 0.1149, 0.1149, 0.0465, 0.0465, 0.0465, 0.0465, 0.0465, 0.0465, 0.0465, 0.0465, 0.0465, 0.0465, 0.2799, 0.2799, 0.2799, 0.2799, 0.2799, 0.2799, 0.2799, 0.2799, 0.2799, 0.2799, 0.1366, 0.1366, 0.1366, 0.1366, 0.1366, 0.1366, 0.1366, 0.1366, 0.1366, 0.1366, 0.1918, 0.1918, 0.1918, 0.1918, 0.1918, 0.1918, 0.1918, 0.1918, 0.1918, 0.1918, 0.074, 0.074, 0.074, 0.074, 0.074, 0.074, 0.074, 0.074, 0.074, 0.074, 0.2879, 0.2879, 0.2879, 0.2879, 0.2879, 0.2879, 0.2879, 0.2879, 0.2879, 0.2879, 0.1556, 0.1556, 0.1556, 0.1556, 0.1556, 0.1556, 0.1556, 0.1556, 0.1556, 0.1556, 0.0134, 0.0134, 0.0134, 0.0134, 0.0134, 0.0134, 0.0134, 0.0134, 0.0134, 0.0134, 0.3713, 0.3713, 0.3713, 0.3713, 0.3713, 0.3713, 0.3713, 0.3713, 0.3713, 0.3713, 0.269, 0.269, 0.269, 0.269, 0.269, 0.269, 0.269, 0.269, 0.269, 0.269, 0.1271, 0.1271, 0.1271, 0.1271, 0.1271, 0.1271, 0.1271, 0.1271, 0.1271, 0.1271, 0.1179, 0.1179, 0.1179, 0.1179, 0.1179, 0.1179, 0.1179, 0.1179, 0.1179, 0.1179, 0.1583, 0.1583, 0.1583, 0.1583, 0.1583, 0.1583, 0.1583, 0.1583, 0.1583, 0.1583, 0.1441, 0.1441, 0.1441, 0.1441, 0.1441, 0.1441, 0.1441, 0.1441, 0.1441, 0.1441, 0.356, 0.356, 0.356, 0.356, 0.356, 0.356, 0.356, 0.356, 0.356, 0.356, 0.0691, 0.0691, 0.0691, 0.0691, 0.0691, 0.0691, 0.0691, 0.0691, 0.0691, 0.0691, 0.0058, 0.0058, 0.0058, 0.0058, 0.0058, 0.0058, 0.0058, 0.0058, 0.0058, 0.0058, 0.0544, 0.0544, 0.0544, 0.0544, 0.0544, 0.0544, 0.0544, 0.0544, 0.0544, 0.0544, 0.3115, 0.3115, 0.3115, 0.3115, 0.3115, 0.3115, 0.3115, 0.3115, 0.3115, 0.3115, 0.0074, 0.0074, 0.0074, 0.0074, 0.0074, 0.0074, 0.0074, 0.0074, 0.0074, 0.0074, 0.2801, 0.2801, 0.2801, 0.2801, 0.2801, 0.2801, 0.2801, 0.2801, 0.2801, 0.2801, 0.0988, 0.0988, 0.0988, 0.0988, 0.0988, 0.0988, 0.0988, 0.0988, 0.0988, 0.0988, 0.2013, 0.2013, 0.2013, 0.2013, 0.2013, 0.2013, 0.2013, 0.2013, 0.2013, 0.2013, 0.2008, 0.2008, 0.2008, 0.2008, 0.2008, 0.2008, 0.2008, 0.2008, 0.2008, 0.2008, 0.2337, 0.2337, 0.2337, 0.2337, 0.2337, 0.2337, 0.2337, 0.2337, 0.2337, 0.2337, 0.1747, 0.1747, 0.1747, 0.1747, 0.1747, 0.1747, 0.1747, 0.1747, 0.1747, 0.1747, 0.1722, 0.1722, 0.1722, 0.1722, 0.1722, 0.1722, 0.1722, 0.1722, 0.1722, 0.1722, 0.1657, 0.1657, 0.1657, 0.1657, 0.1657, 0.1657, 0.1657, 0.1657, 0.1657, 0.1657, 0.1473, 0.1473, 0.1473, 0.1473, 0.1473, 0.1473, 0.1473, 0.1473, 0.1473, 0.1473, 0.3511, 0.3511, 0.3511, 0.3511, 0.3511, 0.3511, 0.3511, 0.3511, 0.3511, 0.3511, 0.1518, 0.1518, 0.1518, 0.1518, 0.1518, 0.1518, 0.1518, 0.1518, 0.1518, 0.1518, 0.2278, 0.2278, 0.2278, 0.2278, 0.2278, 0.2278, 0.2278, 0.2278, 0.2278, 0.2278, 0.1663, 0.1663, 0.1663, 0.1663, 0.1663, 0.1663, 0.1663, 0.1663, 0.1663, 0.1663, 0.0642, 0.0642, 0.0642, 0.0642, 0.0642, 0.0642, 0.0642, 0.0642, 0.0642, 0.0642, 0.1845, 0.1845, 0.1845, 0.1845, 0.1845, 0.1845, 0.1845, 0.1845, 0.1845, 0.1845, 0.0921, 0.0921, 0.0921, 0.0921, 0.0921, 0.0921, 0.0921, 0.0921, 0.0921, 0.0921, 0.0989, 0.0989, 0.0989, 0.0989, 0.0989, 0.0989, 0.0989, 0.0989, 0.0989, 0.0989, 0.0784, 0.0784, 0.0784, 0.0784, 0.0784, 0.0784, 0.0784, 0.0784, 0.0784, 0.0784, 0.1978, 0.1978, 0.1978, 0.1978, 0.1978, 0.1978, 0.1978, 0.1978, 0.1978, 0.1978, 0.1336, 0.1336, 0.1336, 0.1336, 0.1336, 0.1336, 0.1336, 0.1336, 0.1336, 0.1336, 0.21, 0.21, 0.21, 0.21, 0.21, 0.21, 0.21, 0.21, 0.21, 0.21, 0.0995, 0.0995, 0.0995, 0.0995, 0.0995, 0.0995, 0.0995, 0.0995, 0.0995, 0.0995, 0.1472, 0.1472, 0.1472, 0.1472, 0.1472, 0.1472, 0.1472, 0.1472, 0.1472, 0.1472, 0.0684, 0.0684, 0.0684, 0.0684, 0.0684, 0.0684, 0.0684, 0.0684, 0.0684, 0.0684, 0.0045, 0.0045, 0.0045, 0.0045, 0.0045, 0.0045, 0.0045, 0.0045, 0.0045, 0.0045, 0.4566, 0.4566, 0.4566, 0.4566, 0.4566, 0.4566, 0.4566, 0.4566, 0.4566, 0.4566, 0.0843, 0.0843, 0.0843, 0.0843, 0.0843, 0.0843, 0.0843, 0.0843, 0.0843, 0.0843, 0.0929, 0.0929, 0.0929, 0.0929, 0.0929, 0.0929, 0.0929, 0.0929, 0.0929, 0.0929, 0.006, 0.006, 0.006, 0.006, 0.006, 0.006, 0.006, 0.006, 0.006, 0.006, 0.0768, 0.0768, 0.0768, 0.0768, 0.0768, 0.0768, 0.0768, 0.0768, 0.0768, 0.0768, 0.4751, 0.4751, 0.4751, 0.4751, 0.4751, 0.4751, 0.4751, 0.4751, 0.4751, 0.4751, 0.0121, 0.0121, 0.0121, 0.0121, 0.0121, 0.0121, 0.0121, 0.0121, 0.0121, 0.0121, 0.0045, 0.0045, 0.0045, 0.0045, 0.0045, 0.0045, 0.0045, 0.0045, 0.0045, 0.0045, 0.1326, 0.1326, 0.1326, 0.1326, 0.1326, 0.1326, 0.1326, 0.1326, 0.1326, 0.1326, 0.131, 0.131, 0.131, 0.131, 0.131, 0.131, 0.131, 0.131, 0.131, 0.131, 0.145, 0.145, 0.145, 0.145, 0.145, 0.145, 0.145, 0.145, 0.145, 0.145, 0.1047, 0.1047, 0.1047, 0.1047, 0.1047, 0.1047, 0.1047, 0.1047, 0.1047, 0.1047, 0.2236, 0.2236, 0.2236, 0.2236, 0.2236, 0.2236, 0.2236, 0.2236, 0.2236, 0.2236, 0.2662, 0.2662, 0.2662, 0.2662, 0.2662, 0.2662, 0.2662, 0.2662, 0.2662, 0.2662, 0.0621, 0.0621, 0.0621, 0.0621, 0.0621, 0.0621, 0.0621, 0.0621, 0.0621, 0.0621, 0.1657, 0.1657, 0.1657, 0.1657, 0.1657, 0.1657, 0.1657, 0.1657, 0.1657, 0.1657, 0.0546, 0.0546, 0.0546, 0.0546, 0.0546, 0.0546, 0.0546, 0.0546, 0.0546, 0.0546, 0.2082, 0.2082, 0.2082, 0.2082, 0.2082, 0.2082, 0.2082, 0.2082, 0.2082, 0.2082, 0.1051, 0.1051, 0.1051, 0.1051, 0.1051, 0.1051, 0.1051, 0.1051, 0.1051, 0.1051, 0.111, 0.111, 0.111, 0.111, 0.111, 0.111, 0.111, 0.111, 0.111, 0.111, 0.1782, 0.1782, 0.1782, 0.1782, 0.1782, 0.1782, 0.1782, 0.1782, 0.1782, 0.1782, 0.2017, 0.2017, 0.2017, 0.2017, 0.2017, 0.2017, 0.2017, 0.2017, 0.2017, 0.2017, 0.2045, 0.2045, 0.2045, 0.2045, 0.2045, 0.2045, 0.2045, 0.2045, 0.2045, 0.2045, 0.2413, 0.2413, 0.2413, 0.2413, 0.2413, 0.2413, 0.2413, 0.2413, 0.2413, 0.2413, 0.0056, 0.0056, 0.0056, 0.0056, 0.0056, 0.0056, 0.0056, 0.0056, 0.0056, 0.0056, 0.0875, 0.0875, 0.0875, 0.0875, 0.0875, 0.0875, 0.0875, 0.0875, 0.0875, 0.0875, 0.3342, 0.3342, 0.3342, 0.3342, 0.3342, 0.3342, 0.3342, 0.3342, 0.3342, 0.3342, 0.1567, 0.1567, 0.1567, 0.1567, 0.1567, 0.1567, 0.1567, 0.1567, 0.1567, 0.1567, 0.1564, 0.1564, 0.1564, 0.1564, 0.1564, 0.1564, 0.1564, 0.1564, 0.1564, 0.1564, 0.0804, 0.0804, 0.0804, 0.0804, 0.0804, 0.0804, 0.0804, 0.0804, 0.0804, 0.0804, 0.1525, 0.1525, 0.1525, 0.1525, 0.1525, 0.1525, 0.1525, 0.1525, 0.1525, 0.1525, 0.1826, 0.1826, 0.1826, 0.1826, 0.1826, 0.1826, 0.1826, 0.1826, 0.1826, 0.1826, 0.0044, 0.0044, 0.0044, 0.0044, 0.0044, 0.0044, 0.0044, 0.0044, 0.0044, 0.0044, 0.13, 0.13, 0.13, 0.13, 0.13, 0.13, 0.13, 0.13, 0.13, 0.13, 0.0752, 0.0752, 0.0752, 0.0752, 0.0752, 0.0752, 0.0752, 0.0752, 0.0752, 0.0752, 0.2078, 0.2078, 0.2078, 0.2078, 0.2078, 0.2078, 0.2078, 0.2078, 0.2078, 0.2078, 0.204, 0.204, 0.204, 0.204, 0.204, 0.204, 0.204, 0.204, 0.204, 0.204, 0.0898, 0.0898, 0.0898, 0.0898, 0.0898, 0.0898, 0.0898, 0.0898, 0.0898, 0.0898, 0.1596, 0.1596, 0.1596, 0.1596, 0.1596, 0.1596, 0.1596, 0.1596, 0.1596, 0.1596, 0.1683, 0.1683, 0.1683, 0.1683, 0.1683, 0.1683, 0.1683, 0.1683, 0.1683, 0.1683, 0.0683, 0.0683, 0.0683, 0.0683, 0.0683, 0.0683, 0.0683, 0.0683, 0.0683, 0.0683, 0.2202, 0.2202, 0.2202, 0.2202, 0.2202, 0.2202, 0.2202, 0.2202, 0.2202, 0.2202, 0.0906, 0.0906, 0.0906, 0.0906, 0.0906, 0.0906, 0.0906, 0.0906, 0.0906, 0.0906, 0.259, 0.259, 0.259, 0.259, 0.259, 0.259, 0.259, 0.259, 0.259, 0.259, 0.1124, 0.1124, 0.1124, 0.1124, 0.1124, 0.1124, 0.1124, 0.1124, 0.1124, 0.1124, 0.1348, 0.1348, 0.1348, 0.1348, 0.1348, 0.1348, 0.1348, 0.1348, 0.1348, 0.1348, 0.2733, 0.2733, 0.2733, 0.2733, 0.2733, 0.2733, 0.2733, 0.2733, 0.2733, 0.2733, 0.5792, 0.5792, 0.5792, 0.5792, 0.5792, 0.5792, 0.5792, 0.5792, 0.5792, 0.5792, 0.0928, 0.0928, 0.0928, 0.0928, 0.0928, 0.0928, 0.0928, 0.0928, 0.0928, 0.0928, 0.239, 0.239, 0.239, 0.239, 0.239, 0.239, 0.239, 0.239, 0.239, 0.239, 0.2302, 0.2302, 0.2302, 0.2302, 0.2302, 0.2302, 0.2302, 0.2302, 0.2302, 0.2302, 0.0064, 0.0064, 0.0064, 0.0064, 0.0064, 0.0064, 0.0064, 0.0064, 0.0064, 0.0064, 0.0614, 0.0614, 0.0614, 0.0614, 0.0614, 0.0614, 0.0614, 0.0614, 0.0614, 0.0614, 0.0229, 0.0229, 0.0229, 0.0229, 0.0229, 0.0229, 0.0229, 0.0229, 0.0229, 0.0229, 0.2305, 0.2305, 0.2305, 0.2305, 0.2305, 0.2305, 0.2305, 0.2305, 0.2305, 0.2305, 0.0034, 0.0034, 0.0034, 0.0034, 0.0034, 0.0034, 0.0034, 0.0034, 0.0034, 0.0034, 0.0405, 0.0405, 0.0405, 0.0405, 0.0405, 0.0405, 0.0405, 0.0405, 0.0405, 0.0405, 0.2371, 0.2371, 0.2371, 0.2371, 0.2371, 0.2371, 0.2371, 0.2371, 0.2371, 0.2371, 0.25, 0.25, 0.25, 0.25, 0.25, 0.25, 0.25, 0.25, 0.25, 0.25, 0.2409, 0.2409, 0.2409, 0.2409, 0.2409, 0.2409, 0.2409, 0.2409, 0.2409, 0.2409, 0.0034, 0.0034, 0.0034, 0.0034, 0.0034, 0.0034, 0.0034, 0.0034, 0.0034, 0.0034, 0.1301, 0.1301, 0.1301, 0.1301, 0.1301, 0.1301, 0.1301, 0.1301, 0.1301, 0.1301, 0.205, 0.205, 0.205, 0.205, 0.205, 0.205, 0.205, 0.205, 0.205, 0.205, 0.0034, 0.0034, 0.0034, 0.0034, 0.0034, 0.0034, 0.0034, 0.0034, 0.0034, 0.0034, 0.0532, 0.0532, 0.0532, 0.0532, 0.0532, 0.0532, 0.0532, 0.0532, 0.0532, 0.0532, 0.329, 0.329, 0.329, 0.329, 0.329, 0.329, 0.329, 0.329, 0.329, 0.329, 0.0191, 0.0191, 0.0191, 0.0191, 0.0191, 0.0191, 0.0191, 0.0191, 0.0191, 0.0191, 0.0338, 0.0338, 0.0338, 0.0338, 0.0338, 0.0338, 0.0338, 0.0338, 0.0338, 0.0338, 0.2796, 0.2796, 0.2796, 0.2796, 0.2796, 0.2796, 0.2796, 0.2796, 0.2796, 0.2796, 0.1652, 0.1652, 0.1652, 0.1652, 0.1652, 0.1652, 0.1652, 0.1652, 0.1652, 0.1652, 0.0464, 0.0464, 0.0464, 0.0464, 0.0464, 0.0464, 0.0464, 0.0464, 0.0464, 0.0464, 0.0727, 0.0727, 0.0727, 0.0727, 0.0727, 0.0727, 0.0727, 0.0727, 0.0727, 0.0727, 0.1503, 0.1503, 0.1503, 0.1503, 0.1503, 0.1503, 0.1503, 0.1503, 0.1503, 0.1503, 0.2119, 0.2119, 0.2119, 0.2119, 0.2119, 0.2119, 0.2119, 0.2119, 0.2119, 0.2119, 0.0042, 0.0042, 0.0042, 0.0042, 0.0042, 0.0042, 0.0042, 0.0042, 0.0042, 0.0042, 0.1282, 0.1282, 0.1282, 0.1282, 0.1282, 0.1282, 0.1282, 0.1282, 0.1282, 0.1282, 0.155, 0.155, 0.155, 0.155, 0.155, 0.155, 0.155, 0.155, 0.155, 0.155, 0.1106, 0.1106, 0.1106, 0.1106, 0.1106, 0.1106, 0.1106, 0.1106, 0.1106, 0.1106, 0.1106, 0.1106, 0.1106, 0.1106, 0.1106, 0.1106, 0.1106, 0.1106, 0.1106, 0.1106, 0.1197, 0.1197, 0.1197, 0.1197, 0.1197, 0.1197, 0.1197, 0.1197, 0.1197, 0.1197, 0.0761, 0.0761, 0.0761, 0.0761, 0.0761, 0.0761, 0.0761, 0.0761, 0.0761, 0.0761, 0.0035, 0.0035, 0.0035, 0.0035, 0.0035, 0.0035, 0.0035, 0.0035, 0.0035, 0.0035, 0.0749, 0.0749, 0.0749, 0.0749, 0.0749, 0.0749, 0.0749, 0.0749, 0.0749, 0.0749, 0.0745, 0.0745, 0.0745, 0.0745, 0.0745, 0.0745, 0.0745, 0.0745, 0.0745, 0.0745, 0.1816, 0.1816, 0.1816, 0.1816, 0.1816, 0.1816, 0.1816, 0.1816, 0.1816, 0.1816, 0.2391, 0.2391, 0.2391, 0.2391, 0.2391, 0.2391, 0.2391, 0.2391, 0.2391, 0.2391, 0.0771, 0.0771, 0.0771, 0.0771, 0.0771, 0.0771, 0.0771, 0.0771, 0.0771, 0.0771, 0.0912, 0.0912, 0.0912, 0.0912, 0.0912, 0.0912, 0.0912, 0.0912, 0.0912, 0.0912, 0.1005, 0.1005, 0.1005, 0.1005, 0.1005, 0.1005, 0.1005, 0.1005, 0.1005, 0.1005, 0.066, 0.066, 0.066, 0.066, 0.066, 0.066, 0.066, 0.066, 0.066, 0.066, 0.1502, 0.1502, 0.1502, 0.1502, 0.1502, 0.1502, 0.1502, 0.1502, 0.1502, 0.1502, 0.2291, 0.2291, 0.2291, 0.2291, 0.2291, 0.2291, 0.2291, 0.2291, 0.2291, 0.2291, 0.3049, 0.3049, 0.3049, 0.3049, 0.3049, 0.3049, 0.3049, 0.3049, 0.3049, 0.3049, 0.1445, 0.1445, 0.1445, 0.1445, 0.1445, 0.1445, 0.1445, 0.1445, 0.1445, 0.1445, 0.1128, 0.1128, 0.1128, 0.1128, 0.1128, 0.1128, 0.1128, 0.1128, 0.1128, 0.1128, 0.0858, 0.0858, 0.0858, 0.0858, 0.0858, 0.0858, 0.0858, 0.0858, 0.0858, 0.0858, 0.1237, 0.1237, 0.1237, 0.1237, 0.1237, 0.1237, 0.1237, 0.1237, 0.1237, 0.1237, 0.0104, 0.0104, 0.0104, 0.0104, 0.0104, 0.0104, 0.0104, 0.0104, 0.0104, 0.0104, 0.076, 0.076, 0.076, 0.076, 0.076, 0.076, 0.076, 0.076, 0.076, 0.076, 0.0587, 0.0587, 0.0587, 0.0587, 0.0587, 0.0587, 0.0587, 0.0587, 0.0587, 0.0587, 0.063, 0.063, 0.063, 0.063, 0.063, 0.063, 0.063, 0.063, 0.063, 0.063, 0.0036, 0.0036, 0.0036, 0.0036, 0.0036, 0.0036, 0.0036, 0.0036, 0.0036, 0.0036, 0.078, 0.078, 0.078, 0.078, 0.078, 0.078, 0.078, 0.078, 0.078, 0.078, 0.1393, 0.1393, 0.1393, 0.1393, 0.1393, 0.1393, 0.1393, 0.1393, 0.1393, 0.1393, 0.0024, 0.0024, 0.0024, 0.0024, 0.0024, 0.0024, 0.0024, 0.0024, 0.0024, 0.0024, 0.0025, 0.0025, 0.0025, 0.0025, 0.0025, 0.0025, 0.0025, 0.0025, 0.0025, 0.0025, 0.1555, 0.1555, 0.1555, 0.1555, 0.1555, 0.1555, 0.1555, 0.1555, 0.1555, 0.1555, 0.0777, 0.0777, 0.0777, 0.0777, 0.0777, 0.0777, 0.0777, 0.0777, 0.0777, 0.0777, 0.2907, 0.2907, 0.2907, 0.2907, 0.2907, 0.2907, 0.2907, 0.2907, 0.2907, 0.2907, 0.0862, 0.0862, 0.0862, 0.0862, 0.0862, 0.0862, 0.0862, 0.0862, 0.0862, 0.0862, 0.0852, 0.0852, 0.0852, 0.0852, 0.0852, 0.0852, 0.0852, 0.0852, 0.0852, 0.0852, 0.0873, 0.0873, 0.0873, 0.0873, 0.0873, 0.0873, 0.0873, 0.0873, 0.0873, 0.0873, 0.2525, 0.2525, 0.2525, 0.2525, 0.2525, 0.2525, 0.2525, 0.2525, 0.2525, 0.2525, 0.2666, 0.2666, 0.2666, 0.2666, 0.2666, 0.2666, 0.2666, 0.2666, 0.2666, 0.2666, 0.0415, 0.0415, 0.0415, 0.0415, 0.0415, 0.0415, 0.0415, 0.0415, 0.0415, 0.0415, 0.1651, 0.1651, 0.1651, 0.1651, 0.1651, 0.1651, 0.1651, 0.1651, 0.1651, 0.1651, 0.1137, 0.1137, 0.1137, 0.1137, 0.1137, 0.1137, 0.1137, 0.1137, 0.1137, 0.1137, 0.0262, 0.0262, 0.0262, 0.0262, 0.0262, 0.0262, 0.0262, 0.0262, 0.0262, 0.0262, 0.0865, 0.0865, 0.0865, 0.0865, 0.0865, 0.0865, 0.0865, 0.0865, 0.0865, 0.0865, 0.0882, 0.0882, 0.0882, 0.0882, 0.0882, 0.0882, 0.0882, 0.0882, 0.0882, 0.0882, 0.0903, 0.0903, 0.0903, 0.0903, 0.0903, 0.0903, 0.0903, 0.0903, 0.0903, 0.0903, 0.0023, 0.0023, 0.0023, 0.0023, 0.0023, 0.0023, 0.0023, 0.0023, 0.0023, 0.0023, 0.0021, 0.0021, 0.0021, 0.0021, 0.0021, 0.0021, 0.0021, 0.0021, 0.0021, 0.0021, 0.0023, 0.0023, 0.0023, 0.0023, 0.0023, 0.0023, 0.0023, 0.0023, 0.0023, 0.0023, 0.1104, 0.1104, 0.1104, 0.1104, 0.1104, 0.1104, 0.1104, 0.1104, 0.1104, 0.1104, 0.0709, 0.0709, 0.0709, 0.0709, 0.0709, 0.0709, 0.0709, 0.0709, 0.0709, 0.0709, 0.3274, 0.3274, 0.3274, 0.3274, 0.3274, 0.3274, 0.3274, 0.3274, 0.3274, 0.3274, 0.1237, 0.1237, 0.1237, 0.1237, 0.1237, 0.1237, 0.1237, 0.1237, 0.1237, 0.1237, 0.1598, 0.1598, 0.1598, 0.1598, 0.1598, 0.1598, 0.1598, 0.1598, 0.1598, 0.1598, 0.1254, 0.1254, 0.1254, 0.1254, 0.1254, 0.1254, 0.1254, 0.1254, 0.1254, 0.1254, 0.0764, 0.0764, 0.0764, 0.0764, 0.0764, 0.0764, 0.0764, 0.0764, 0.0764, 0.0764, 0.2602, 0.2602, 0.2602, 0.2602, 0.2602, 0.2602, 0.2602, 0.2602, 0.2602, 0.2602, 0.0921, 0.0921, 0.0921, 0.0921, 0.0921, 0.0921, 0.0921, 0.0921, 0.0921, 0.0921, 0.0377, 0.0377, 0.0377, 0.0377, 0.0377, 0.0377, 0.0377, 0.0377, 0.0377, 0.0377, 0.0038, 0.0038, 0.0038, 0.0038, 0.0038, 0.0038, 0.0038, 0.0038, 0.0038, 0.0038, 0.0025, 0.0025, 0.0025, 0.0025, 0.0025, 0.0025, 0.0025, 0.0025, 0.0025, 0.0025, 0.1558, 0.1558, 0.1558, 0.1558, 0.1558, 0.1558, 0.1558, 0.1558, 0.1558, 0.1558, 0.2323, 0.2323, 0.2323, 0.2323, 0.2323, 0.2323, 0.2323, 0.2323, 0.2323, 0.2323, 0.104, 0.104, 0.104, 0.104, 0.104, 0.104, 0.104, 0.104, 0.104, 0.104, 0.1167, 0.1167, 0.1167, 0.1167, 0.1167, 0.1167, 0.1167, 0.1167, 0.1167, 0.1167, 0.2312, 0.2312, 0.2312, 0.2312, 0.2312, 0.2312, 0.2312, 0.2312, 0.2312, 0.2312, 0.0818, 0.0818, 0.0818, 0.0818, 0.0818, 0.0818, 0.0818, 0.0818, 0.0818, 0.0818, 0.0297, 0.0297, 0.0297, 0.0297, 0.0297, 0.0297, 0.0297, 0.0297, 0.0297, 0.0297, 0.0661, 0.0661, 0.0661, 0.0661, 0.0661, 0.0661, 0.0661, 0.0661, 0.0661, 0.0661, 0.035, 0.035, 0.035, 0.035, 0.035, 0.035, 0.035, 0.035, 0.035, 0.035, 0.1187, 0.1187, 0.1187, 0.1187, 0.1187, 0.1187, 0.1187, 0.1187, 0.1187, 0.1187, 0.0485, 0.0485, 0.0485, 0.0485, 0.0485, 0.0485, 0.0485, 0.0485, 0.0485, 0.0485, 0.0022, 0.0022, 0.0022, 0.0022, 0.0022, 0.0022, 0.0022, 0.0022, 0.0022, 0.0022, 0.0796, 0.0796, 0.0796, 0.0796, 0.0796, 0.0796, 0.0796, 0.0796, 0.0796, 0.0796, 0.0319, 0.0319, 0.0319, 0.0319, 0.0319, 0.0319, 0.0319, 0.0319, 0.0319, 0.0319, 0.128, 0.128, 0.128, 0.128, 0.128, 0.128, 0.128, 0.128, 0.128, 0.128, 0.1282, 0.1282, 0.1282, 0.1282, 0.1282, 0.1282, 0.1282, 0.1282, 0.1282, 0.1282, 0.0815, 0.0815, 0.0815, 0.0815, 0.0815, 0.0815, 0.0815, 0.0815, 0.0815, 0.0815, 0.0894, 0.0894, 0.0894, 0.0894, 0.0894, 0.0894, 0.0894, 0.0894, 0.0894, 0.0894, 0.1062, 0.1062, 0.1062, 0.1062, 0.1062, 0.1062, 0.1062, 0.1062, 0.1062, 0.1062, 0.2372, 0.2372, 0.2372, 0.2372, 0.2372, 0.2372, 0.2372, 0.2372, 0.2372, 0.2372, 0.0039, 0.0039, 0.0039, 0.0039, 0.0039, 0.0039, 0.0039, 0.0039, 0.0039, 0.0039, 0.0353, 0.0353, 0.0353, 0.0353, 0.0353, 0.0353, 0.0353, 0.0353, 0.0353, 0.0353, 0.0953, 0.0953, 0.0953, 0.0953, 0.0953, 0.0953, 0.0953, 0.0953, 0.0953, 0.0953, 0.0023, 0.0023, 0.0023, 0.0023, 0.0023, 0.0023, 0.0023, 0.0023, 0.0023, 0.0023, 0.1714, 0.1714, 0.1714, 0.1714, 0.1714, 0.1714, 0.1714, 0.1714, 0.1714, 0.1714, 0.2519, 0.2519, 0.2519, 0.2519, 0.2519, 0.2519, 0.2519, 0.2519, 0.2519, 0.2519, 0.0585, 0.0585, 0.0585, 0.0585, 0.0585, 0.0585, 0.0585, 0.0585, 0.0585, 0.0585, 0.05, 0.05, 0.05, 0.05, 0.05, 0.05, 0.05, 0.05, 0.05, 0.05, 0.0776, 0.0776, 0.0776, 0.0776, 0.0776, 0.0776, 0.0776, 0.0776, 0.0776, 0.0776, 0.0076, 0.0076, 0.0076, 0.0076, 0.0076, 0.0076, 0.0076, 0.0076, 0.0076, 0.0076, 0.1587, 0.1587, 0.1587, 0.1587, 0.1587, 0.1587, 0.1587, 0.1587, 0.1587, 0.1587, 0.0052, 0.0052, 0.0052, 0.0052, 0.0052, 0.0052, 0.0052, 0.0052, 0.0052, 0.0052, 0.179, 0.179, 0.179, 0.179, 0.179, 0.179, 0.179, 0.179, 0.179, 0.179, 0.0027, 0.0027, 0.0027, 0.0027, 0.0027, 0.0027, 0.0027, 0.0027, 0.0027, 0.0027, 0.0153, 0.0153, 0.0153, 0.0153, 0.0153, 0.0153, 0.0153, 0.0153, 0.0153, 0.0153, 0.0028, 0.0028, 0.0028, 0.0028, 0.0028, 0.0028, 0.0028, 0.0028, 0.0028, 0.0028, 0.0577, 0.0577, 0.0577, 0.0577, 0.0577, 0.0577, 0.0577, 0.0577, 0.0577, 0.0577, 0.1864, 0.1864, 0.1864, 0.1864, 0.1864, 0.1864, 0.1864, 0.1864, 0.1864, 0.1864, 0.002, 0.002, 0.002, 0.002, 0.002, 0.002, 0.002, 0.002, 0.002, 0.002, 0.0772, 0.0772, 0.0772, 0.0772, 0.0772, 0.0772, 0.0772, 0.0772, 0.0772, 0.0772, 0.003, 0.003, 0.003, 0.003, 0.003, 0.003, 0.003, 0.003, 0.003, 0.003, 0.1654, 0.1654, 0.1654, 0.1654, 0.1654, 0.1654, 0.1654, 0.1654, 0.1654, 0.1654, 0.0023, 0.0023, 0.0023, 0.0023, 0.0023, 0.0023, 0.0023, 0.0023, 0.0023, 0.0023, 0.045, 0.045, 0.045, 0.045, 0.045, 0.045, 0.045, 0.045, 0.045, 0.045, 0.3201, 0.3201, 0.3201, 0.3201, 0.3201, 0.3201, 0.3201, 0.3201, 0.3201, 0.3201, 0.0757, 0.0757, 0.0757, 0.0757, 0.0757, 0.0757, 0.0757, 0.0757, 0.0757, 0.0757, 0.1053, 0.1053, 0.1053, 0.1053, 0.1053, 0.1053, 0.1053, 0.1053, 0.1053, 0.1053, 0.1552, 0.1552, 0.1552, 0.1552, 0.1552, 0.1552, 0.1552, 0.1552, 0.1552, 0.1552, 0.0692, 0.0692, 0.0692, 0.0692, 0.0692, 0.0692, 0.0692, 0.0692, 0.0692, 0.0692, 0.0431, 0.0431, 0.0431, 0.0431, 0.0431, 0.0431, 0.0431, 0.0431, 0.0431, 0.0431, 0.082, 0.082, 0.082, 0.082, 0.082, 0.082, 0.082, 0.082, 0.082, 0.082, 0.3203, 0.3203, 0.3203, 0.3203, 0.3203, 0.3203, 0.3203, 0.3203, 0.3203, 0.3203, 0.1454, 0.1454, 0.1454, 0.1454, 0.1454, 0.1454, 0.1454, 0.1454, 0.1454, 0.1454, 0.1779, 0.1779, 0.1779, 0.1779, 0.1779, 0.1779, 0.1779, 0.1779, 0.1779, 0.1779, 0.0079, 0.0079, 0.0079, 0.0079, 0.0079, 0.0079, 0.0079, 0.0079, 0.0079, 0.0079, 0.0632, 0.0632, 0.0632, 0.0632, 0.0632, 0.0632, 0.0632, 0.0632, 0.0632, 0.0632, 0.0435, 0.0435, 0.0435, 0.0435, 0.0435, 0.0435, 0.0435, 0.0435, 0.0435, 0.0435, 0.1346, 0.1346, 0.1346, 0.1346, 0.1346, 0.1346, 0.1346, 0.1346, 0.1346, 0.1346, 0.17, 0.17, 0.17, 0.17, 0.17, 0.17, 0.17, 0.17, 0.17, 0.17, 0.1281, 0.1281, 0.1281, 0.1281, 0.1281, 0.1281, 0.1281, 0.1281, 0.1281, 0.1281, 0.214, 0.214, 0.214, 0.214, 0.214, 0.214, 0.214, 0.214, 0.214, 0.214, 0.0774, 0.0774, 0.0774, 0.0774, 0.0774, 0.0774, 0.0774, 0.0774, 0.0774, 0.0774, 0.0766, 0.0766, 0.0766, 0.0766, 0.0766, 0.0766, 0.0766, 0.0766, 0.0766, 0.0766, 0.1119, 0.1119, 0.1119, 0.1119, 0.1119, 0.1119, 0.1119, 0.1119, 0.1119, 0.1119, 0.0049, 0.0049, 0.0049, 0.0049, 0.0049, 0.0049, 0.0049, 0.0049, 0.0049, 0.0049, 0.0859, 0.0859, 0.0859, 0.0859, 0.0859, 0.0859, 0.0859, 0.0859, 0.0859, 0.0859, 0.0883, 0.0883, 0.0883, 0.0883, 0.0883, 0.0883, 0.0883, 0.0883, 0.0883, 0.0883, 0.1241, 0.1241, 0.1241, 0.1241, 0.1241, 0.1241, 0.1241, 0.1241, 0.1241, 0.1241, 0.2505, 0.2505, 0.2505, 0.2505, 0.2505, 0.2505, 0.2505, 0.2505, 0.2505, 0.2505, 0.0022, 0.0022, 0.0022, 0.0022, 0.0022, 0.0022, 0.0022, 0.0022, 0.0022, 0.0022, 0.0821, 0.0821, 0.0821, 0.0821, 0.0821, 0.0821, 0.0821, 0.0821, 0.0821, 0.0821, 0.1483, 0.1483, 0.1483, 0.1483, 0.1483, 0.1483, 0.1483, 0.1483, 0.1483, 0.1483, 0.0095, 0.0095, 0.0095, 0.0095, 0.0095, 0.0095, 0.0095, 0.0095, 0.0095, 0.0095, 0.0371, 0.0371, 0.0371, 0.0371, 0.0371, 0.0371, 0.0371, 0.0371, 0.0371, 0.0371, 0.0021, 0.0021, 0.0021, 0.0021, 0.0021, 0.0021, 0.0021, 0.0021, 0.0021, 0.0021, 0.0039, 0.0039, 0.0039, 0.0039, 0.0039, 0.0039, 0.0039, 0.0039, 0.0039, 0.0039, 0.0021, 0.0021, 0.0021, 0.0021, 0.0021, 0.0021, 0.0021, 0.0021, 0.0021, 0.0021, 0.0851, 0.0851, 0.0851, 0.0851, 0.0851, 0.0851, 0.0851, 0.0851, 0.0851, 0.0851, 0.0021, 0.0021, 0.0021, 0.0021, 0.0021, 0.0021, 0.0021, 0.0021, 0.0021, 0.0021, 0.0022, 0.0022, 0.0022, 0.0022, 0.0022, 0.0022, 0.0022, 0.0022, 0.0022, 0.0022, 0.0021, 0.0021, 0.0021, 0.0021, 0.0021, 0.0021, 0.0021, 0.0021, 0.0021, 0.0021, 0.1333, 0.1333, 0.1333, 0.1333, 0.1333, 0.1333, 0.1333, 0.1333, 0.1333, 0.1333, 0.0022, 0.0022, 0.0022, 0.0022, 0.0022, 0.0022, 0.0022, 0.0022, 0.0022, 0.0022, 0.0021, 0.0021, 0.0021, 0.0021, 0.0021, 0.0021, 0.0021, 0.0021, 0.0021, 0.0021, 0.0831, 0.0831, 0.0831, 0.0831, 0.0831, 0.0831, 0.0831, 0.0831, 0.0831, 0.0831]
Validation Loss:
[0.5048996806144714, 0.4774688184261322, 0.451572984457016, 0.4817868769168854, 0.5295592546463013, 0.48740291595458984, 0.5090941786766052, 0.506847083568573, 0.48184698820114136, 0.5165457129478455]
Train, Validation, Test split:
Train: 6233
Validation: 1759
Test: 889
