Accuracy: 0.889763779527559
Classification Report:
              precision    recall  f1-score   support

     Assyria       0.87      0.99      0.93       608
   Babylonia       0.95      0.90      0.93       202
        West       0.90      0.11      0.20        79

    accuracy                           0.89       889
   macro avg       0.91      0.67      0.68       889
weighted avg       0.89      0.89      0.86       889

Training Loss:
[1.022, 1.022, 1.022, 1.022, 1.022, 1.022, 1.022, 1.022, 1.022, 1.022, 1.0238, 1.0238, 1.0238, 1.0238, 1.0238, 1.0238, 1.0238, 1.0238, 1.0238, 1.0238, 0.9031, 0.9031, 0.9031, 0.9031, 0.9031, 0.9031, 0.9031, 0.9031, 0.9031, 0.9031, 0.8896, 0.8896, 0.8896, 0.8896, 0.8896, 0.8896, 0.8896, 0.8896, 0.8896, 0.8896, 0.7281, 0.7281, 0.7281, 0.7281, 0.7281, 0.7281, 0.7281, 0.7281, 0.7281, 0.7281, 0.8037, 0.8037, 0.8037, 0.8037, 0.8037, 0.8037, 0.8037, 0.8037, 0.8037, 0.8037, 0.6602, 0.6602, 0.6602, 0.6602, 0.6602, 0.6602, 0.6602, 0.6602, 0.6602, 0.6602, 0.7903, 0.7903, 0.7903, 0.7903, 0.7903, 0.7903, 0.7903, 0.7903, 0.7903, 0.7903, 0.8693, 0.8693, 0.8693, 0.8693, 0.8693, 0.8693, 0.8693, 0.8693, 0.8693, 0.8693, 0.6922, 0.6922, 0.6922, 0.6922, 0.6922, 0.6922, 0.6922, 0.6922, 0.6922, 0.6922, 0.8459, 0.8459, 0.8459, 0.8459, 0.8459, 0.8459, 0.8459, 0.8459, 0.8459, 0.8459, 0.7371, 0.7371, 0.7371, 0.7371, 0.7371, 0.7371, 0.7371, 0.7371, 0.7371, 0.7371, 0.8717, 0.8717, 0.8717, 0.8717, 0.8717, 0.8717, 0.8717, 0.8717, 0.8717, 0.8717, 0.7199, 0.7199, 0.7199, 0.7199, 0.7199, 0.7199, 0.7199, 0.7199, 0.7199, 0.7199, 0.6357, 0.6357, 0.6357, 0.6357, 0.6357, 0.6357, 0.6357, 0.6357, 0.6357, 0.6357, 0.7977, 0.7977, 0.7977, 0.7977, 0.7977, 0.7977, 0.7977, 0.7977, 0.7977, 0.7977, 0.6696, 0.6696, 0.6696, 0.6696, 0.6696, 0.6696, 0.6696, 0.6696, 0.6696, 0.6696, 0.6106, 0.6106, 0.6106, 0.6106, 0.6106, 0.6106, 0.6106, 0.6106, 0.6106, 0.6106, 0.5062, 0.5062, 0.5062, 0.5062, 0.5062, 0.5062, 0.5062, 0.5062, 0.5062, 0.5062, 0.5103, 0.5103, 0.5103, 0.5103, 0.5103, 0.5103, 0.5103, 0.5103, 0.5103, 0.5103, 0.654, 0.654, 0.654, 0.654, 0.654, 0.654, 0.654, 0.654, 0.654, 0.654, 0.6688, 0.6688, 0.6688, 0.6688, 0.6688, 0.6688, 0.6688, 0.6688, 0.6688, 0.6688, 0.6565, 0.6565, 0.6565, 0.6565, 0.6565, 0.6565, 0.6565, 0.6565, 0.6565, 0.6565, 0.4881, 0.4881, 0.4881, 0.4881, 0.4881, 0.4881, 0.4881, 0.4881, 0.4881, 0.4881, 0.5397, 0.5397, 0.5397, 0.5397, 0.5397, 0.5397, 0.5397, 0.5397, 0.5397, 0.5397, 0.5664, 0.5664, 0.5664, 0.5664, 0.5664, 0.5664, 0.5664, 0.5664, 0.5664, 0.5664, 0.6667, 0.6667, 0.6667, 0.6667, 0.6667, 0.6667, 0.6667, 0.6667, 0.6667, 0.6667, 0.599, 0.599, 0.599, 0.599, 0.599, 0.599, 0.599, 0.599, 0.599, 0.599, 0.5466, 0.5466, 0.5466, 0.5466, 0.5466, 0.5466, 0.5466, 0.5466, 0.5466, 0.5466, 0.5684, 0.5684, 0.5684, 0.5684, 0.5684, 0.5684, 0.5684, 0.5684, 0.5684, 0.5684, 0.5172, 0.5172, 0.5172, 0.5172, 0.5172, 0.5172, 0.5172, 0.5172, 0.5172, 0.5172, 0.5123, 0.5123, 0.5123, 0.5123, 0.5123, 0.5123, 0.5123, 0.5123, 0.5123, 0.5123, 0.6036, 0.6036, 0.6036, 0.6036, 0.6036, 0.6036, 0.6036, 0.6036, 0.6036, 0.6036, 0.6404, 0.6404, 0.6404, 0.6404, 0.6404, 0.6404, 0.6404, 0.6404, 0.6404, 0.6404, 0.5474, 0.5474, 0.5474, 0.5474, 0.5474, 0.5474, 0.5474, 0.5474, 0.5474, 0.5474, 0.751, 0.751, 0.751, 0.751, 0.751, 0.751, 0.751, 0.751, 0.751, 0.751, 0.7793, 0.7793, 0.7793, 0.7793, 0.7793, 0.7793, 0.7793, 0.7793, 0.7793, 0.7793, 0.5354, 0.5354, 0.5354, 0.5354, 0.5354, 0.5354, 0.5354, 0.5354, 0.5354, 0.5354, 0.3302, 0.3302, 0.3302, 0.3302, 0.3302, 0.3302, 0.3302, 0.3302, 0.3302, 0.3302, 0.5029, 0.5029, 0.5029, 0.5029, 0.5029, 0.5029, 0.5029, 0.5029, 0.5029, 0.5029, 0.6357, 0.6357, 0.6357, 0.6357, 0.6357, 0.6357, 0.6357, 0.6357, 0.6357, 0.6357, 0.5648, 0.5648, 0.5648, 0.5648, 0.5648, 0.5648, 0.5648, 0.5648, 0.5648, 0.5648, 0.8638, 0.8638, 0.8638, 0.8638, 0.8638, 0.8638, 0.8638, 0.8638, 0.8638, 0.8638, 0.7044, 0.7044, 0.7044, 0.7044, 0.7044, 0.7044, 0.7044, 0.7044, 0.7044, 0.7044, 0.6958, 0.6958, 0.6958, 0.6958, 0.6958, 0.6958, 0.6958, 0.6958, 0.6958, 0.6958, 0.4151, 0.4151, 0.4151, 0.4151, 0.4151, 0.4151, 0.4151, 0.4151, 0.4151, 0.4151, 0.5872, 0.5872, 0.5872, 0.5872, 0.5872, 0.5872, 0.5872, 0.5872, 0.5872, 0.5872, 0.554, 0.554, 0.554, 0.554, 0.554, 0.554, 0.554, 0.554, 0.554, 0.554, 0.6042, 0.6042, 0.6042, 0.6042, 0.6042, 0.6042, 0.6042, 0.6042, 0.6042, 0.6042, 0.5696, 0.5696, 0.5696, 0.5696, 0.5696, 0.5696, 0.5696, 0.5696, 0.5696, 0.5696, 0.5956, 0.5956, 0.5956, 0.5956, 0.5956, 0.5956, 0.5956, 0.5956, 0.5956, 0.5956, 0.462, 0.462, 0.462, 0.462, 0.462, 0.462, 0.462, 0.462, 0.462, 0.462, 0.7253, 0.7253, 0.7253, 0.7253, 0.7253, 0.7253, 0.7253, 0.7253, 0.7253, 0.7253, 0.743, 0.743, 0.743, 0.743, 0.743, 0.743, 0.743, 0.743, 0.743, 0.743, 0.4332, 0.4332, 0.4332, 0.4332, 0.4332, 0.4332, 0.4332, 0.4332, 0.4332, 0.4332, 0.4936, 0.4936, 0.4936, 0.4936, 0.4936, 0.4936, 0.4936, 0.4936, 0.4936, 0.4936, 0.6836, 0.6836, 0.6836, 0.6836, 0.6836, 0.6836, 0.6836, 0.6836, 0.6836, 0.6836, 0.4802, 0.4802, 0.4802, 0.4802, 0.4802, 0.4802, 0.4802, 0.4802, 0.4802, 0.4802, 0.321, 0.321, 0.321, 0.321, 0.321, 0.321, 0.321, 0.321, 0.321, 0.321, 0.4352, 0.4352, 0.4352, 0.4352, 0.4352, 0.4352, 0.4352, 0.4352, 0.4352, 0.4352, 0.7366, 0.7366, 0.7366, 0.7366, 0.7366, 0.7366, 0.7366, 0.7366, 0.7366, 0.7366, 0.5978, 0.5978, 0.5978, 0.5978, 0.5978, 0.5978, 0.5978, 0.5978, 0.5978, 0.5978, 0.4465, 0.4465, 0.4465, 0.4465, 0.4465, 0.4465, 0.4465, 0.4465, 0.4465, 0.4465, 0.4772, 0.4772, 0.4772, 0.4772, 0.4772, 0.4772, 0.4772, 0.4772, 0.4772, 0.4772, 0.5284, 0.5284, 0.5284, 0.5284, 0.5284, 0.5284, 0.5284, 0.5284, 0.5284, 0.5284, 0.316, 0.316, 0.316, 0.316, 0.316, 0.316, 0.316, 0.316, 0.316, 0.316, 0.511, 0.511, 0.511, 0.511, 0.511, 0.511, 0.511, 0.511, 0.511, 0.511, 0.4083, 0.4083, 0.4083, 0.4083, 0.4083, 0.4083, 0.4083, 0.4083, 0.4083, 0.4083, 0.7765, 0.7765, 0.7765, 0.7765, 0.7765, 0.7765, 0.7765, 0.7765, 0.7765, 0.7765, 0.5372, 0.5372, 0.5372, 0.5372, 0.5372, 0.5372, 0.5372, 0.5372, 0.5372, 0.5372, 0.5628, 0.5628, 0.5628, 0.5628, 0.5628, 0.5628, 0.5628, 0.5628, 0.5628, 0.5628, 0.5245, 0.5245, 0.5245, 0.5245, 0.5245, 0.5245, 0.5245, 0.5245, 0.5245, 0.5245, 0.6759, 0.6759, 0.6759, 0.6759, 0.6759, 0.6759, 0.6759, 0.6759, 0.6759, 0.6759, 0.5941, 0.5941, 0.5941, 0.5941, 0.5941, 0.5941, 0.5941, 0.5941, 0.5941, 0.5941, 0.5039, 0.5039, 0.5039, 0.5039, 0.5039, 0.5039, 0.5039, 0.5039, 0.5039, 0.5039, 0.6445, 0.6445, 0.6445, 0.6445, 0.6445, 0.6445, 0.6445, 0.6445, 0.6445, 0.6445, 0.528, 0.528, 0.528, 0.528, 0.528, 0.528, 0.528, 0.528, 0.528, 0.528, 0.6105, 0.6105, 0.6105, 0.6105, 0.6105, 0.6105, 0.6105, 0.6105, 0.6105, 0.6105, 0.453, 0.453, 0.453, 0.453, 0.453, 0.453, 0.453, 0.453, 0.453, 0.453, 0.5486, 0.5486, 0.5486, 0.5486, 0.5486, 0.5486, 0.5486, 0.5486, 0.5486, 0.5486, 0.6017, 0.6017, 0.6017, 0.6017, 0.6017, 0.6017, 0.6017, 0.6017, 0.6017, 0.6017, 0.2237, 0.2237, 0.2237, 0.2237, 0.2237, 0.2237, 0.2237, 0.2237, 0.2237, 0.2237, 0.6605, 0.6605, 0.6605, 0.6605, 0.6605, 0.6605, 0.6605, 0.6605, 0.6605, 0.6605, 0.3978, 0.3978, 0.3978, 0.3978, 0.3978, 0.3978, 0.3978, 0.3978, 0.3978, 0.3978, 0.3603, 0.3603, 0.3603, 0.3603, 0.3603, 0.3603, 0.3603, 0.3603, 0.3603, 0.3603, 0.6931, 0.6931, 0.6931, 0.6931, 0.6931, 0.6931, 0.6931, 0.6931, 0.6931, 0.6931, 0.5681, 0.5681, 0.5681, 0.5681, 0.5681, 0.5681, 0.5681, 0.5681, 0.5681, 0.5681, 0.5205, 0.5205, 0.5205, 0.5205, 0.5205, 0.5205, 0.5205, 0.5205, 0.5205, 0.5205, 0.3686, 0.3686, 0.3686, 0.3686, 0.3686, 0.3686, 0.3686, 0.3686, 0.3686, 0.3686, 0.4268, 0.4268, 0.4268, 0.4268, 0.4268, 0.4268, 0.4268, 0.4268, 0.4268, 0.4268, 0.3588, 0.3588, 0.3588, 0.3588, 0.3588, 0.3588, 0.3588, 0.3588, 0.3588, 0.3588, 0.5224, 0.5224, 0.5224, 0.5224, 0.5224, 0.5224, 0.5224, 0.5224, 0.5224, 0.5224, 0.5857, 0.5857, 0.5857, 0.5857, 0.5857, 0.5857, 0.5857, 0.5857, 0.5857, 0.5857, 0.7315, 0.7315, 0.7315, 0.7315, 0.7315, 0.7315, 0.7315, 0.7315, 0.7315, 0.7315, 0.5339, 0.5339, 0.5339, 0.5339, 0.5339, 0.5339, 0.5339, 0.5339, 0.5339, 0.5339, 0.4131, 0.4131, 0.4131, 0.4131, 0.4131, 0.4131, 0.4131, 0.4131, 0.4131, 0.4131, 0.6839, 0.6839, 0.6839, 0.6839, 0.6839, 0.6839, 0.6839, 0.6839, 0.6839, 0.6839, 0.394, 0.394, 0.394, 0.394, 0.394, 0.394, 0.394, 0.394, 0.394, 0.394, 0.3742, 0.3742, 0.3742, 0.3742, 0.3742, 0.3742, 0.3742, 0.3742, 0.3742, 0.3742, 0.4786, 0.4786, 0.4786, 0.4786, 0.4786, 0.4786, 0.4786, 0.4786, 0.4786, 0.4786, 0.5068, 0.5068, 0.5068, 0.5068, 0.5068, 0.5068, 0.5068, 0.5068, 0.5068, 0.5068, 0.3566, 0.3566, 0.3566, 0.3566, 0.3566, 0.3566, 0.3566, 0.3566, 0.3566, 0.3566, 0.6882, 0.6882, 0.6882, 0.6882, 0.6882, 0.6882, 0.6882, 0.6882, 0.6882, 0.6882, 0.5965, 0.5965, 0.5965, 0.5965, 0.5965, 0.5965, 0.5965, 0.5965, 0.5965, 0.5965, 0.428, 0.428, 0.428, 0.428, 0.428, 0.428, 0.428, 0.428, 0.428, 0.428, 0.4736, 0.4736, 0.4736, 0.4736, 0.4736, 0.4736, 0.4736, 0.4736, 0.4736, 0.4736, 0.4599, 0.4599, 0.4599, 0.4599, 0.4599, 0.4599, 0.4599, 0.4599, 0.4599, 0.4599, 0.16, 0.16, 0.16, 0.16, 0.16, 0.16, 0.16, 0.16, 0.16, 0.16, 0.5291, 0.5291, 0.5291, 0.5291, 0.5291, 0.5291, 0.5291, 0.5291, 0.5291, 0.5291, 0.6189, 0.6189, 0.6189, 0.6189, 0.6189, 0.6189, 0.6189, 0.6189, 0.6189, 0.6189, 0.4884, 0.4884, 0.4884, 0.4884, 0.4884, 0.4884, 0.4884, 0.4884, 0.4884, 0.4884, 0.6269, 0.6269, 0.6269, 0.6269, 0.6269, 0.6269, 0.6269, 0.6269, 0.6269, 0.6269, 0.4296, 0.4296, 0.4296, 0.4296, 0.4296, 0.4296, 0.4296, 0.4296, 0.4296, 0.4296, 0.581, 0.581, 0.581, 0.581, 0.581, 0.581, 0.581, 0.581, 0.581, 0.581, 0.6377, 0.6377, 0.6377, 0.6377, 0.6377, 0.6377, 0.6377, 0.6377, 0.6377, 0.6377, 0.3077, 0.3077, 0.3077, 0.3077, 0.3077, 0.3077, 0.3077, 0.3077, 0.3077, 0.3077, 0.4034, 0.4034, 0.4034, 0.4034, 0.4034, 0.4034, 0.4034, 0.4034, 0.4034, 0.4034, 0.4352, 0.4352, 0.4352, 0.4352, 0.4352, 0.4352, 0.4352, 0.4352, 0.4352, 0.4352, 0.6933, 0.6933, 0.6933, 0.6933, 0.6933, 0.6933, 0.6933, 0.6933, 0.6933, 0.6933, 0.5868, 0.5868, 0.5868, 0.5868, 0.5868, 0.5868, 0.5868, 0.5868, 0.5868, 0.5868, 0.5527, 0.5527, 0.5527, 0.5527, 0.5527, 0.5527, 0.5527, 0.5527, 0.5527, 0.5527, 0.5729, 0.5729, 0.5729, 0.5729, 0.5729, 0.5729, 0.5729, 0.5729, 0.5729, 0.5729, 0.4605, 0.4605, 0.4605, 0.4605, 0.4605, 0.4605, 0.4605, 0.4605, 0.4605, 0.4605, 0.5941, 0.5941, 0.5941, 0.5941, 0.5941, 0.5941, 0.5941, 0.5941, 0.5941, 0.5941, 0.4898, 0.4898, 0.4898, 0.4898, 0.4898, 0.4898, 0.4898, 0.4898, 0.4898, 0.4898, 0.4467, 0.4467, 0.4467, 0.4467, 0.4467, 0.4467, 0.4467, 0.4467, 0.4467, 0.4467, 0.371, 0.371, 0.371, 0.371, 0.371, 0.371, 0.371, 0.371, 0.371, 0.371, 0.4444, 0.4444, 0.4444, 0.4444, 0.4444, 0.4444, 0.4444, 0.4444, 0.4444, 0.4444, 0.4048, 0.4048, 0.4048, 0.4048, 0.4048, 0.4048, 0.4048, 0.4048, 0.4048, 0.4048, 0.5506, 0.5506, 0.5506, 0.5506, 0.5506, 0.5506, 0.5506, 0.5506, 0.5506, 0.5506, 0.4687, 0.4687, 0.4687, 0.4687, 0.4687, 0.4687, 0.4687, 0.4687, 0.4687, 0.4687, 0.389, 0.389, 0.389, 0.389, 0.389, 0.389, 0.389, 0.389, 0.389, 0.389, 0.2527, 0.2527, 0.2527, 0.2527, 0.2527, 0.2527, 0.2527, 0.2527, 0.2527, 0.2527, 0.5703, 0.5703, 0.5703, 0.5703, 0.5703, 0.5703, 0.5703, 0.5703, 0.5703, 0.5703, 0.5654, 0.5654, 0.5654, 0.5654, 0.5654, 0.5654, 0.5654, 0.5654, 0.5654, 0.5654, 0.5935, 0.5935, 0.5935, 0.5935, 0.5935, 0.5935, 0.5935, 0.5935, 0.5935, 0.5935, 0.4268, 0.4268, 0.4268, 0.4268, 0.4268, 0.4268, 0.4268, 0.4268, 0.4268, 0.4268, 0.4655, 0.4655, 0.4655, 0.4655, 0.4655, 0.4655, 0.4655, 0.4655, 0.4655, 0.4655, 0.2918, 0.2918, 0.2918, 0.2918, 0.2918, 0.2918, 0.2918, 0.2918, 0.2918, 0.2918, 0.2394, 0.2394, 0.2394, 0.2394, 0.2394, 0.2394, 0.2394, 0.2394, 0.2394, 0.2394, 0.5622, 0.5622, 0.5622, 0.5622, 0.5622, 0.5622, 0.5622, 0.5622, 0.5622, 0.5622, 0.5734, 0.5734, 0.5734, 0.5734, 0.5734, 0.5734, 0.5734, 0.5734, 0.5734, 0.5734, 0.6951, 0.6951, 0.6951, 0.6951, 0.6951, 0.6951, 0.6951, 0.6951, 0.6951, 0.6951, 0.5777, 0.5777, 0.5777, 0.5777, 0.5777, 0.5777, 0.5777, 0.5777, 0.5777, 0.5777, 0.6337, 0.6337, 0.6337, 0.6337, 0.6337, 0.6337, 0.6337, 0.6337, 0.6337, 0.6337, 0.6581, 0.6581, 0.6581, 0.6581, 0.6581, 0.6581, 0.6581, 0.6581, 0.6581, 0.6581, 0.3847, 0.3847, 0.3847, 0.3847, 0.3847, 0.3847, 0.3847, 0.3847, 0.3847, 0.3847, 0.4305, 0.4305, 0.4305, 0.4305, 0.4305, 0.4305, 0.4305, 0.4305, 0.4305, 0.4305, 0.6017, 0.6017, 0.6017, 0.6017, 0.6017, 0.6017, 0.6017, 0.6017, 0.6017, 0.6017, 0.4569, 0.4569, 0.4569, 0.4569, 0.4569, 0.4569, 0.4569, 0.4569, 0.4569, 0.4569, 0.2704, 0.2704, 0.2704, 0.2704, 0.2704, 0.2704, 0.2704, 0.2704, 0.2704, 0.2704, 0.5032, 0.5032, 0.5032, 0.5032, 0.5032, 0.5032, 0.5032, 0.5032, 0.5032, 0.5032, 1.2386, 1.2386, 1.2386, 1.2386, 1.2386, 1.2386, 1.2386, 1.2386, 1.2386, 1.2386, 1.135, 1.135, 1.135, 1.135, 1.135, 1.135, 1.135, 1.135, 1.135, 1.135, 0.5486, 0.5486, 0.5486, 0.5486, 0.5486, 0.5486, 0.5486, 0.5486, 0.5486, 0.5486, 0.4711, 0.4711, 0.4711, 0.4711, 0.4711, 0.4711, 0.4711, 0.4711, 0.4711, 0.4711, 0.5308, 0.5308, 0.5308, 0.5308, 0.5308, 0.5308, 0.5308, 0.5308, 0.5308, 0.5308, 0.5148, 0.5148, 0.5148, 0.5148, 0.5148, 0.5148, 0.5148, 0.5148, 0.5148, 0.5148, 0.5212, 0.5212, 0.5212, 0.5212, 0.5212, 0.5212, 0.5212, 0.5212, 0.5212, 0.5212, 0.799, 0.799, 0.799, 0.799, 0.799, 0.799, 0.799, 0.799, 0.799, 0.799, 0.6202, 0.6202, 0.6202, 0.6202, 0.6202, 0.6202, 0.6202, 0.6202, 0.6202, 0.6202, 0.7765, 0.7765, 0.7765, 0.7765, 0.7765, 0.7765, 0.7765, 0.7765, 0.7765, 0.7765, 0.5546, 0.5546, 0.5546, 0.5546, 0.5546, 0.5546, 0.5546, 0.5546, 0.5546, 0.5546, 0.7386, 0.7386, 0.7386, 0.7386, 0.7386, 0.7386, 0.7386, 0.7386, 0.7386, 0.7386, 0.4772, 0.4772, 0.4772, 0.4772, 0.4772, 0.4772, 0.4772, 0.4772, 0.4772, 0.4772, 0.6512, 0.6512, 0.6512, 0.6512, 0.6512, 0.6512, 0.6512, 0.6512, 0.6512, 0.6512, 0.422, 0.422, 0.422, 0.422, 0.422, 0.422, 0.422, 0.422, 0.422, 0.422, 0.3707, 0.3707, 0.3707, 0.3707, 0.3707, 0.3707, 0.3707, 0.3707, 0.3707, 0.3707, 0.5095, 0.5095, 0.5095, 0.5095, 0.5095, 0.5095, 0.5095, 0.5095, 0.5095, 0.5095, 0.2529, 0.2529, 0.2529, 0.2529, 0.2529, 0.2529, 0.2529, 0.2529, 0.2529, 0.2529, 0.4334, 0.4334, 0.4334, 0.4334, 0.4334, 0.4334, 0.4334, 0.4334, 0.4334, 0.4334, 0.6001, 0.6001, 0.6001, 0.6001, 0.6001, 0.6001, 0.6001, 0.6001, 0.6001, 0.6001, 0.5223, 0.5223, 0.5223, 0.5223, 0.5223, 0.5223, 0.5223, 0.5223, 0.5223, 0.5223, 0.4272, 0.4272, 0.4272, 0.4272, 0.4272, 0.4272, 0.4272, 0.4272, 0.4272, 0.4272, 0.6738, 0.6738, 0.6738, 0.6738, 0.6738, 0.6738, 0.6738, 0.6738, 0.6738, 0.6738, 0.424, 0.424, 0.424, 0.424, 0.424, 0.424, 0.424, 0.424, 0.424, 0.424, 0.4603, 0.4603, 0.4603, 0.4603, 0.4603, 0.4603, 0.4603, 0.4603, 0.4603, 0.4603, 0.4573, 0.4573, 0.4573, 0.4573, 0.4573, 0.4573, 0.4573, 0.4573, 0.4573, 0.4573, 0.4172, 0.4172, 0.4172, 0.4172, 0.4172, 0.4172, 0.4172, 0.4172, 0.4172, 0.4172, 0.5738, 0.5738, 0.5738, 0.5738, 0.5738, 0.5738, 0.5738, 0.5738, 0.5738, 0.5738, 0.4525, 0.4525, 0.4525, 0.4525, 0.4525, 0.4525, 0.4525, 0.4525, 0.4525, 0.4525, 0.4327, 0.4327, 0.4327, 0.4327, 0.4327, 0.4327, 0.4327, 0.4327, 0.4327, 0.4327, 0.4943, 0.4943, 0.4943, 0.4943, 0.4943, 0.4943, 0.4943, 0.4943, 0.4943, 0.4943, 0.5183, 0.5183, 0.5183, 0.5183, 0.5183, 0.5183, 0.5183, 0.5183, 0.5183, 0.5183, 0.4605, 0.4605, 0.4605, 0.4605, 0.4605, 0.4605, 0.4605, 0.4605, 0.4605, 0.4605, 0.5934, 0.5934, 0.5934, 0.5934, 0.5934, 0.5934, 0.5934, 0.5934, 0.5934, 0.5934, 0.4056, 0.4056, 0.4056, 0.4056, 0.4056, 0.4056, 0.4056, 0.4056, 0.4056, 0.4056, 0.2972, 0.2972, 0.2972, 0.2972, 0.2972, 0.2972, 0.2972, 0.2972, 0.2972, 0.2972, 0.6988, 0.6988, 0.6988, 0.6988, 0.6988, 0.6988, 0.6988, 0.6988, 0.6988, 0.6988, 0.4453, 0.4453, 0.4453, 0.4453, 0.4453, 0.4453, 0.4453, 0.4453, 0.4453, 0.4453, 0.7671, 0.7671, 0.7671, 0.7671, 0.7671, 0.7671, 0.7671, 0.7671, 0.7671, 0.7671, 0.5931, 0.5931, 0.5931, 0.5931, 0.5931, 0.5931, 0.5931, 0.5931, 0.5931, 0.5931, 0.4268, 0.4268, 0.4268, 0.4268, 0.4268, 0.4268, 0.4268, 0.4268, 0.4268, 0.4268, 0.4396, 0.4396, 0.4396, 0.4396, 0.4396, 0.4396, 0.4396, 0.4396, 0.4396, 0.4396, 0.4845, 0.4845, 0.4845, 0.4845, 0.4845, 0.4845, 0.4845, 0.4845, 0.4845, 0.4845, 0.5999, 0.5999, 0.5999, 0.5999, 0.5999, 0.5999, 0.5999, 0.5999, 0.5999, 0.5999, 0.3781, 0.3781, 0.3781, 0.3781, 0.3781, 0.3781, 0.3781, 0.3781, 0.3781, 0.3781, 0.3582, 0.3582, 0.3582, 0.3582, 0.3582, 0.3582, 0.3582, 0.3582, 0.3582, 0.3582, 0.6277, 0.6277, 0.6277, 0.6277, 0.6277, 0.6277, 0.6277, 0.6277, 0.6277, 0.6277, 0.537, 0.537, 0.537, 0.537, 0.537, 0.537, 0.537, 0.537, 0.537, 0.537, 0.5633, 0.5633, 0.5633, 0.5633, 0.5633, 0.5633, 0.5633, 0.5633, 0.5633, 0.5633, 0.3944, 0.3944, 0.3944, 0.3944, 0.3944, 0.3944, 0.3944, 0.3944, 0.3944, 0.3944, 0.5294, 0.5294, 0.5294, 0.5294, 0.5294, 0.5294, 0.5294, 0.5294, 0.5294, 0.5294, 0.6082, 0.6082, 0.6082, 0.6082, 0.6082, 0.6082, 0.6082, 0.6082, 0.6082, 0.6082, 0.5113, 0.5113, 0.5113, 0.5113, 0.5113, 0.5113, 0.5113, 0.5113, 0.5113, 0.5113, 0.3561, 0.3561, 0.3561, 0.3561, 0.3561, 0.3561, 0.3561, 0.3561, 0.3561, 0.3561, 0.5108, 0.5108, 0.5108, 0.5108, 0.5108, 0.5108, 0.5108, 0.5108, 0.5108, 0.5108, 0.3554, 0.3554, 0.3554, 0.3554, 0.3554, 0.3554, 0.3554, 0.3554, 0.3554, 0.3554, 0.4897, 0.4897, 0.4897, 0.4897, 0.4897, 0.4897, 0.4897, 0.4897, 0.4897, 0.4897, 0.598, 0.598, 0.598, 0.598, 0.598, 0.598, 0.598, 0.598, 0.598, 0.598, 0.7467, 0.7467, 0.7467, 0.7467, 0.7467, 0.7467, 0.7467, 0.7467, 0.7467, 0.7467, 0.3767, 0.3767, 0.3767, 0.3767, 0.3767, 0.3767, 0.3767, 0.3767, 0.3767, 0.3767, 0.4664, 0.4664, 0.4664, 0.4664, 0.4664, 0.4664, 0.4664, 0.4664, 0.4664, 0.4664, 0.4783, 0.4783, 0.4783, 0.4783, 0.4783, 0.4783, 0.4783, 0.4783, 0.4783, 0.4783, 0.3584, 0.3584, 0.3584, 0.3584, 0.3584, 0.3584, 0.3584, 0.3584, 0.3584, 0.3584, 0.6239, 0.6239, 0.6239, 0.6239, 0.6239, 0.6239, 0.6239, 0.6239, 0.6239, 0.6239, 0.4811, 0.4811, 0.4811, 0.4811, 0.4811, 0.4811, 0.4811, 0.4811, 0.4811, 0.4811, 0.5159, 0.5159, 0.5159, 0.5159, 0.5159, 0.5159, 0.5159, 0.5159, 0.5159, 0.5159, 0.6771, 0.6771, 0.6771, 0.6771, 0.6771, 0.6771, 0.6771, 0.6771, 0.6771, 0.6771, 0.4726, 0.4726, 0.4726, 0.4726, 0.4726, 0.4726, 0.4726, 0.4726, 0.4726, 0.4726, 0.4707, 0.4707, 0.4707, 0.4707, 0.4707, 0.4707, 0.4707, 0.4707, 0.4707, 0.4707, 0.3407, 0.3407, 0.3407, 0.3407, 0.3407, 0.3407, 0.3407, 0.3407, 0.3407, 0.3407, 0.7961, 0.7961, 0.7961, 0.7961, 0.7961, 0.7961, 0.7961, 0.7961, 0.7961, 0.7961, 0.3932, 0.3932, 0.3932, 0.3932, 0.3932, 0.3932, 0.3932, 0.3932, 0.3932, 0.3932, 0.3997, 0.3997, 0.3997, 0.3997, 0.3997, 0.3997, 0.3997, 0.3997, 0.3997, 0.3997, 0.4337, 0.4337, 0.4337, 0.4337, 0.4337, 0.4337, 0.4337, 0.4337, 0.4337, 0.4337, 0.419, 0.419, 0.419, 0.419, 0.419, 0.419, 0.419, 0.419, 0.419, 0.419, 0.5209, 0.5209, 0.5209, 0.5209, 0.5209, 0.5209, 0.5209, 0.5209, 0.5209, 0.5209, 0.3789, 0.3789, 0.3789, 0.3789, 0.3789, 0.3789, 0.3789, 0.3789, 0.3789, 0.3789, 0.4835, 0.4835, 0.4835, 0.4835, 0.4835, 0.4835, 0.4835, 0.4835, 0.4835, 0.4835, 0.4354, 0.4354, 0.4354, 0.4354, 0.4354, 0.4354, 0.4354, 0.4354, 0.4354, 0.4354, 0.3023, 0.3023, 0.3023, 0.3023, 0.3023, 0.3023, 0.3023, 0.3023, 0.3023, 0.3023, 0.568, 0.568, 0.568, 0.568, 0.568, 0.568, 0.568, 0.568, 0.568, 0.568, 0.5397, 0.5397, 0.5397, 0.5397, 0.5397, 0.5397, 0.5397, 0.5397, 0.5397, 0.5397, 0.4678, 0.4678, 0.4678, 0.4678, 0.4678, 0.4678, 0.4678, 0.4678, 0.4678, 0.4678, 0.5051, 0.5051, 0.5051, 0.5051, 0.5051, 0.5051, 0.5051, 0.5051, 0.5051, 0.5051, 0.6366, 0.6366, 0.6366, 0.6366, 0.6366, 0.6366, 0.6366, 0.6366, 0.6366, 0.6366, 0.3674, 0.3674, 0.3674, 0.3674, 0.3674, 0.3674, 0.3674, 0.3674, 0.3674, 0.3674, 0.4672, 0.4672, 0.4672, 0.4672, 0.4672, 0.4672, 0.4672, 0.4672, 0.4672, 0.4672, 0.3981, 0.3981, 0.3981, 0.3981, 0.3981, 0.3981, 0.3981, 0.3981, 0.3981, 0.3981, 0.499, 0.499, 0.499, 0.499, 0.499, 0.499, 0.499, 0.499, 0.499, 0.499, 0.361, 0.361, 0.361, 0.361, 0.361, 0.361, 0.361, 0.361, 0.361, 0.361, 0.474, 0.474, 0.474, 0.474, 0.474, 0.474, 0.474, 0.474, 0.474, 0.474, 0.5139, 0.5139, 0.5139, 0.5139, 0.5139, 0.5139, 0.5139, 0.5139, 0.5139, 0.5139, 0.5129, 0.5129, 0.5129, 0.5129, 0.5129, 0.5129, 0.5129, 0.5129, 0.5129, 0.5129, 0.4706, 0.4706, 0.4706, 0.4706, 0.4706, 0.4706, 0.4706, 0.4706, 0.4706, 0.4706, 0.4215, 0.4215, 0.4215, 0.4215, 0.4215, 0.4215, 0.4215, 0.4215, 0.4215, 0.4215, 0.5463, 0.5463, 0.5463, 0.5463, 0.5463, 0.5463, 0.5463, 0.5463, 0.5463, 0.5463, 0.5034, 0.5034, 0.5034, 0.5034, 0.5034, 0.5034, 0.5034, 0.5034, 0.5034, 0.5034, 0.6699, 0.6699, 0.6699, 0.6699, 0.6699, 0.6699, 0.6699, 0.6699, 0.6699, 0.6699, 0.3478, 0.3478, 0.3478, 0.3478, 0.3478, 0.3478, 0.3478, 0.3478, 0.3478, 0.3478, 0.1888, 0.1888, 0.1888, 0.1888, 0.1888, 0.1888, 0.1888, 0.1888, 0.1888, 0.1888, 0.4423, 0.4423, 0.4423, 0.4423, 0.4423, 0.4423, 0.4423, 0.4423, 0.4423, 0.4423, 0.5113, 0.5113, 0.5113, 0.5113, 0.5113, 0.5113, 0.5113, 0.5113, 0.5113, 0.5113, 0.4314, 0.4314, 0.4314, 0.4314, 0.4314, 0.4314, 0.4314, 0.4314, 0.4314, 0.4314, 0.4743, 0.4743, 0.4743, 0.4743, 0.4743, 0.4743, 0.4743, 0.4743, 0.4743, 0.4743, 0.837, 0.837, 0.837, 0.837, 0.837, 0.837, 0.837, 0.837, 0.837, 0.837, 0.7044, 0.7044, 0.7044, 0.7044, 0.7044, 0.7044, 0.7044, 0.7044, 0.7044, 0.7044, 0.9891, 0.9891, 0.9891, 0.9891, 0.9891, 0.9891, 0.9891, 0.9891, 0.9891, 0.9891, 0.8642, 0.8642, 0.8642, 0.8642, 0.8642, 0.8642, 0.8642, 0.8642, 0.8642, 0.8642, 0.7249, 0.7249, 0.7249, 0.7249, 0.7249, 0.7249, 0.7249, 0.7249, 0.7249, 0.7249, 0.7123, 0.7123, 0.7123, 0.7123, 0.7123, 0.7123, 0.7123, 0.7123, 0.7123, 0.7123, 0.8394, 0.8394, 0.8394, 0.8394, 0.8394, 0.8394, 0.8394, 0.8394, 0.8394, 0.8394, 0.6597, 0.6597, 0.6597, 0.6597, 0.6597, 0.6597, 0.6597, 0.6597, 0.6597, 0.6597, 0.6479, 0.6479, 0.6479, 0.6479, 0.6479, 0.6479, 0.6479, 0.6479, 0.6479, 0.6479, 0.7454, 0.7454, 0.7454, 0.7454, 0.7454, 0.7454, 0.7454, 0.7454, 0.7454, 0.7454, 0.8349, 0.8349, 0.8349, 0.8349, 0.8349, 0.8349, 0.8349, 0.8349, 0.8349, 0.8349, 0.604, 0.604, 0.604, 0.604, 0.604, 0.604, 0.604, 0.604, 0.604, 0.604, 0.5312, 0.5312, 0.5312, 0.5312, 0.5312, 0.5312, 0.5312, 0.5312, 0.5312, 0.5312, 0.5574, 0.5574, 0.5574, 0.5574, 0.5574, 0.5574, 0.5574, 0.5574, 0.5574, 0.5574, 0.5768, 0.5768, 0.5768, 0.5768, 0.5768, 0.5768, 0.5768, 0.5768, 0.5768, 0.5768, 0.4394, 0.4394, 0.4394, 0.4394, 0.4394, 0.4394, 0.4394, 0.4394, 0.4394, 0.4394, 0.4314, 0.4314, 0.4314, 0.4314, 0.4314, 0.4314, 0.4314, 0.4314, 0.4314, 0.4314, 0.4939, 0.4939, 0.4939, 0.4939, 0.4939, 0.4939, 0.4939, 0.4939, 0.4939, 0.4939, 0.3047, 0.3047, 0.3047, 0.3047, 0.3047, 0.3047, 0.3047, 0.3047, 0.3047, 0.3047, 0.4554, 0.4554, 0.4554, 0.4554, 0.4554, 0.4554, 0.4554, 0.4554, 0.4554, 0.4554, 0.4941, 0.4941, 0.4941, 0.4941, 0.4941, 0.4941, 0.4941, 0.4941, 0.4941, 0.4941, 0.4481, 0.4481, 0.4481, 0.4481, 0.4481, 0.4481, 0.4481, 0.4481, 0.4481, 0.4481, 0.3712, 0.3712, 0.3712, 0.3712, 0.3712, 0.3712, 0.3712, 0.3712, 0.3712, 0.3712, 0.5894, 0.5894, 0.5894, 0.5894, 0.5894, 0.5894, 0.5894, 0.5894, 0.5894, 0.5894, 0.5283, 0.5283, 0.5283, 0.5283, 0.5283, 0.5283, 0.5283, 0.5283, 0.5283, 0.5283, 0.3707, 0.3707, 0.3707, 0.3707, 0.3707, 0.3707, 0.3707, 0.3707, 0.3707, 0.3707, 0.5831, 0.5831, 0.5831, 0.5831, 0.5831, 0.5831, 0.5831, 0.5831, 0.5831, 0.5831, 0.2828, 0.2828, 0.2828, 0.2828, 0.2828, 0.2828, 0.2828, 0.2828, 0.2828, 0.2828, 0.4947, 0.4947, 0.4947, 0.4947, 0.4947, 0.4947, 0.4947, 0.4947, 0.4947, 0.4947, 0.4588, 0.4588, 0.4588, 0.4588, 0.4588, 0.4588, 0.4588, 0.4588, 0.4588, 0.4588, 0.6024, 0.6024, 0.6024, 0.6024, 0.6024, 0.6024, 0.6024, 0.6024, 0.6024, 0.6024, 0.5209, 0.5209, 0.5209, 0.5209, 0.5209, 0.5209, 0.5209, 0.5209, 0.5209, 0.5209, 0.3577, 0.3577, 0.3577, 0.3577, 0.3577, 0.3577, 0.3577, 0.3577, 0.3577, 0.3577, 0.4362, 0.4362, 0.4362, 0.4362, 0.4362, 0.4362, 0.4362, 0.4362, 0.4362, 0.4362, 0.4645, 0.4645, 0.4645, 0.4645, 0.4645, 0.4645, 0.4645, 0.4645, 0.4645, 0.4645, 0.3495, 0.3495, 0.3495, 0.3495, 0.3495, 0.3495, 0.3495, 0.3495, 0.3495, 0.3495, 0.3707, 0.3707, 0.3707, 0.3707, 0.3707, 0.3707, 0.3707, 0.3707, 0.3707, 0.3707, 0.5413, 0.5413, 0.5413, 0.5413, 0.5413, 0.5413, 0.5413, 0.5413, 0.5413, 0.5413, 0.4025, 0.4025, 0.4025, 0.4025, 0.4025, 0.4025, 0.4025, 0.4025, 0.4025, 0.4025, 0.4333, 0.4333, 0.4333, 0.4333, 0.4333, 0.4333, 0.4333, 0.4333, 0.4333, 0.4333, 0.5248, 0.5248, 0.5248, 0.5248, 0.5248, 0.5248, 0.5248, 0.5248, 0.5248, 0.5248, 0.483, 0.483, 0.483, 0.483, 0.483, 0.483, 0.483, 0.483, 0.483, 0.483, 0.4782, 0.4782, 0.4782, 0.4782, 0.4782, 0.4782, 0.4782, 0.4782, 0.4782, 0.4782, 0.5629, 0.5629, 0.5629, 0.5629, 0.5629, 0.5629, 0.5629, 0.5629, 0.5629, 0.5629, 0.5217, 0.5217, 0.5217, 0.5217, 0.5217, 0.5217, 0.5217, 0.5217, 0.5217, 0.5217, 0.425, 0.425, 0.425, 0.425, 0.425, 0.425, 0.425, 0.425, 0.425, 0.425, 0.5716, 0.5716, 0.5716, 0.5716, 0.5716, 0.5716, 0.5716, 0.5716, 0.5716, 0.5716, 0.4983, 0.4983, 0.4983, 0.4983, 0.4983, 0.4983, 0.4983, 0.4983, 0.4983, 0.4983, 0.5847, 0.5847, 0.5847, 0.5847, 0.5847, 0.5847, 0.5847, 0.5847, 0.5847, 0.5847, 0.5766, 0.5766, 0.5766, 0.5766, 0.5766, 0.5766, 0.5766, 0.5766, 0.5766, 0.5766, 0.4777, 0.4777, 0.4777, 0.4777, 0.4777, 0.4777, 0.4777, 0.4777, 0.4777, 0.4777, 0.3539, 0.3539, 0.3539, 0.3539, 0.3539, 0.3539, 0.3539, 0.3539, 0.3539, 0.3539, 0.5387, 0.5387, 0.5387, 0.5387, 0.5387, 0.5387, 0.5387, 0.5387, 0.5387, 0.5387, 0.4164, 0.4164, 0.4164, 0.4164, 0.4164, 0.4164, 0.4164, 0.4164, 0.4164, 0.4164, 0.3019, 0.3019, 0.3019, 0.3019, 0.3019, 0.3019, 0.3019, 0.3019, 0.3019, 0.3019, 0.3702, 0.3702, 0.3702, 0.3702, 0.3702, 0.3702, 0.3702, 0.3702, 0.3702, 0.3702, 0.5824, 0.5824, 0.5824, 0.5824, 0.5824, 0.5824, 0.5824, 0.5824, 0.5824, 0.5824, 0.4548, 0.4548, 0.4548, 0.4548, 0.4548, 0.4548, 0.4548, 0.4548, 0.4548, 0.4548, 0.3031, 0.3031, 0.3031, 0.3031, 0.3031, 0.3031, 0.3031, 0.3031, 0.3031, 0.3031, 0.5812, 0.5812, 0.5812, 0.5812, 0.5812, 0.5812, 0.5812, 0.5812, 0.5812, 0.5812, 0.4676, 0.4676, 0.4676, 0.4676, 0.4676, 0.4676, 0.4676, 0.4676, 0.4676, 0.4676, 0.3823, 0.3823, 0.3823, 0.3823, 0.3823, 0.3823, 0.3823, 0.3823, 0.3823, 0.3823, 0.602, 0.602, 0.602, 0.602, 0.602, 0.602, 0.602, 0.602, 0.602, 0.602, 0.4739, 0.4739, 0.4739, 0.4739, 0.4739, 0.4739, 0.4739, 0.4739, 0.4739, 0.4739, 0.4886, 0.4886, 0.4886, 0.4886, 0.4886, 0.4886, 0.4886, 0.4886, 0.4886, 0.4886, 0.3468, 0.3468, 0.3468, 0.3468, 0.3468, 0.3468, 0.3468, 0.3468, 0.3468, 0.3468, 0.4812, 0.4812, 0.4812, 0.4812, 0.4812, 0.4812, 0.4812, 0.4812, 0.4812, 0.4812, 0.346, 0.346, 0.346, 0.346, 0.346, 0.346, 0.346, 0.346, 0.346, 0.346, 0.4005, 0.4005, 0.4005, 0.4005, 0.4005, 0.4005, 0.4005, 0.4005, 0.4005, 0.4005, 0.4369, 0.4369, 0.4369, 0.4369, 0.4369, 0.4369, 0.4369, 0.4369, 0.4369, 0.4369, 0.4709, 0.4709, 0.4709, 0.4709, 0.4709, 0.4709, 0.4709, 0.4709, 0.4709, 0.4709, 0.4104, 0.4104, 0.4104, 0.4104, 0.4104, 0.4104, 0.4104, 0.4104, 0.4104, 0.4104, 0.327, 0.327, 0.327, 0.327, 0.327, 0.327, 0.327, 0.327, 0.327, 0.327, 0.6495, 0.6495, 0.6495, 0.6495, 0.6495, 0.6495, 0.6495, 0.6495, 0.6495, 0.6495, 0.529, 0.529, 0.529, 0.529, 0.529, 0.529, 0.529, 0.529, 0.529, 0.529, 0.4043, 0.4043, 0.4043, 0.4043, 0.4043, 0.4043, 0.4043, 0.4043, 0.4043, 0.4043, 0.442, 0.442, 0.442, 0.442, 0.442, 0.442, 0.442, 0.442, 0.442, 0.442, 0.4996, 0.4996, 0.4996, 0.4996, 0.4996, 0.4996, 0.4996, 0.4996, 0.4996, 0.4996, 0.5311, 0.5311, 0.5311, 0.5311, 0.5311, 0.5311, 0.5311, 0.5311, 0.5311, 0.5311, 0.2418, 0.2418, 0.2418, 0.2418, 0.2418, 0.2418, 0.2418, 0.2418, 0.2418, 0.2418, 0.2958, 0.2958, 0.2958, 0.2958, 0.2958, 0.2958, 0.2958, 0.2958, 0.2958, 0.2958, 0.4254, 0.4254, 0.4254, 0.4254, 0.4254, 0.4254, 0.4254, 0.4254, 0.4254, 0.4254, 0.5645, 0.5645, 0.5645, 0.5645, 0.5645, 0.5645, 0.5645, 0.5645, 0.5645, 0.5645, 0.2986, 0.2986, 0.2986, 0.2986, 0.2986, 0.2986, 0.2986, 0.2986, 0.2986, 0.2986, 0.5589, 0.5589, 0.5589, 0.5589, 0.5589, 0.5589, 0.5589, 0.5589, 0.5589, 0.5589, 0.3621, 0.3621, 0.3621, 0.3621, 0.3621, 0.3621, 0.3621, 0.3621, 0.3621, 0.3621, 0.5137, 0.5137, 0.5137, 0.5137, 0.5137, 0.5137, 0.5137, 0.5137, 0.5137, 0.5137, 0.3322, 0.3322, 0.3322, 0.3322, 0.3322, 0.3322, 0.3322, 0.3322, 0.3322, 0.3322, 0.555, 0.555, 0.555, 0.555, 0.555, 0.555, 0.555, 0.555, 0.555, 0.555, 0.5262, 0.5262, 0.5262, 0.5262, 0.5262, 0.5262, 0.5262, 0.5262, 0.5262, 0.5262, 0.308, 0.308, 0.308, 0.308, 0.308, 0.308, 0.308, 0.308, 0.308, 0.308, 0.4955, 0.4955, 0.4955, 0.4955, 0.4955, 0.4955, 0.4955, 0.4955, 0.4955, 0.4955, 0.462, 0.462, 0.462, 0.462, 0.462, 0.462, 0.462, 0.462, 0.462, 0.462, 0.3951, 0.3951, 0.3951, 0.3951, 0.3951, 0.3951, 0.3951, 0.3951, 0.3951, 0.3951, 0.2482, 0.2482, 0.2482, 0.2482, 0.2482, 0.2482, 0.2482, 0.2482, 0.2482, 0.2482, 0.4208, 0.4208, 0.4208, 0.4208, 0.4208, 0.4208, 0.4208, 0.4208, 0.4208, 0.4208, 0.2926, 0.2926, 0.2926, 0.2926, 0.2926, 0.2926, 0.2926, 0.2926, 0.2926, 0.2926, 0.3429, 0.3429, 0.3429, 0.3429, 0.3429, 0.3429, 0.3429, 0.3429, 0.3429, 0.3429, 0.5129, 0.5129, 0.5129, 0.5129, 0.5129, 0.5129, 0.5129, 0.5129, 0.5129, 0.5129, 0.2123, 0.2123, 0.2123, 0.2123, 0.2123, 0.2123, 0.2123, 0.2123, 0.2123, 0.2123, 0.2307, 0.2307, 0.2307, 0.2307, 0.2307, 0.2307, 0.2307, 0.2307, 0.2307, 0.2307, 0.3586, 0.3586, 0.3586, 0.3586, 0.3586, 0.3586, 0.3586, 0.3586, 0.3586, 0.3586, 0.4688, 0.4688, 0.4688, 0.4688, 0.4688, 0.4688, 0.4688, 0.4688, 0.4688, 0.4688, 0.3016, 0.3016, 0.3016, 0.3016, 0.3016, 0.3016, 0.3016, 0.3016, 0.3016, 0.3016, 0.3584, 0.3584, 0.3584, 0.3584, 0.3584, 0.3584, 0.3584, 0.3584, 0.3584, 0.3584, 0.4911, 0.4911, 0.4911, 0.4911, 0.4911, 0.4911, 0.4911, 0.4911, 0.4911, 0.4911, 0.2719, 0.2719, 0.2719, 0.2719, 0.2719, 0.2719, 0.2719, 0.2719, 0.2719, 0.2719, 0.4688, 0.4688, 0.4688, 0.4688, 0.4688, 0.4688, 0.4688, 0.4688, 0.4688, 0.4688, 0.2939, 0.2939, 0.2939, 0.2939, 0.2939, 0.2939, 0.2939, 0.2939, 0.2939, 0.2939, 0.6902, 0.6902, 0.6902, 0.6902, 0.6902, 0.6902, 0.6902, 0.6902, 0.6902, 0.6902, 0.5433, 0.5433, 0.5433, 0.5433, 0.5433, 0.5433, 0.5433, 0.5433, 0.5433, 0.5433, 0.3078, 0.3078, 0.3078, 0.3078, 0.3078, 0.3078, 0.3078, 0.3078, 0.3078, 0.3078, 0.6255, 0.6255, 0.6255, 0.6255, 0.6255, 0.6255, 0.6255, 0.6255, 0.6255, 0.6255, 0.3746, 0.3746, 0.3746, 0.3746, 0.3746, 0.3746, 0.3746, 0.3746, 0.3746, 0.3746, 0.4479, 0.4479, 0.4479, 0.4479, 0.4479, 0.4479, 0.4479, 0.4479, 0.4479, 0.4479, 0.424, 0.424, 0.424, 0.424, 0.424, 0.424, 0.424, 0.424, 0.424, 0.424, 0.5068, 0.5068, 0.5068, 0.5068, 0.5068, 0.5068, 0.5068, 0.5068, 0.5068, 0.5068, 0.3113, 0.3113, 0.3113, 0.3113, 0.3113, 0.3113, 0.3113, 0.3113, 0.3113, 0.3113, 0.3879, 0.3879, 0.3879, 0.3879, 0.3879, 0.3879, 0.3879, 0.3879, 0.3879, 0.3879, 0.2907, 0.2907, 0.2907, 0.2907, 0.2907, 0.2907, 0.2907, 0.2907, 0.2907, 0.2907, 0.2974, 0.2974, 0.2974, 0.2974, 0.2974, 0.2974, 0.2974, 0.2974, 0.2974, 0.2974, 0.4277, 0.4277, 0.4277, 0.4277, 0.4277, 0.4277, 0.4277, 0.4277, 0.4277, 0.4277, 0.2535, 0.2535, 0.2535, 0.2535, 0.2535, 0.2535, 0.2535, 0.2535, 0.2535, 0.2535, 0.5077, 0.5077, 0.5077, 0.5077, 0.5077, 0.5077, 0.5077, 0.5077, 0.5077, 0.5077, 0.2886, 0.2886, 0.2886, 0.2886, 0.2886, 0.2886, 0.2886, 0.2886, 0.2886, 0.2886, 0.5097, 0.5097, 0.5097, 0.5097, 0.5097, 0.5097, 0.5097, 0.5097, 0.5097, 0.5097, 0.5632, 0.5632, 0.5632, 0.5632, 0.5632, 0.5632, 0.5632, 0.5632, 0.5632, 0.5632, 0.3793, 0.3793, 0.3793, 0.3793, 0.3793, 0.3793, 0.3793, 0.3793, 0.3793, 0.3793, 0.5436, 0.5436, 0.5436, 0.5436, 0.5436, 0.5436, 0.5436, 0.5436, 0.5436, 0.5436, 0.421, 0.421, 0.421, 0.421, 0.421, 0.421, 0.421, 0.421, 0.421, 0.421, 0.3571, 0.3571, 0.3571, 0.3571, 0.3571, 0.3571, 0.3571, 0.3571, 0.3571, 0.3571, 0.4401, 0.4401, 0.4401, 0.4401, 0.4401, 0.4401, 0.4401, 0.4401, 0.4401, 0.4401, 0.5011, 0.5011, 0.5011, 0.5011, 0.5011, 0.5011, 0.5011, 0.5011, 0.5011, 0.5011, 0.4403, 0.4403, 0.4403, 0.4403, 0.4403, 0.4403, 0.4403, 0.4403, 0.4403, 0.4403, 0.3414, 0.3414, 0.3414, 0.3414, 0.3414, 0.3414, 0.3414, 0.3414, 0.3414, 0.3414, 0.5355, 0.5355, 0.5355, 0.5355, 0.5355, 0.5355, 0.5355, 0.5355, 0.5355, 0.5355, 0.1918, 0.1918, 0.1918, 0.1918, 0.1918, 0.1918, 0.1918, 0.1918, 0.1918, 0.1918, 0.3791, 0.3791, 0.3791, 0.3791, 0.3791, 0.3791, 0.3791, 0.3791, 0.3791, 0.3791, 0.5631, 0.5631, 0.5631, 0.5631, 0.5631, 0.5631, 0.5631, 0.5631, 0.5631, 0.5631, 0.3707, 0.3707, 0.3707, 0.3707, 0.3707, 0.3707, 0.3707, 0.3707, 0.3707, 0.3707, 0.31, 0.31, 0.31, 0.31, 0.31, 0.31, 0.31, 0.31, 0.31, 0.31, 0.369, 0.369, 0.369, 0.369, 0.369, 0.369, 0.369, 0.369, 0.369, 0.369, 0.3662, 0.3662, 0.3662, 0.3662, 0.3662, 0.3662, 0.3662, 0.3662, 0.3662, 0.3662, 0.4108, 0.4108, 0.4108, 0.4108, 0.4108, 0.4108, 0.4108, 0.4108, 0.4108, 0.4108, 0.3876, 0.3876, 0.3876, 0.3876, 0.3876, 0.3876, 0.3876, 0.3876, 0.3876, 0.3876, 0.4103, 0.4103, 0.4103, 0.4103, 0.4103, 0.4103, 0.4103, 0.4103, 0.4103, 0.4103, 0.5162, 0.5162, 0.5162, 0.5162, 0.5162, 0.5162, 0.5162, 0.5162, 0.5162, 0.5162, 0.4045, 0.4045, 0.4045, 0.4045, 0.4045, 0.4045, 0.4045, 0.4045, 0.4045, 0.4045, 0.4368, 0.4368, 0.4368, 0.4368, 0.4368, 0.4368, 0.4368, 0.4368, 0.4368, 0.4368, 0.7818, 0.7818, 0.7818, 0.7818, 0.7818, 0.7818, 0.7818, 0.7818, 0.7818, 0.7818, 0.3804, 0.3804, 0.3804, 0.3804, 0.3804, 0.3804, 0.3804, 0.3804, 0.3804, 0.3804, 0.3348, 0.3348, 0.3348, 0.3348, 0.3348, 0.3348, 0.3348, 0.3348, 0.3348, 0.3348, 0.5744, 0.5744, 0.5744, 0.5744, 0.5744, 0.5744, 0.5744, 0.5744, 0.5744, 0.5744, 0.2228, 0.2228, 0.2228, 0.2228, 0.2228, 0.2228, 0.2228, 0.2228, 0.2228, 0.2228, 0.6149, 0.6149, 0.6149, 0.6149, 0.6149, 0.6149, 0.6149, 0.6149, 0.6149, 0.6149, 0.2004, 0.2004, 0.2004, 0.2004, 0.2004, 0.2004, 0.2004, 0.2004, 0.2004, 0.2004, 0.4048, 0.4048, 0.4048, 0.4048, 0.4048, 0.4048, 0.4048, 0.4048, 0.4048, 0.4048, 0.2909, 0.2909, 0.2909, 0.2909, 0.2909, 0.2909, 0.2909, 0.2909, 0.2909, 0.2909, 0.4614, 0.4614, 0.4614, 0.4614, 0.4614, 0.4614, 0.4614, 0.4614, 0.4614, 0.4614, 0.2223, 0.2223, 0.2223, 0.2223, 0.2223, 0.2223, 0.2223, 0.2223, 0.2223, 0.2223, 0.5532, 0.5532, 0.5532, 0.5532, 0.5532, 0.5532, 0.5532, 0.5532, 0.5532, 0.5532, 0.3836, 0.3836, 0.3836, 0.3836, 0.3836, 0.3836, 0.3836, 0.3836, 0.3836, 0.3836, 0.2906, 0.2906, 0.2906, 0.2906, 0.2906, 0.2906, 0.2906, 0.2906, 0.2906, 0.2906, 0.2858, 0.2858, 0.2858, 0.2858, 0.2858, 0.2858, 0.2858, 0.2858, 0.2858, 0.2858, 0.3702, 0.3702, 0.3702, 0.3702, 0.3702, 0.3702, 0.3702, 0.3702, 0.3702, 0.3702, 0.1977, 0.1977, 0.1977, 0.1977, 0.1977, 0.1977, 0.1977, 0.1977, 0.1977, 0.1977, 0.2753, 0.2753, 0.2753, 0.2753, 0.2753, 0.2753, 0.2753, 0.2753, 0.2753, 0.2753, 0.4776, 0.4776, 0.4776, 0.4776, 0.4776, 0.4776, 0.4776, 0.4776, 0.4776, 0.4776, 0.4169, 0.4169, 0.4169, 0.4169, 0.4169, 0.4169, 0.4169, 0.4169, 0.4169, 0.4169, 0.4134, 0.4134, 0.4134, 0.4134, 0.4134, 0.4134, 0.4134, 0.4134, 0.4134, 0.4134, 0.3866, 0.3866, 0.3866, 0.3866, 0.3866, 0.3866, 0.3866, 0.3866, 0.3866, 0.3866, 0.5839, 0.5839, 0.5839, 0.5839, 0.5839, 0.5839, 0.5839, 0.5839, 0.5839, 0.5839, 0.374, 0.374, 0.374, 0.374, 0.374, 0.374, 0.374, 0.374, 0.374, 0.374, 0.7279, 0.7279, 0.7279, 0.7279, 0.7279, 0.7279, 0.7279, 0.7279, 0.7279, 0.7279, 0.3444, 0.3444, 0.3444, 0.3444, 0.3444, 0.3444, 0.3444, 0.3444, 0.3444, 0.3444, 0.4614, 0.4614, 0.4614, 0.4614, 0.4614, 0.4614, 0.4614, 0.4614, 0.4614, 0.4614, 0.3639, 0.3639, 0.3639, 0.3639, 0.3639, 0.3639, 0.3639, 0.3639, 0.3639, 0.3639, 0.4778, 0.4778, 0.4778, 0.4778, 0.4778, 0.4778, 0.4778, 0.4778, 0.4778, 0.4778, 0.3407, 0.3407, 0.3407, 0.3407, 0.3407, 0.3407, 0.3407, 0.3407, 0.3407, 0.3407, 0.3608, 0.3608, 0.3608, 0.3608, 0.3608, 0.3608, 0.3608, 0.3608, 0.3608, 0.3608, 0.5332, 0.5332, 0.5332, 0.5332, 0.5332, 0.5332, 0.5332, 0.5332, 0.5332, 0.5332, 0.2996, 0.2996, 0.2996, 0.2996, 0.2996, 0.2996, 0.2996, 0.2996, 0.2996, 0.2996, 0.4297, 0.4297, 0.4297, 0.4297, 0.4297, 0.4297, 0.4297, 0.4297, 0.4297, 0.4297, 0.2265, 0.2265, 0.2265, 0.2265, 0.2265, 0.2265, 0.2265, 0.2265, 0.2265, 0.2265, 0.2613, 0.2613, 0.2613, 0.2613, 0.2613, 0.2613, 0.2613, 0.2613, 0.2613, 0.2613, 0.4961, 0.4961, 0.4961, 0.4961, 0.4961, 0.4961, 0.4961, 0.4961, 0.4961, 0.4961, 0.2414, 0.2414, 0.2414, 0.2414, 0.2414, 0.2414, 0.2414, 0.2414, 0.2414, 0.2414, 0.5867, 0.5867, 0.5867, 0.5867, 0.5867, 0.5867, 0.5867, 0.5867, 0.5867, 0.5867, 0.5945, 0.5945, 0.5945, 0.5945, 0.5945, 0.5945, 0.5945, 0.5945, 0.5945, 0.5945, 0.0826, 0.0826, 0.0826, 0.0826, 0.0826, 0.0826, 0.0826, 0.0826, 0.0826, 0.0826, 0.3582, 0.3582, 0.3582, 0.3582, 0.3582, 0.3582, 0.3582, 0.3582, 0.3582, 0.3582, 0.4162, 0.4162, 0.4162, 0.4162, 0.4162, 0.4162, 0.4162, 0.4162, 0.4162, 0.4162, 0.4002, 0.4002, 0.4002, 0.4002, 0.4002, 0.4002, 0.4002, 0.4002, 0.4002, 0.4002, 0.4692, 0.4692, 0.4692, 0.4692, 0.4692, 0.4692, 0.4692, 0.4692, 0.4692, 0.4692, 0.4304, 0.4304, 0.4304, 0.4304, 0.4304, 0.4304, 0.4304, 0.4304, 0.4304, 0.4304, 0.5282, 0.5282, 0.5282, 0.5282, 0.5282, 0.5282, 0.5282, 0.5282, 0.5282, 0.5282, 0.3071, 0.3071, 0.3071, 0.3071, 0.3071, 0.3071, 0.3071, 0.3071, 0.3071, 0.3071, 0.5505, 0.5505, 0.5505, 0.5505, 0.5505, 0.5505, 0.5505, 0.5505, 0.5505, 0.5505, 0.3802, 0.3802, 0.3802, 0.3802, 0.3802, 0.3802, 0.3802, 0.3802, 0.3802, 0.3802, 0.4541, 0.4541, 0.4541, 0.4541, 0.4541, 0.4541, 0.4541, 0.4541, 0.4541, 0.4541, 0.3424, 0.3424, 0.3424, 0.3424, 0.3424, 0.3424, 0.3424, 0.3424, 0.3424, 0.3424, 0.5387, 0.5387, 0.5387, 0.5387, 0.5387, 0.5387, 0.5387, 0.5387, 0.5387, 0.5387, 0.3042, 0.3042, 0.3042, 0.3042, 0.3042, 0.3042, 0.3042, 0.3042, 0.3042, 0.3042, 0.3372, 0.3372, 0.3372, 0.3372, 0.3372, 0.3372, 0.3372, 0.3372, 0.3372, 0.3372, 0.4791, 0.4791, 0.4791, 0.4791, 0.4791, 0.4791, 0.4791, 0.4791, 0.4791, 0.4791, 0.3855, 0.3855, 0.3855, 0.3855, 0.3855, 0.3855, 0.3855, 0.3855, 0.3855, 0.3855, 0.3262, 0.3262, 0.3262, 0.3262, 0.3262, 0.3262, 0.3262, 0.3262, 0.3262, 0.3262, 0.3409, 0.3409, 0.3409, 0.3409, 0.3409, 0.3409, 0.3409, 0.3409, 0.3409, 0.3409, 0.3114, 0.3114, 0.3114, 0.3114, 0.3114, 0.3114, 0.3114, 0.3114, 0.3114, 0.3114, 0.3961, 0.3961, 0.3961, 0.3961, 0.3961, 0.3961, 0.3961, 0.3961, 0.3961, 0.3961, 0.3921, 0.3921, 0.3921, 0.3921, 0.3921, 0.3921, 0.3921, 0.3921, 0.3921, 0.3921, 0.2865, 0.2865, 0.2865, 0.2865, 0.2865, 0.2865, 0.2865, 0.2865, 0.2865, 0.2865, 0.5654, 0.5654, 0.5654, 0.5654, 0.5654, 0.5654, 0.5654, 0.5654, 0.5654, 0.5654, 0.2677, 0.2677, 0.2677, 0.2677, 0.2677, 0.2677, 0.2677, 0.2677, 0.2677, 0.2677, 0.2638, 0.2638, 0.2638, 0.2638, 0.2638, 0.2638, 0.2638, 0.2638, 0.2638, 0.2638, 0.1846, 0.1846, 0.1846, 0.1846, 0.1846, 0.1846, 0.1846, 0.1846, 0.1846, 0.1846, 0.4219, 0.4219, 0.4219, 0.4219, 0.4219, 0.4219, 0.4219, 0.4219, 0.4219, 0.4219, 0.2858, 0.2858, 0.2858, 0.2858, 0.2858, 0.2858, 0.2858, 0.2858, 0.2858, 0.2858, 0.2816, 0.2816, 0.2816, 0.2816, 0.2816, 0.2816, 0.2816, 0.2816, 0.2816, 0.2816, 0.4305, 0.4305, 0.4305, 0.4305, 0.4305, 0.4305, 0.4305, 0.4305, 0.4305, 0.4305, 0.4995, 0.4995, 0.4995, 0.4995, 0.4995, 0.4995, 0.4995, 0.4995, 0.4995, 0.4995, 0.3104, 0.3104, 0.3104, 0.3104, 0.3104, 0.3104, 0.3104, 0.3104, 0.3104, 0.3104, 0.3765, 0.3765, 0.3765, 0.3765, 0.3765, 0.3765, 0.3765, 0.3765, 0.3765, 0.3765, 0.5503, 0.5503, 0.5503, 0.5503, 0.5503, 0.5503, 0.5503, 0.5503, 0.5503, 0.5503, 0.4282, 0.4282, 0.4282, 0.4282, 0.4282, 0.4282, 0.4282, 0.4282, 0.4282, 0.4282, 0.3779, 0.3779, 0.3779, 0.3779, 0.3779, 0.3779, 0.3779, 0.3779, 0.3779, 0.3779, 0.4569, 0.4569, 0.4569, 0.4569, 0.4569, 0.4569, 0.4569, 0.4569, 0.4569, 0.4569, 0.5594, 0.5594, 0.5594, 0.5594, 0.5594, 0.5594, 0.5594, 0.5594, 0.5594, 0.5594, 0.4839, 0.4839, 0.4839, 0.4839, 0.4839, 0.4839, 0.4839, 0.4839, 0.4839, 0.4839, 0.2697, 0.2697, 0.2697, 0.2697, 0.2697, 0.2697, 0.2697, 0.2697, 0.2697, 0.2697, 0.383, 0.383, 0.383, 0.383, 0.383, 0.383, 0.383, 0.383, 0.383, 0.383, 0.3581, 0.3581, 0.3581, 0.3581, 0.3581, 0.3581, 0.3581, 0.3581, 0.3581, 0.3581, 0.3283, 0.3283, 0.3283, 0.3283, 0.3283, 0.3283, 0.3283, 0.3283, 0.3283, 0.3283, 0.3914, 0.3914, 0.3914, 0.3914, 0.3914, 0.3914, 0.3914, 0.3914, 0.3914, 0.3914, 0.3311, 0.3311, 0.3311, 0.3311, 0.3311, 0.3311, 0.3311, 0.3311, 0.3311, 0.3311, 0.2316, 0.2316, 0.2316, 0.2316, 0.2316, 0.2316, 0.2316, 0.2316, 0.2316, 0.2316, 0.4027, 0.4027, 0.4027, 0.4027, 0.4027, 0.4027, 0.4027, 0.4027, 0.4027, 0.4027, 0.595, 0.595, 0.595, 0.595, 0.595, 0.595, 0.595, 0.595, 0.595, 0.595, 0.3219, 0.3219, 0.3219, 0.3219, 0.3219, 0.3219, 0.3219, 0.3219, 0.3219, 0.3219, 0.1962, 0.1962, 0.1962, 0.1962, 0.1962, 0.1962, 0.1962, 0.1962, 0.1962, 0.1962, 0.2941, 0.2941, 0.2941, 0.2941, 0.2941, 0.2941, 0.2941, 0.2941, 0.2941, 0.2941, 0.4296, 0.4296, 0.4296, 0.4296, 0.4296, 0.4296, 0.4296, 0.4296, 0.4296, 0.4296, 0.2906, 0.2906, 0.2906, 0.2906, 0.2906, 0.2906, 0.2906, 0.2906, 0.2906, 0.2906, 0.419, 0.419, 0.419, 0.419, 0.419, 0.419, 0.419, 0.419, 0.419, 0.419, 0.612, 0.612, 0.612, 0.612, 0.612, 0.612, 0.612, 0.612, 0.612, 0.612, 0.4185, 0.4185, 0.4185, 0.4185, 0.4185, 0.4185, 0.4185, 0.4185, 0.4185, 0.4185, 0.2738, 0.2738, 0.2738, 0.2738, 0.2738, 0.2738, 0.2738, 0.2738, 0.2738, 0.2738, 0.4191, 0.4191, 0.4191, 0.4191, 0.4191, 0.4191, 0.4191, 0.4191, 0.4191, 0.4191, 0.1853, 0.1853, 0.1853, 0.1853, 0.1853, 0.1853, 0.1853, 0.1853, 0.1853, 0.1853, 0.2694, 0.2694, 0.2694, 0.2694, 0.2694, 0.2694, 0.2694, 0.2694, 0.2694, 0.2694, 0.3149, 0.3149, 0.3149, 0.3149, 0.3149, 0.3149, 0.3149, 0.3149, 0.3149, 0.3149, 0.3872, 0.3872, 0.3872, 0.3872, 0.3872, 0.3872, 0.3872, 0.3872, 0.3872, 0.3872, 0.313, 0.313, 0.313, 0.313, 0.313, 0.313, 0.313, 0.313, 0.313, 0.313, 0.4581, 0.4581, 0.4581, 0.4581, 0.4581, 0.4581, 0.4581, 0.4581, 0.4581, 0.4581, 0.3673, 0.3673, 0.3673, 0.3673, 0.3673, 0.3673, 0.3673, 0.3673, 0.3673, 0.3673, 0.1977, 0.1977, 0.1977, 0.1977, 0.1977, 0.1977, 0.1977, 0.1977, 0.1977, 0.1977, 0.6957, 0.6957, 0.6957, 0.6957, 0.6957, 0.6957, 0.6957, 0.6957, 0.6957, 0.6957, 0.2259, 0.2259, 0.2259, 0.2259, 0.2259, 0.2259, 0.2259, 0.2259, 0.2259, 0.2259, 0.3053, 0.3053, 0.3053, 0.3053, 0.3053, 0.3053, 0.3053, 0.3053, 0.3053, 0.3053, 0.4088, 0.4088, 0.4088, 0.4088, 0.4088, 0.4088, 0.4088, 0.4088, 0.4088, 0.4088, 0.6321, 0.6321, 0.6321, 0.6321, 0.6321, 0.6321, 0.6321, 0.6321, 0.6321, 0.6321, 0.3712, 0.3712, 0.3712, 0.3712, 0.3712, 0.3712, 0.3712, 0.3712, 0.3712, 0.3712, 0.6675, 0.6675, 0.6675, 0.6675, 0.6675, 0.6675, 0.6675, 0.6675, 0.6675, 0.6675, 0.385, 0.385, 0.385, 0.385, 0.385, 0.385, 0.385, 0.385, 0.385, 0.385, 0.2093, 0.2093, 0.2093, 0.2093, 0.2093, 0.2093, 0.2093, 0.2093, 0.2093, 0.2093, 0.234, 0.234, 0.234, 0.234, 0.234, 0.234, 0.234, 0.234, 0.234, 0.234, 0.3792, 0.3792, 0.3792, 0.3792, 0.3792, 0.3792, 0.3792, 0.3792, 0.3792, 0.3792, 0.3141, 0.3141, 0.3141, 0.3141, 0.3141, 0.3141, 0.3141, 0.3141, 0.3141, 0.3141, 0.6097, 0.6097, 0.6097, 0.6097, 0.6097, 0.6097, 0.6097, 0.6097, 0.6097, 0.6097, 0.3284, 0.3284, 0.3284, 0.3284, 0.3284, 0.3284, 0.3284, 0.3284, 0.3284, 0.3284, 0.602, 0.602, 0.602, 0.602, 0.602, 0.602, 0.602, 0.602, 0.602, 0.602, 0.2056, 0.2056, 0.2056, 0.2056, 0.2056, 0.2056, 0.2056, 0.2056, 0.2056, 0.2056, 0.2514, 0.2514, 0.2514, 0.2514, 0.2514, 0.2514, 0.2514, 0.2514, 0.2514, 0.2514, 0.3373, 0.3373, 0.3373, 0.3373, 0.3373, 0.3373, 0.3373, 0.3373, 0.3373, 0.3373, 0.4688, 0.4688, 0.4688, 0.4688, 0.4688, 0.4688, 0.4688, 0.4688, 0.4688, 0.4688, 0.389, 0.389, 0.389, 0.389, 0.389, 0.389, 0.389, 0.389, 0.389, 0.389, 0.4733, 0.4733, 0.4733, 0.4733, 0.4733, 0.4733, 0.4733, 0.4733, 0.4733, 0.4733, 0.3882, 0.3882, 0.3882, 0.3882, 0.3882, 0.3882, 0.3882, 0.3882, 0.3882, 0.3882, 0.5795, 0.5795, 0.5795, 0.5795, 0.5795, 0.5795, 0.5795, 0.5795, 0.5795, 0.5795, 0.3288, 0.3288, 0.3288, 0.3288, 0.3288, 0.3288, 0.3288, 0.3288, 0.3288, 0.3288, 0.6148, 0.6148, 0.6148, 0.6148, 0.6148, 0.6148, 0.6148, 0.6148, 0.6148, 0.6148, 0.2475, 0.2475, 0.2475, 0.2475, 0.2475, 0.2475, 0.2475, 0.2475, 0.2475, 0.2475, 0.3469, 0.3469, 0.3469, 0.3469, 0.3469, 0.3469, 0.3469, 0.3469, 0.3469, 0.3469, 0.1997, 0.1997, 0.1997, 0.1997, 0.1997, 0.1997, 0.1997, 0.1997, 0.1997, 0.1997, 0.4837, 0.4837, 0.4837, 0.4837, 0.4837, 0.4837, 0.4837, 0.4837, 0.4837, 0.4837, 0.3832, 0.3832, 0.3832, 0.3832, 0.3832, 0.3832, 0.3832, 0.3832, 0.3832, 0.3832, 0.3947, 0.3947, 0.3947, 0.3947, 0.3947, 0.3947, 0.3947, 0.3947, 0.3947, 0.3947, 0.3216, 0.3216, 0.3216, 0.3216, 0.3216, 0.3216, 0.3216, 0.3216, 0.3216, 0.3216, 0.5188, 0.5188, 0.5188, 0.5188, 0.5188, 0.5188, 0.5188, 0.5188, 0.5188, 0.5188, 0.411, 0.411, 0.411, 0.411, 0.411, 0.411, 0.411, 0.411, 0.411, 0.411, 0.4551, 0.4551, 0.4551, 0.4551, 0.4551, 0.4551, 0.4551, 0.4551, 0.4551, 0.4551, 0.3124, 0.3124, 0.3124, 0.3124, 0.3124, 0.3124, 0.3124, 0.3124, 0.3124, 0.3124, 0.228, 0.228, 0.228, 0.228, 0.228, 0.228, 0.228, 0.228, 0.228, 0.228, 0.5455, 0.5455, 0.5455, 0.5455, 0.5455, 0.5455, 0.5455, 0.5455, 0.5455, 0.5455, 0.2648, 0.2648, 0.2648, 0.2648, 0.2648, 0.2648, 0.2648, 0.2648, 0.2648, 0.2648, 0.3987, 0.3987, 0.3987, 0.3987, 0.3987, 0.3987, 0.3987, 0.3987, 0.3987, 0.3987, 0.1801, 0.1801, 0.1801, 0.1801, 0.1801, 0.1801, 0.1801, 0.1801, 0.1801, 0.1801, 0.5177, 0.5177, 0.5177, 0.5177, 0.5177, 0.5177, 0.5177, 0.5177, 0.5177, 0.5177, 0.3373, 0.3373, 0.3373, 0.3373, 0.3373, 0.3373, 0.3373, 0.3373, 0.3373, 0.3373, 0.3048, 0.3048, 0.3048, 0.3048, 0.3048, 0.3048, 0.3048, 0.3048, 0.3048, 0.3048, 0.3338, 0.3338, 0.3338, 0.3338, 0.3338, 0.3338, 0.3338, 0.3338, 0.3338, 0.3338, 0.5922, 0.5922, 0.5922, 0.5922, 0.5922, 0.5922, 0.5922, 0.5922, 0.5922, 0.5922, 0.2995, 0.2995, 0.2995, 0.2995, 0.2995, 0.2995, 0.2995, 0.2995, 0.2995, 0.2995, 0.3729, 0.3729, 0.3729, 0.3729, 0.3729, 0.3729, 0.3729, 0.3729, 0.3729, 0.3729, 0.4651, 0.4651, 0.4651, 0.4651, 0.4651, 0.4651, 0.4651, 0.4651, 0.4651, 0.4651, 0.5002, 0.5002, 0.5002, 0.5002, 0.5002, 0.5002, 0.5002, 0.5002, 0.5002, 0.5002, 0.2805, 0.2805, 0.2805, 0.2805, 0.2805, 0.2805, 0.2805, 0.2805, 0.2805, 0.2805, 0.5569, 0.5569, 0.5569, 0.5569, 0.5569, 0.5569, 0.5569, 0.5569, 0.5569, 0.5569, 0.3595, 0.3595, 0.3595, 0.3595, 0.3595, 0.3595, 0.3595, 0.3595, 0.3595, 0.3595, 0.1997, 0.1997, 0.1997, 0.1997, 0.1997, 0.1997, 0.1997, 0.1997, 0.1997, 0.1997, 0.3089, 0.3089, 0.3089, 0.3089, 0.3089, 0.3089, 0.3089, 0.3089, 0.3089, 0.3089, 0.5007, 0.5007, 0.5007, 0.5007, 0.5007, 0.5007, 0.5007, 0.5007, 0.5007, 0.5007, 0.3629, 0.3629, 0.3629, 0.3629, 0.3629, 0.3629, 0.3629, 0.3629, 0.3629, 0.3629, 0.4519, 0.4519, 0.4519, 0.4519, 0.4519, 0.4519, 0.4519, 0.4519, 0.4519, 0.4519, 0.3512, 0.3512, 0.3512, 0.3512, 0.3512, 0.3512, 0.3512, 0.3512, 0.3512, 0.3512, 0.357, 0.357, 0.357, 0.357, 0.357, 0.357, 0.357, 0.357, 0.357, 0.357, 0.3005, 0.3005, 0.3005, 0.3005, 0.3005, 0.3005, 0.3005, 0.3005, 0.3005, 0.3005, 0.4286, 0.4286, 0.4286, 0.4286, 0.4286, 0.4286, 0.4286, 0.4286, 0.4286, 0.4286, 0.4738, 0.4738, 0.4738, 0.4738, 0.4738, 0.4738, 0.4738, 0.4738, 0.4738, 0.4738, 0.3819, 0.3819, 0.3819, 0.3819, 0.3819, 0.3819, 0.3819, 0.3819, 0.3819, 0.3819, 0.3538, 0.3538, 0.3538, 0.3538, 0.3538, 0.3538, 0.3538, 0.3538, 0.3538, 0.3538, 0.4722, 0.4722, 0.4722, 0.4722, 0.4722, 0.4722, 0.4722, 0.4722, 0.4722, 0.4722, 0.5432, 0.5432, 0.5432, 0.5432, 0.5432, 0.5432, 0.5432, 0.5432, 0.5432, 0.5432, 0.3661, 0.3661, 0.3661, 0.3661, 0.3661, 0.3661, 0.3661, 0.3661, 0.3661, 0.3661, 0.424, 0.424, 0.424, 0.424, 0.424, 0.424, 0.424, 0.424, 0.424, 0.424, 0.2789, 0.2789, 0.2789, 0.2789, 0.2789, 0.2789, 0.2789, 0.2789, 0.2789, 0.2789, 0.4696, 0.4696, 0.4696, 0.4696, 0.4696, 0.4696, 0.4696, 0.4696, 0.4696, 0.4696, 0.3907, 0.3907, 0.3907, 0.3907, 0.3907, 0.3907, 0.3907, 0.3907, 0.3907, 0.3907, 0.4616, 0.4616, 0.4616, 0.4616, 0.4616, 0.4616, 0.4616, 0.4616, 0.4616, 0.4616, 0.2115, 0.2115, 0.2115, 0.2115, 0.2115, 0.2115, 0.2115, 0.2115, 0.2115, 0.2115, 0.4064, 0.4064, 0.4064, 0.4064, 0.4064, 0.4064, 0.4064, 0.4064, 0.4064, 0.4064, 0.2795, 0.2795, 0.2795, 0.2795, 0.2795, 0.2795, 0.2795, 0.2795, 0.2795, 0.2795, 0.3474, 0.3474, 0.3474, 0.3474, 0.3474, 0.3474, 0.3474, 0.3474, 0.3474, 0.3474, 0.2731, 0.2731, 0.2731, 0.2731, 0.2731, 0.2731, 0.2731, 0.2731, 0.2731, 0.2731, 0.4945, 0.4945, 0.4945, 0.4945, 0.4945, 0.4945, 0.4945, 0.4945, 0.4945, 0.4945, 0.3254, 0.3254, 0.3254, 0.3254, 0.3254, 0.3254, 0.3254, 0.3254, 0.3254, 0.3254, 0.3062, 0.3062, 0.3062, 0.3062, 0.3062, 0.3062, 0.3062, 0.3062, 0.3062, 0.3062, 0.2324, 0.2324, 0.2324, 0.2324, 0.2324, 0.2324, 0.2324, 0.2324, 0.2324, 0.2324, 0.4334, 0.4334, 0.4334, 0.4334, 0.4334, 0.4334, 0.4334, 0.4334, 0.4334, 0.4334, 0.3675, 0.3675, 0.3675, 0.3675, 0.3675, 0.3675, 0.3675, 0.3675, 0.3675, 0.3675, 0.6266, 0.6266, 0.6266, 0.6266, 0.6266, 0.6266, 0.6266, 0.6266, 0.6266, 0.6266, 0.3181, 0.3181, 0.3181, 0.3181, 0.3181, 0.3181, 0.3181, 0.3181, 0.3181, 0.3181, 0.3891, 0.3891, 0.3891, 0.3891, 0.3891, 0.3891, 0.3891, 0.3891, 0.3891, 0.3891, 0.3683, 0.3683, 0.3683, 0.3683, 0.3683, 0.3683, 0.3683, 0.3683, 0.3683, 0.3683, 0.2043, 0.2043, 0.2043, 0.2043, 0.2043, 0.2043, 0.2043, 0.2043, 0.2043, 0.2043, 0.2583, 0.2583, 0.2583, 0.2583, 0.2583, 0.2583, 0.2583, 0.2583, 0.2583, 0.2583, 0.1983, 0.1983, 0.1983, 0.1983, 0.1983, 0.1983, 0.1983, 0.1983, 0.1983, 0.1983, 0.3583, 0.3583, 0.3583, 0.3583, 0.3583, 0.3583, 0.3583, 0.3583, 0.3583, 0.3583, 0.2451, 0.2451, 0.2451, 0.2451, 0.2451, 0.2451, 0.2451, 0.2451, 0.2451, 0.2451, 0.3078, 0.3078, 0.3078, 0.3078, 0.3078, 0.3078, 0.3078, 0.3078, 0.3078, 0.3078, 0.3591, 0.3591, 0.3591, 0.3591, 0.3591, 0.3591, 0.3591, 0.3591, 0.3591, 0.3591, 0.48, 0.48, 0.48, 0.48, 0.48, 0.48, 0.48, 0.48, 0.48, 0.48, 0.3951, 0.3951, 0.3951, 0.3951, 0.3951, 0.3951, 0.3951, 0.3951, 0.3951, 0.3951, 0.1563, 0.1563, 0.1563, 0.1563, 0.1563, 0.1563, 0.1563, 0.1563, 0.1563, 0.1563, 0.3282, 0.3282, 0.3282, 0.3282, 0.3282, 0.3282, 0.3282, 0.3282, 0.3282, 0.3282, 0.3734, 0.3734, 0.3734, 0.3734, 0.3734, 0.3734, 0.3734, 0.3734, 0.3734, 0.3734, 0.2408, 0.2408, 0.2408, 0.2408, 0.2408, 0.2408, 0.2408, 0.2408, 0.2408, 0.2408, 0.4268, 0.4268, 0.4268, 0.4268, 0.4268, 0.4268, 0.4268, 0.4268, 0.4268, 0.4268, 0.2586, 0.2586, 0.2586, 0.2586, 0.2586, 0.2586, 0.2586, 0.2586, 0.2586, 0.2586, 0.3945, 0.3945, 0.3945, 0.3945, 0.3945, 0.3945, 0.3945, 0.3945, 0.3945, 0.3945, 0.2544, 0.2544, 0.2544, 0.2544, 0.2544, 0.2544, 0.2544, 0.2544, 0.2544, 0.2544, 0.3849, 0.3849, 0.3849, 0.3849, 0.3849, 0.3849, 0.3849, 0.3849, 0.3849, 0.3849, 0.205, 0.205, 0.205, 0.205, 0.205, 0.205, 0.205, 0.205, 0.205, 0.205, 0.3022, 0.3022, 0.3022, 0.3022, 0.3022, 0.3022, 0.3022, 0.3022, 0.3022, 0.3022, 0.347, 0.347, 0.347, 0.347, 0.347, 0.347, 0.347, 0.347, 0.347, 0.347, 0.4814, 0.4814, 0.4814, 0.4814, 0.4814, 0.4814, 0.4814, 0.4814, 0.4814, 0.4814, 0.296, 0.296, 0.296, 0.296, 0.296, 0.296, 0.296, 0.296, 0.296, 0.296, 0.5269, 0.5269, 0.5269, 0.5269, 0.5269, 0.5269, 0.5269, 0.5269, 0.5269, 0.5269, 0.4245, 0.4245, 0.4245, 0.4245, 0.4245, 0.4245, 0.4245, 0.4245, 0.4245, 0.4245, 0.0837, 0.0837, 0.0837, 0.0837, 0.0837, 0.0837, 0.0837, 0.0837, 0.0837, 0.0837, 0.4412, 0.4412, 0.4412, 0.4412, 0.4412, 0.4412, 0.4412, 0.4412, 0.4412, 0.4412, 0.7011, 0.7011, 0.7011, 0.7011, 0.7011, 0.7011, 0.7011, 0.7011, 0.7011, 0.7011, 0.4466, 0.4466, 0.4466, 0.4466, 0.4466, 0.4466, 0.4466, 0.4466, 0.4466, 0.4466, 0.4055, 0.4055, 0.4055, 0.4055, 0.4055, 0.4055, 0.4055, 0.4055, 0.4055, 0.4055, 0.4425, 0.4425, 0.4425, 0.4425, 0.4425, 0.4425, 0.4425, 0.4425, 0.4425, 0.4425, 0.2173, 0.2173, 0.2173, 0.2173, 0.2173, 0.2173, 0.2173, 0.2173, 0.2173, 0.2173, 0.5811, 0.5811, 0.5811, 0.5811, 0.5811, 0.5811, 0.5811, 0.5811, 0.5811, 0.5811, 0.4219, 0.4219, 0.4219, 0.4219, 0.4219, 0.4219, 0.4219, 0.4219, 0.4219, 0.4219, 0.3459, 0.3459, 0.3459, 0.3459, 0.3459, 0.3459, 0.3459, 0.3459, 0.3459, 0.3459, 0.4162, 0.4162, 0.4162, 0.4162, 0.4162, 0.4162, 0.4162, 0.4162, 0.4162, 0.4162, 0.2713, 0.2713, 0.2713, 0.2713, 0.2713, 0.2713, 0.2713, 0.2713, 0.2713, 0.2713, 0.4218, 0.4218, 0.4218, 0.4218, 0.4218, 0.4218, 0.4218, 0.4218, 0.4218, 0.4218, 0.5444, 0.5444, 0.5444, 0.5444, 0.5444, 0.5444, 0.5444, 0.5444, 0.5444, 0.5444, 0.5518, 0.5518, 0.5518, 0.5518, 0.5518, 0.5518, 0.5518, 0.5518, 0.5518, 0.5518, 0.3796, 0.3796, 0.3796, 0.3796, 0.3796, 0.3796, 0.3796, 0.3796, 0.3796, 0.3796, 0.5117, 0.5117, 0.5117, 0.5117, 0.5117, 0.5117, 0.5117, 0.5117, 0.5117, 0.5117, 0.3766, 0.3766, 0.3766, 0.3766, 0.3766, 0.3766, 0.3766, 0.3766, 0.3766, 0.3766, 0.2184, 0.2184, 0.2184, 0.2184, 0.2184, 0.2184, 0.2184, 0.2184, 0.2184, 0.2184, 0.282, 0.282, 0.282, 0.282, 0.282, 0.282, 0.282, 0.282, 0.282, 0.282, 0.4069, 0.4069, 0.4069, 0.4069, 0.4069, 0.4069, 0.4069, 0.4069, 0.4069, 0.4069, 0.4205, 0.4205, 0.4205, 0.4205, 0.4205, 0.4205, 0.4205, 0.4205, 0.4205, 0.4205, 0.3812, 0.3812, 0.3812, 0.3812, 0.3812, 0.3812, 0.3812, 0.3812, 0.3812, 0.3812, 0.4282, 0.4282, 0.4282, 0.4282, 0.4282, 0.4282, 0.4282, 0.4282, 0.4282, 0.4282, 0.2688, 0.2688, 0.2688, 0.2688, 0.2688, 0.2688, 0.2688, 0.2688, 0.2688, 0.2688, 0.4681, 0.4681, 0.4681, 0.4681, 0.4681, 0.4681, 0.4681, 0.4681, 0.4681, 0.4681, 0.3582, 0.3582, 0.3582, 0.3582, 0.3582, 0.3582, 0.3582, 0.3582, 0.3582, 0.3582, 0.3663, 0.3663, 0.3663, 0.3663, 0.3663, 0.3663, 0.3663, 0.3663, 0.3663, 0.3663, 0.374, 0.374, 0.374, 0.374, 0.374, 0.374, 0.374, 0.374, 0.374, 0.374, 0.2859, 0.2859, 0.2859, 0.2859, 0.2859, 0.2859, 0.2859, 0.2859, 0.2859, 0.2859, 0.2799, 0.2799, 0.2799, 0.2799, 0.2799, 0.2799, 0.2799, 0.2799, 0.2799, 0.2799, 0.3843, 0.3843, 0.3843, 0.3843, 0.3843, 0.3843, 0.3843, 0.3843, 0.3843, 0.3843, 0.3372, 0.3372, 0.3372, 0.3372, 0.3372, 0.3372, 0.3372, 0.3372, 0.3372, 0.3372, 0.1929, 0.1929, 0.1929, 0.1929, 0.1929, 0.1929, 0.1929, 0.1929, 0.1929, 0.1929, 0.3846, 0.3846, 0.3846, 0.3846, 0.3846, 0.3846, 0.3846, 0.3846, 0.3846, 0.3846, 0.3805, 0.3805, 0.3805, 0.3805, 0.3805, 0.3805, 0.3805, 0.3805, 0.3805, 0.3805, 0.4177, 0.4177, 0.4177, 0.4177, 0.4177, 0.4177, 0.4177, 0.4177, 0.4177, 0.4177, 0.1976, 0.1976, 0.1976, 0.1976, 0.1976, 0.1976, 0.1976, 0.1976, 0.1976, 0.1976, 0.3147, 0.3147, 0.3147, 0.3147, 0.3147, 0.3147, 0.3147, 0.3147, 0.3147, 0.3147, 0.3258, 0.3258, 0.3258, 0.3258, 0.3258, 0.3258, 0.3258, 0.3258, 0.3258, 0.3258, 0.481, 0.481, 0.481, 0.481, 0.481, 0.481, 0.481, 0.481, 0.481, 0.481, 0.2539, 0.2539, 0.2539, 0.2539, 0.2539, 0.2539, 0.2539, 0.2539, 0.2539, 0.2539, 0.5123, 0.5123, 0.5123, 0.5123, 0.5123, 0.5123, 0.5123, 0.5123, 0.5123, 0.5123, 0.2627, 0.2627, 0.2627, 0.2627, 0.2627, 0.2627, 0.2627, 0.2627, 0.2627, 0.2627, 0.3689, 0.3689, 0.3689, 0.3689, 0.3689, 0.3689, 0.3689, 0.3689, 0.3689, 0.3689, 0.2945, 0.2945, 0.2945, 0.2945, 0.2945, 0.2945, 0.2945, 0.2945, 0.2945, 0.2945, 0.3711, 0.3711, 0.3711, 0.3711, 0.3711, 0.3711, 0.3711, 0.3711, 0.3711, 0.3711, 0.1124, 0.1124, 0.1124, 0.1124, 0.1124, 0.1124, 0.1124, 0.1124, 0.1124, 0.1124, 0.4087, 0.4087, 0.4087, 0.4087, 0.4087, 0.4087, 0.4087, 0.4087, 0.4087, 0.4087, 0.4833, 0.4833, 0.4833, 0.4833, 0.4833, 0.4833, 0.4833, 0.4833, 0.4833, 0.4833, 0.2905, 0.2905, 0.2905, 0.2905, 0.2905, 0.2905, 0.2905, 0.2905, 0.2905, 0.2905, 0.5632, 0.5632, 0.5632, 0.5632, 0.5632, 0.5632, 0.5632, 0.5632, 0.5632, 0.5632, 0.1703, 0.1703, 0.1703, 0.1703, 0.1703, 0.1703, 0.1703, 0.1703, 0.1703, 0.1703, 0.194, 0.194, 0.194, 0.194, 0.194, 0.194, 0.194, 0.194, 0.194, 0.194, 0.3087, 0.3087, 0.3087, 0.3087, 0.3087, 0.3087, 0.3087, 0.3087, 0.3087, 0.3087, 0.5686, 0.5686, 0.5686, 0.5686, 0.5686, 0.5686, 0.5686, 0.5686, 0.5686, 0.5686, 0.2662, 0.2662, 0.2662, 0.2662, 0.2662, 0.2662, 0.2662, 0.2662, 0.2662, 0.2662, 0.2724, 0.2724, 0.2724, 0.2724, 0.2724, 0.2724, 0.2724, 0.2724, 0.2724, 0.2724, 0.258, 0.258, 0.258, 0.258, 0.258, 0.258, 0.258, 0.258, 0.258, 0.258, 0.2695, 0.2695, 0.2695, 0.2695, 0.2695, 0.2695, 0.2695, 0.2695, 0.2695, 0.2695, 0.3111, 0.3111, 0.3111, 0.3111, 0.3111, 0.3111, 0.3111, 0.3111, 0.3111, 0.3111, 0.307, 0.307, 0.307, 0.307, 0.307, 0.307, 0.307, 0.307, 0.307, 0.307, 0.1466, 0.1466, 0.1466, 0.1466, 0.1466, 0.1466, 0.1466, 0.1466, 0.1466, 0.1466, 0.5539, 0.5539, 0.5539, 0.5539, 0.5539, 0.5539, 0.5539, 0.5539, 0.5539, 0.5539, 0.41, 0.41, 0.41, 0.41, 0.41, 0.41, 0.41, 0.41, 0.41, 0.41, 0.2879, 0.2879, 0.2879, 0.2879, 0.2879, 0.2879, 0.2879, 0.2879, 0.2879, 0.2879, 0.3929, 0.3929, 0.3929, 0.3929, 0.3929, 0.3929, 0.3929, 0.3929, 0.3929, 0.3929, 0.387, 0.387, 0.387, 0.387, 0.387, 0.387, 0.387, 0.387, 0.387, 0.387, 0.6044, 0.6044, 0.6044, 0.6044, 0.6044, 0.6044, 0.6044, 0.6044, 0.6044, 0.6044, 0.5204, 0.5204, 0.5204, 0.5204, 0.5204, 0.5204, 0.5204, 0.5204, 0.5204, 0.5204, 0.1601, 0.1601, 0.1601, 0.1601, 0.1601, 0.1601, 0.1601, 0.1601, 0.1601, 0.1601, 0.4631, 0.4631, 0.4631, 0.4631, 0.4631, 0.4631, 0.4631, 0.4631, 0.4631, 0.4631, 0.2802, 0.2802, 0.2802, 0.2802, 0.2802, 0.2802, 0.2802, 0.2802, 0.2802, 0.2802, 0.3768, 0.3768, 0.3768, 0.3768, 0.3768, 0.3768, 0.3768, 0.3768, 0.3768, 0.3768, 0.6163, 0.6163, 0.6163, 0.6163, 0.6163, 0.6163, 0.6163, 0.6163, 0.6163, 0.6163, 0.3535, 0.3535, 0.3535, 0.3535, 0.3535, 0.3535, 0.3535, 0.3535, 0.3535, 0.3535, 0.4028, 0.4028, 0.4028, 0.4028, 0.4028, 0.4028, 0.4028, 0.4028, 0.4028, 0.4028, 0.432, 0.432, 0.432, 0.432, 0.432, 0.432, 0.432, 0.432, 0.432, 0.432, 0.2856, 0.2856, 0.2856, 0.2856, 0.2856, 0.2856, 0.2856, 0.2856, 0.2856, 0.2856, 0.5642, 0.5642, 0.5642, 0.5642, 0.5642, 0.5642, 0.5642, 0.5642, 0.5642, 0.5642, 0.2557, 0.2557, 0.2557, 0.2557, 0.2557, 0.2557, 0.2557, 0.2557, 0.2557, 0.2557, 0.221, 0.221, 0.221, 0.221, 0.221, 0.221, 0.221, 0.221, 0.221, 0.221, 0.277, 0.277, 0.277, 0.277, 0.277, 0.277, 0.277, 0.277, 0.277, 0.277, 0.2262, 0.2262, 0.2262, 0.2262, 0.2262, 0.2262, 0.2262, 0.2262, 0.2262, 0.2262, 0.406, 0.406, 0.406, 0.406, 0.406, 0.406, 0.406, 0.406, 0.406, 0.406, 0.3696, 0.3696, 0.3696, 0.3696, 0.3696, 0.3696, 0.3696, 0.3696, 0.3696, 0.3696, 0.2583, 0.2583, 0.2583, 0.2583, 0.2583, 0.2583, 0.2583, 0.2583, 0.2583, 0.2583, 0.221, 0.221, 0.221, 0.221, 0.221, 0.221, 0.221, 0.221, 0.221, 0.221, 0.2589, 0.2589, 0.2589, 0.2589, 0.2589, 0.2589, 0.2589, 0.2589, 0.2589, 0.2589, 0.4305, 0.4305, 0.4305, 0.4305, 0.4305, 0.4305, 0.4305, 0.4305, 0.4305, 0.4305, 0.3641, 0.3641, 0.3641, 0.3641, 0.3641, 0.3641, 0.3641, 0.3641, 0.3641, 0.3641, 0.259, 0.259, 0.259, 0.259, 0.259, 0.259, 0.259, 0.259, 0.259, 0.259, 0.2603, 0.2603, 0.2603, 0.2603, 0.2603, 0.2603, 0.2603, 0.2603, 0.2603, 0.2603, 0.2595, 0.2595, 0.2595, 0.2595, 0.2595, 0.2595, 0.2595, 0.2595, 0.2595, 0.2595, 0.261, 0.261, 0.261, 0.261, 0.261, 0.261, 0.261, 0.261, 0.261, 0.261, 0.2856, 0.2856, 0.2856, 0.2856, 0.2856, 0.2856, 0.2856, 0.2856, 0.2856, 0.2856, 0.3252, 0.3252, 0.3252, 0.3252, 0.3252, 0.3252, 0.3252, 0.3252, 0.3252, 0.3252, 0.3434, 0.3434, 0.3434, 0.3434, 0.3434, 0.3434, 0.3434, 0.3434, 0.3434, 0.3434, 0.3121, 0.3121, 0.3121, 0.3121, 0.3121, 0.3121, 0.3121, 0.3121, 0.3121, 0.3121, 0.2493, 0.2493, 0.2493, 0.2493, 0.2493, 0.2493, 0.2493, 0.2493, 0.2493, 0.2493, 0.2456, 0.2456, 0.2456, 0.2456, 0.2456, 0.2456, 0.2456, 0.2456, 0.2456, 0.2456, 0.3027, 0.3027, 0.3027, 0.3027, 0.3027, 0.3027, 0.3027, 0.3027, 0.3027, 0.3027, 0.2019, 0.2019, 0.2019, 0.2019, 0.2019, 0.2019, 0.2019, 0.2019, 0.2019, 0.2019, 0.1759, 0.1759, 0.1759, 0.1759, 0.1759, 0.1759, 0.1759, 0.1759, 0.1759, 0.1759, 0.6401, 0.6401, 0.6401, 0.6401, 0.6401, 0.6401, 0.6401, 0.6401, 0.6401, 0.6401, 0.3298, 0.3298, 0.3298, 0.3298, 0.3298, 0.3298, 0.3298, 0.3298, 0.3298, 0.3298, 0.3501, 0.3501, 0.3501, 0.3501, 0.3501, 0.3501, 0.3501, 0.3501, 0.3501, 0.3501, 0.3915, 0.3915, 0.3915, 0.3915, 0.3915, 0.3915, 0.3915, 0.3915, 0.3915, 0.3915, 0.2733, 0.2733, 0.2733, 0.2733, 0.2733, 0.2733, 0.2733, 0.2733, 0.2733, 0.2733, 0.4647, 0.4647, 0.4647, 0.4647, 0.4647, 0.4647, 0.4647, 0.4647, 0.4647, 0.4647, 0.2983, 0.2983, 0.2983, 0.2983, 0.2983, 0.2983, 0.2983, 0.2983, 0.2983, 0.2983, 0.4369, 0.4369, 0.4369, 0.4369, 0.4369, 0.4369, 0.4369, 0.4369, 0.4369, 0.4369, 0.4417, 0.4417, 0.4417, 0.4417, 0.4417, 0.4417, 0.4417, 0.4417, 0.4417, 0.4417, 0.4059, 0.4059, 0.4059, 0.4059, 0.4059, 0.4059, 0.4059, 0.4059, 0.4059, 0.4059, 0.2688, 0.2688, 0.2688, 0.2688, 0.2688, 0.2688, 0.2688, 0.2688, 0.2688, 0.2688, 0.2877, 0.2877, 0.2877, 0.2877, 0.2877, 0.2877, 0.2877, 0.2877, 0.2877, 0.2877, 0.3175, 0.3175, 0.3175, 0.3175, 0.3175, 0.3175, 0.3175, 0.3175, 0.3175, 0.3175, 0.451, 0.451, 0.451, 0.451, 0.451, 0.451, 0.451, 0.451, 0.451, 0.451, 0.3899, 0.3899, 0.3899, 0.3899, 0.3899, 0.3899, 0.3899, 0.3899, 0.3899, 0.3899, 0.3751, 0.3751, 0.3751, 0.3751, 0.3751, 0.3751, 0.3751, 0.3751, 0.3751, 0.3751, 0.3762, 0.3762, 0.3762, 0.3762, 0.3762, 0.3762, 0.3762, 0.3762, 0.3762, 0.3762, 0.3453, 0.3453, 0.3453, 0.3453, 0.3453, 0.3453, 0.3453, 0.3453, 0.3453, 0.3453, 0.3117, 0.3117, 0.3117, 0.3117, 0.3117, 0.3117, 0.3117, 0.3117, 0.3117, 0.3117, 0.2793, 0.2793, 0.2793, 0.2793, 0.2793, 0.2793, 0.2793, 0.2793, 0.2793, 0.2793, 0.4023, 0.4023, 0.4023, 0.4023, 0.4023, 0.4023, 0.4023, 0.4023, 0.4023, 0.4023, 0.2619, 0.2619, 0.2619, 0.2619, 0.2619, 0.2619, 0.2619, 0.2619, 0.2619, 0.2619, 0.2876, 0.2876, 0.2876, 0.2876, 0.2876, 0.2876, 0.2876, 0.2876, 0.2876, 0.2876, 0.3761, 0.3761, 0.3761, 0.3761, 0.3761, 0.3761, 0.3761, 0.3761, 0.3761, 0.3761, 0.3782, 0.3782, 0.3782, 0.3782, 0.3782, 0.3782, 0.3782, 0.3782, 0.3782, 0.3782, 0.1966, 0.1966, 0.1966, 0.1966, 0.1966, 0.1966, 0.1966, 0.1966, 0.1966, 0.1966, 0.1722, 0.1722, 0.1722, 0.1722, 0.1722, 0.1722, 0.1722, 0.1722, 0.1722, 0.1722, 0.2264, 0.2264, 0.2264, 0.2264, 0.2264, 0.2264, 0.2264, 0.2264, 0.2264, 0.2264, 0.4441, 0.4441, 0.4441, 0.4441, 0.4441, 0.4441, 0.4441, 0.4441, 0.4441, 0.4441, 0.4378, 0.4378, 0.4378, 0.4378, 0.4378, 0.4378, 0.4378, 0.4378, 0.4378, 0.4378, 0.209, 0.209, 0.209, 0.209, 0.209, 0.209, 0.209, 0.209, 0.209, 0.209, 0.3828, 0.3828, 0.3828, 0.3828, 0.3828, 0.3828, 0.3828, 0.3828, 0.3828, 0.3828, 0.2558, 0.2558, 0.2558, 0.2558, 0.2558, 0.2558, 0.2558, 0.2558, 0.2558, 0.2558, 0.2803, 0.2803, 0.2803, 0.2803, 0.2803, 0.2803, 0.2803, 0.2803, 0.2803, 0.2803, 0.4444, 0.4444, 0.4444, 0.4444, 0.4444, 0.4444, 0.4444, 0.4444, 0.4444, 0.4444, 0.21, 0.21, 0.21, 0.21, 0.21, 0.21, 0.21, 0.21, 0.21, 0.21, 0.309, 0.309, 0.309, 0.309, 0.309, 0.309, 0.309, 0.309, 0.309, 0.309, 0.2329, 0.2329, 0.2329, 0.2329, 0.2329, 0.2329, 0.2329, 0.2329, 0.2329, 0.2329, 0.3673, 0.3673, 0.3673, 0.3673, 0.3673, 0.3673, 0.3673, 0.3673, 0.3673, 0.3673, 0.4447, 0.4447, 0.4447, 0.4447, 0.4447, 0.4447, 0.4447, 0.4447, 0.4447, 0.4447, 0.544, 0.544, 0.544, 0.544, 0.544, 0.544, 0.544, 0.544, 0.544, 0.544]
Validation Loss:
[0.5106720924377441, 0.5876172184944153, 0.5686070322990417, 0.47170278429985046, 0.5035276412963867, 0.46608495712280273, 0.46861881017684937, 0.4566269516944885, 0.5182586312294006, 0.48926904797554016]
Train, Validation, Test split:
Train: 6233
Validation: 1759
Test: 889
