Accuracy: 0.9582863585118376
Classification Report:
                                          precision    recall  f1-score   support

                         2ndMill-1stHalf       1.00      0.93      0.96        27
                         2ndMill-2ndHalf       0.95      0.94      0.94       170
                     Hellenistic onwards       0.90      0.90      0.90        91
Neo-Assyrian; Neo-Babylonian; Achaemenid       0.97      0.97      0.97       599

                                accuracy                           0.96       887
                               macro avg       0.95      0.94      0.94       887
                            weighted avg       0.96      0.96      0.96       887

Training Loss:
[1.5875, 1.5875, 1.5875, 1.5875, 1.5875, 1.5875, 1.5875, 1.5875, 1.5875, 1.5875, 1.3568, 1.3568, 1.3568, 1.3568, 1.3568, 1.3568, 1.3568, 1.3568, 1.3568, 1.3568, 1.1051, 1.1051, 1.1051, 1.1051, 1.1051, 1.1051, 1.1051, 1.1051, 1.1051, 1.1051, 0.8051, 0.8051, 0.8051, 0.8051, 0.8051, 0.8051, 0.8051, 0.8051, 0.8051, 0.8051, 1.0637, 1.0637, 1.0637, 1.0637, 1.0637, 1.0637, 1.0637, 1.0637, 1.0637, 1.0637, 0.9571, 0.9571, 0.9571, 0.9571, 0.9571, 0.9571, 0.9571, 0.9571, 0.9571, 0.9571, 0.827, 0.827, 0.827, 0.827, 0.827, 0.827, 0.827, 0.827, 0.827, 0.827, 0.9254, 0.9254, 0.9254, 0.9254, 0.9254, 0.9254, 0.9254, 0.9254, 0.9254, 0.9254, 0.7184, 0.7184, 0.7184, 0.7184, 0.7184, 0.7184, 0.7184, 0.7184, 0.7184, 0.7184, 0.9028, 0.9028, 0.9028, 0.9028, 0.9028, 0.9028, 0.9028, 0.9028, 0.9028, 0.9028, 0.6588, 0.6588, 0.6588, 0.6588, 0.6588, 0.6588, 0.6588, 0.6588, 0.6588, 0.6588, 0.7149, 0.7149, 0.7149, 0.7149, 0.7149, 0.7149, 0.7149, 0.7149, 0.7149, 0.7149, 0.8624, 0.8624, 0.8624, 0.8624, 0.8624, 0.8624, 0.8624, 0.8624, 0.8624, 0.8624, 0.8551, 0.8551, 0.8551, 0.8551, 0.8551, 0.8551, 0.8551, 0.8551, 0.8551, 0.8551, 0.7014, 0.7014, 0.7014, 0.7014, 0.7014, 0.7014, 0.7014, 0.7014, 0.7014, 0.7014, 0.7115, 0.7115, 0.7115, 0.7115, 0.7115, 0.7115, 0.7115, 0.7115, 0.7115, 0.7115, 0.4998, 0.4998, 0.4998, 0.4998, 0.4998, 0.4998, 0.4998, 0.4998, 0.4998, 0.4998, 0.5498, 0.5498, 0.5498, 0.5498, 0.5498, 0.5498, 0.5498, 0.5498, 0.5498, 0.5498, 0.67, 0.67, 0.67, 0.67, 0.67, 0.67, 0.67, 0.67, 0.67, 0.67, 0.7671, 0.7671, 0.7671, 0.7671, 0.7671, 0.7671, 0.7671, 0.7671, 0.7671, 0.7671, 0.6269, 0.6269, 0.6269, 0.6269, 0.6269, 0.6269, 0.6269, 0.6269, 0.6269, 0.6269, 0.4999, 0.4999, 0.4999, 0.4999, 0.4999, 0.4999, 0.4999, 0.4999, 0.4999, 0.4999, 0.5292, 0.5292, 0.5292, 0.5292, 0.5292, 0.5292, 0.5292, 0.5292, 0.5292, 0.5292, 0.543, 0.543, 0.543, 0.543, 0.543, 0.543, 0.543, 0.543, 0.543, 0.543, 0.6332, 0.6332, 0.6332, 0.6332, 0.6332, 0.6332, 0.6332, 0.6332, 0.6332, 0.6332, 0.56, 0.56, 0.56, 0.56, 0.56, 0.56, 0.56, 0.56, 0.56, 0.56, 0.8386, 0.8386, 0.8386, 0.8386, 0.8386, 0.8386, 0.8386, 0.8386, 0.8386, 0.8386, 0.5589, 0.5589, 0.5589, 0.5589, 0.5589, 0.5589, 0.5589, 0.5589, 0.5589, 0.5589, 0.5778, 0.5778, 0.5778, 0.5778, 0.5778, 0.5778, 0.5778, 0.5778, 0.5778, 0.5778, 0.6487, 0.6487, 0.6487, 0.6487, 0.6487, 0.6487, 0.6487, 0.6487, 0.6487, 0.6487, 0.7667, 0.7667, 0.7667, 0.7667, 0.7667, 0.7667, 0.7667, 0.7667, 0.7667, 0.7667, 0.5149, 0.5149, 0.5149, 0.5149, 0.5149, 0.5149, 0.5149, 0.5149, 0.5149, 0.5149, 0.6448, 0.6448, 0.6448, 0.6448, 0.6448, 0.6448, 0.6448, 0.6448, 0.6448, 0.6448, 0.683, 0.683, 0.683, 0.683, 0.683, 0.683, 0.683, 0.683, 0.683, 0.683, 0.5426, 0.5426, 0.5426, 0.5426, 0.5426, 0.5426, 0.5426, 0.5426, 0.5426, 0.5426, 0.6682, 0.6682, 0.6682, 0.6682, 0.6682, 0.6682, 0.6682, 0.6682, 0.6682, 0.6682, 0.5731, 0.5731, 0.5731, 0.5731, 0.5731, 0.5731, 0.5731, 0.5731, 0.5731, 0.5731, 0.6332, 0.6332, 0.6332, 0.6332, 0.6332, 0.6332, 0.6332, 0.6332, 0.6332, 0.6332, 0.5628, 0.5628, 0.5628, 0.5628, 0.5628, 0.5628, 0.5628, 0.5628, 0.5628, 0.5628, 0.4576, 0.4576, 0.4576, 0.4576, 0.4576, 0.4576, 0.4576, 0.4576, 0.4576, 0.4576, 0.4248, 0.4248, 0.4248, 0.4248, 0.4248, 0.4248, 0.4248, 0.4248, 0.4248, 0.4248, 0.448, 0.448, 0.448, 0.448, 0.448, 0.448, 0.448, 0.448, 0.448, 0.448, 0.5059, 0.5059, 0.5059, 0.5059, 0.5059, 0.5059, 0.5059, 0.5059, 0.5059, 0.5059, 0.3583, 0.3583, 0.3583, 0.3583, 0.3583, 0.3583, 0.3583, 0.3583, 0.3583, 0.3583, 0.2982, 0.2982, 0.2982, 0.2982, 0.2982, 0.2982, 0.2982, 0.2982, 0.2982, 0.2982, 0.4264, 0.4264, 0.4264, 0.4264, 0.4264, 0.4264, 0.4264, 0.4264, 0.4264, 0.4264, 0.562, 0.562, 0.562, 0.562, 0.562, 0.562, 0.562, 0.562, 0.562, 0.562, 0.6073, 0.6073, 0.6073, 0.6073, 0.6073, 0.6073, 0.6073, 0.6073, 0.6073, 0.6073, 0.5685, 0.5685, 0.5685, 0.5685, 0.5685, 0.5685, 0.5685, 0.5685, 0.5685, 0.5685, 0.3723, 0.3723, 0.3723, 0.3723, 0.3723, 0.3723, 0.3723, 0.3723, 0.3723, 0.3723, 0.2962, 0.2962, 0.2962, 0.2962, 0.2962, 0.2962, 0.2962, 0.2962, 0.2962, 0.2962, 0.5124, 0.5124, 0.5124, 0.5124, 0.5124, 0.5124, 0.5124, 0.5124, 0.5124, 0.5124, 0.3413, 0.3413, 0.3413, 0.3413, 0.3413, 0.3413, 0.3413, 0.3413, 0.3413, 0.3413, 0.5256, 0.5256, 0.5256, 0.5256, 0.5256, 0.5256, 0.5256, 0.5256, 0.5256, 0.5256, 0.3934, 0.3934, 0.3934, 0.3934, 0.3934, 0.3934, 0.3934, 0.3934, 0.3934, 0.3934, 0.3883, 0.3883, 0.3883, 0.3883, 0.3883, 0.3883, 0.3883, 0.3883, 0.3883, 0.3883, 0.5835, 0.5835, 0.5835, 0.5835, 0.5835, 0.5835, 0.5835, 0.5835, 0.5835, 0.5835, 0.6997, 0.6997, 0.6997, 0.6997, 0.6997, 0.6997, 0.6997, 0.6997, 0.6997, 0.6997, 0.6291, 0.6291, 0.6291, 0.6291, 0.6291, 0.6291, 0.6291, 0.6291, 0.6291, 0.6291, 0.2211, 0.2211, 0.2211, 0.2211, 0.2211, 0.2211, 0.2211, 0.2211, 0.2211, 0.2211, 0.197, 0.197, 0.197, 0.197, 0.197, 0.197, 0.197, 0.197, 0.197, 0.197, 0.9799, 0.9799, 0.9799, 0.9799, 0.9799, 0.9799, 0.9799, 0.9799, 0.9799, 0.9799, 0.4525, 0.4525, 0.4525, 0.4525, 0.4525, 0.4525, 0.4525, 0.4525, 0.4525, 0.4525, 0.4459, 0.4459, 0.4459, 0.4459, 0.4459, 0.4459, 0.4459, 0.4459, 0.4459, 0.4459, 0.622, 0.622, 0.622, 0.622, 0.622, 0.622, 0.622, 0.622, 0.622, 0.622, 0.7333, 0.7333, 0.7333, 0.7333, 0.7333, 0.7333, 0.7333, 0.7333, 0.7333, 0.7333, 0.3695, 0.3695, 0.3695, 0.3695, 0.3695, 0.3695, 0.3695, 0.3695, 0.3695, 0.3695, 0.546, 0.546, 0.546, 0.546, 0.546, 0.546, 0.546, 0.546, 0.546, 0.546, 0.4709, 0.4709, 0.4709, 0.4709, 0.4709, 0.4709, 0.4709, 0.4709, 0.4709, 0.4709, 0.5022, 0.5022, 0.5022, 0.5022, 0.5022, 0.5022, 0.5022, 0.5022, 0.5022, 0.5022, 0.121, 0.121, 0.121, 0.121, 0.121, 0.121, 0.121, 0.121, 0.121, 0.121, 0.3141, 0.3141, 0.3141, 0.3141, 0.3141, 0.3141, 0.3141, 0.3141, 0.3141, 0.3141, 0.3858, 0.3858, 0.3858, 0.3858, 0.3858, 0.3858, 0.3858, 0.3858, 0.3858, 0.3858, 0.3337, 0.3337, 0.3337, 0.3337, 0.3337, 0.3337, 0.3337, 0.3337, 0.3337, 0.3337, 0.3567, 0.3567, 0.3567, 0.3567, 0.3567, 0.3567, 0.3567, 0.3567, 0.3567, 0.3567, 0.5026, 0.5026, 0.5026, 0.5026, 0.5026, 0.5026, 0.5026, 0.5026, 0.5026, 0.5026, 0.4421, 0.4421, 0.4421, 0.4421, 0.4421, 0.4421, 0.4421, 0.4421, 0.3724, 0.3724, 0.3724, 0.3724, 0.3724, 0.3724, 0.3724, 0.3724, 0.3724, 0.3724, 0.2733, 0.2733, 0.2733, 0.2733, 0.2733, 0.2733, 0.2733, 0.2733, 0.2733, 0.2733, 0.2369, 0.2369, 0.2369, 0.2369, 0.2369, 0.2369, 0.2369, 0.2369, 0.2369, 0.2369, 0.2564, 0.2564, 0.2564, 0.2564, 0.2564, 0.2564, 0.2564, 0.2564, 0.2564, 0.2564, 0.2884, 0.2884, 0.2884, 0.2884, 0.2884, 0.2884, 0.2884, 0.2884, 0.2884, 0.2884, 0.5968, 0.5968, 0.5968, 0.5968, 0.5968, 0.5968, 0.5968, 0.5968, 0.5968, 0.5968, 0.1027, 0.1027, 0.1027, 0.1027, 0.1027, 0.1027, 0.1027, 0.1027, 0.1027, 0.1027, 0.2682, 0.2682, 0.2682, 0.2682, 0.2682, 0.2682, 0.2682, 0.2682, 0.2682, 0.2682, 0.1038, 0.1038, 0.1038, 0.1038, 0.1038, 0.1038, 0.1038, 0.1038, 0.1038, 0.1038, 0.2317, 0.2317, 0.2317, 0.2317, 0.2317, 0.2317, 0.2317, 0.2317, 0.2317, 0.2317, 0.1565, 0.1565, 0.1565, 0.1565, 0.1565, 0.1565, 0.1565, 0.1565, 0.1565, 0.1565, 0.1779, 0.1779, 0.1779, 0.1779, 0.1779, 0.1779, 0.1779, 0.1779, 0.1779, 0.1779, 0.1924, 0.1924, 0.1924, 0.1924, 0.1924, 0.1924, 0.1924, 0.1924, 0.1924, 0.1924, 0.0138, 0.0138, 0.0138, 0.0138, 0.0138, 0.0138, 0.0138, 0.0138, 0.0138, 0.0138, 0.2944, 0.2944, 0.2944, 0.2944, 0.2944, 0.2944, 0.2944, 0.2944, 0.2944, 0.2944, 0.1727, 0.1727, 0.1727, 0.1727, 0.1727, 0.1727, 0.1727, 0.1727, 0.1727, 0.1727, 0.5663, 0.5663, 0.5663, 0.5663, 0.5663, 0.5663, 0.5663, 0.5663, 0.5663, 0.5663, 0.3655, 0.3655, 0.3655, 0.3655, 0.3655, 0.3655, 0.3655, 0.3655, 0.3655, 0.3655, 0.0947, 0.0947, 0.0947, 0.0947, 0.0947, 0.0947, 0.0947, 0.0947, 0.0947, 0.0947, 0.1126, 0.1126, 0.1126, 0.1126, 0.1126, 0.1126, 0.1126, 0.1126, 0.1126, 0.1126, 0.2814, 0.2814, 0.2814, 0.2814, 0.2814, 0.2814, 0.2814, 0.2814, 0.2814, 0.2814, 0.1905, 0.1905, 0.1905, 0.1905, 0.1905, 0.1905, 0.1905, 0.1905, 0.1905, 0.1905, 0.1581, 0.1581, 0.1581, 0.1581, 0.1581, 0.1581, 0.1581, 0.1581, 0.1581, 0.1581, 0.5238, 0.5238, 0.5238, 0.5238, 0.5238, 0.5238, 0.5238, 0.5238, 0.5238, 0.5238, 0.2701, 0.2701, 0.2701, 0.2701, 0.2701, 0.2701, 0.2701, 0.2701, 0.2701, 0.2701, 0.1221, 0.1221, 0.1221, 0.1221, 0.1221, 0.1221, 0.1221, 0.1221, 0.1221, 0.1221, 0.3311, 0.3311, 0.3311, 0.3311, 0.3311, 0.3311, 0.3311, 0.3311, 0.3311, 0.3311, 0.2923, 0.2923, 0.2923, 0.2923, 0.2923, 0.2923, 0.2923, 0.2923, 0.2923, 0.2923, 0.2759, 0.2759, 0.2759, 0.2759, 0.2759, 0.2759, 0.2759, 0.2759, 0.2759, 0.2759, 0.2896, 0.2896, 0.2896, 0.2896, 0.2896, 0.2896, 0.2896, 0.2896, 0.2896, 0.2896, 0.0885, 0.0885, 0.0885, 0.0885, 0.0885, 0.0885, 0.0885, 0.0885, 0.0885, 0.0885, 0.5772, 0.5772, 0.5772, 0.5772, 0.5772, 0.5772, 0.5772, 0.5772, 0.5772, 0.5772, 0.2376, 0.2376, 0.2376, 0.2376, 0.2376, 0.2376, 0.2376, 0.2376, 0.2376, 0.2376, 0.1954, 0.1954, 0.1954, 0.1954, 0.1954, 0.1954, 0.1954, 0.1954, 0.1954, 0.1954, 0.1779, 0.1779, 0.1779, 0.1779, 0.1779, 0.1779, 0.1779, 0.1779, 0.1779, 0.1779, 0.3037, 0.3037, 0.3037, 0.3037, 0.3037, 0.3037, 0.3037, 0.3037, 0.3037, 0.3037, 0.1809, 0.1809, 0.1809, 0.1809, 0.1809, 0.1809, 0.1809, 0.1809, 0.1809, 0.1809, 0.1944, 0.1944, 0.1944, 0.1944, 0.1944, 0.1944, 0.1944, 0.1944, 0.1944, 0.1944, 0.6392, 0.6392, 0.6392, 0.6392, 0.6392, 0.6392, 0.6392, 0.6392, 0.6392, 0.6392, 0.1145, 0.1145, 0.1145, 0.1145, 0.1145, 0.1145, 0.1145, 0.1145, 0.1145, 0.1145, 0.2742, 0.2742, 0.2742, 0.2742, 0.2742, 0.2742, 0.2742, 0.2742, 0.2742, 0.2742, 0.4225, 0.4225, 0.4225, 0.4225, 0.4225, 0.4225, 0.4225, 0.4225, 0.4225, 0.4225, 0.3692, 0.3692, 0.3692, 0.3692, 0.3692, 0.3692, 0.3692, 0.3692, 0.3692, 0.3692, 0.4782, 0.4782, 0.4782, 0.4782, 0.4782, 0.4782, 0.4782, 0.4782, 0.4782, 0.4782, 0.4936, 0.4936, 0.4936, 0.4936, 0.4936, 0.4936, 0.4936, 0.4936, 0.4936, 0.4936, 0.4091, 0.4091, 0.4091, 0.4091, 0.4091, 0.4091, 0.4091, 0.4091, 0.4091, 0.4091, 0.3367, 0.3367, 0.3367, 0.3367, 0.3367, 0.3367, 0.3367, 0.3367, 0.3367, 0.3367, 0.2484, 0.2484, 0.2484, 0.2484, 0.2484, 0.2484, 0.2484, 0.2484, 0.2484, 0.2484, 0.3191, 0.3191, 0.3191, 0.3191, 0.3191, 0.3191, 0.3191, 0.3191, 0.3191, 0.3191, 0.2354, 0.2354, 0.2354, 0.2354, 0.2354, 0.2354, 0.2354, 0.2354, 0.2354, 0.2354, 0.3762, 0.3762, 0.3762, 0.3762, 0.3762, 0.3762, 0.3762, 0.3762, 0.3762, 0.3762, 0.2995, 0.2995, 0.2995, 0.2995, 0.2995, 0.2995, 0.2995, 0.2995, 0.2995, 0.2995, 0.2449, 0.2449, 0.2449, 0.2449, 0.2449, 0.2449, 0.2449, 0.2449, 0.2449, 0.2449, 0.3524, 0.3524, 0.3524, 0.3524, 0.3524, 0.3524, 0.3524, 0.3524, 0.3524, 0.3524, 0.2635, 0.2635, 0.2635, 0.2635, 0.2635, 0.2635, 0.2635, 0.2635, 0.2635, 0.2635, 0.4898, 0.4898, 0.4898, 0.4898, 0.4898, 0.4898, 0.4898, 0.4898, 0.4898, 0.4898, 0.2849, 0.2849, 0.2849, 0.2849, 0.2849, 0.2849, 0.2849, 0.2849, 0.2849, 0.2849, 0.4897, 0.4897, 0.4897, 0.4897, 0.4897, 0.4897, 0.4897, 0.4897, 0.4897, 0.4897, 0.3064, 0.3064, 0.3064, 0.3064, 0.3064, 0.3064, 0.3064, 0.3064, 0.3064, 0.3064, 0.2742, 0.2742, 0.2742, 0.2742, 0.2742, 0.2742, 0.2742, 0.2742, 0.2742, 0.2742, 0.3899, 0.3899, 0.3899, 0.3899, 0.3899, 0.3899, 0.3899, 0.3899, 0.3899, 0.3899, 0.2581, 0.2581, 0.2581, 0.2581, 0.2581, 0.2581, 0.2581, 0.2581, 0.2581, 0.2581, 0.2358, 0.2358, 0.2358, 0.2358, 0.2358, 0.2358, 0.2358, 0.2358, 0.2358, 0.2358, 0.2313, 0.2313, 0.2313, 0.2313, 0.2313, 0.2313, 0.2313, 0.2313, 0.2313, 0.2313, 0.2063, 0.2063, 0.2063, 0.2063, 0.2063, 0.2063, 0.2063, 0.2063, 0.2063, 0.2063, 0.1836, 0.1836, 0.1836, 0.1836, 0.1836, 0.1836, 0.1836, 0.1836, 0.1836, 0.1836, 0.3859, 0.3859, 0.3859, 0.3859, 0.3859, 0.3859, 0.3859, 0.3859, 0.3859, 0.3859, 0.1287, 0.1287, 0.1287, 0.1287, 0.1287, 0.1287, 0.1287, 0.1287, 0.1287, 0.1287, 0.1927, 0.1927, 0.1927, 0.1927, 0.1927, 0.1927, 0.1927, 0.1927, 0.1927, 0.1927, 0.6803, 0.6803, 0.6803, 0.6803, 0.6803, 0.6803, 0.6803, 0.6803, 0.6803, 0.6803, 0.2238, 0.2238, 0.2238, 0.2238, 0.2238, 0.2238, 0.2238, 0.2238, 0.2238, 0.2238, 0.3786, 0.3786, 0.3786, 0.3786, 0.3786, 0.3786, 0.3786, 0.3786, 0.3786, 0.3786, 0.2528, 0.2528, 0.2528, 0.2528, 0.2528, 0.2528, 0.2528, 0.2528, 0.2528, 0.2528, 0.1126, 0.1126, 0.1126, 0.1126, 0.1126, 0.1126, 0.1126, 0.1126, 0.1126, 0.1126, 0.3254, 0.3254, 0.3254, 0.3254, 0.3254, 0.3254, 0.3254, 0.3254, 0.3254, 0.3254, 0.3433, 0.3433, 0.3433, 0.3433, 0.3433, 0.3433, 0.3433, 0.3433, 0.3433, 0.3433, 0.2441, 0.2441, 0.2441, 0.2441, 0.2441, 0.2441, 0.2441, 0.2441, 0.2441, 0.2441, 0.4097, 0.4097, 0.4097, 0.4097, 0.4097, 0.4097, 0.3352, 0.3352, 0.3352, 0.3352, 0.3352, 0.3352, 0.3352, 0.3352, 0.3352, 0.3352, 0.114, 0.114, 0.114, 0.114, 0.114, 0.114, 0.114, 0.114, 0.114, 0.114, 0.0368, 0.0368, 0.0368, 0.0368, 0.0368, 0.0368, 0.0368, 0.0368, 0.0368, 0.0368, 0.0081, 0.0081, 0.0081, 0.0081, 0.0081, 0.0081, 0.0081, 0.0081, 0.0081, 0.0081, 0.0118, 0.0118, 0.0118, 0.0118, 0.0118, 0.0118, 0.0118, 0.0118, 0.0118, 0.0118, 0.2537, 0.2537, 0.2537, 0.2537, 0.2537, 0.2537, 0.2537, 0.2537, 0.2537, 0.2537, 0.285, 0.285, 0.285, 0.285, 0.285, 0.285, 0.285, 0.285, 0.285, 0.285, 0.265, 0.265, 0.265, 0.265, 0.265, 0.265, 0.265, 0.265, 0.265, 0.265, 0.29, 0.29, 0.29, 0.29, 0.29, 0.29, 0.29, 0.29, 0.29, 0.29, 0.2428, 0.2428, 0.2428, 0.2428, 0.2428, 0.2428, 0.2428, 0.2428, 0.2428, 0.2428, 0.1436, 0.1436, 0.1436, 0.1436, 0.1436, 0.1436, 0.1436, 0.1436, 0.1436, 0.1436, 0.249, 0.249, 0.249, 0.249, 0.249, 0.249, 0.249, 0.249, 0.249, 0.249, 0.395, 0.395, 0.395, 0.395, 0.395, 0.395, 0.395, 0.395, 0.395, 0.395, 0.0994, 0.0994, 0.0994, 0.0994, 0.0994, 0.0994, 0.0994, 0.0994, 0.0994, 0.0994, 0.2547, 0.2547, 0.2547, 0.2547, 0.2547, 0.2547, 0.2547, 0.2547, 0.2547, 0.2547, 0.3856, 0.3856, 0.3856, 0.3856, 0.3856, 0.3856, 0.3856, 0.3856, 0.3856, 0.3856, 0.2554, 0.2554, 0.2554, 0.2554, 0.2554, 0.2554, 0.2554, 0.2554, 0.2554, 0.2554, 0.1669, 0.1669, 0.1669, 0.1669, 0.1669, 0.1669, 0.1669, 0.1669, 0.1669, 0.1669, 0.2598, 0.2598, 0.2598, 0.2598, 0.2598, 0.2598, 0.2598, 0.2598, 0.2598, 0.2598, 0.3186, 0.3186, 0.3186, 0.3186, 0.3186, 0.3186, 0.3186, 0.3186, 0.3186, 0.3186, 0.0128, 0.0128, 0.0128, 0.0128, 0.0128, 0.0128, 0.0128, 0.0128, 0.0128, 0.0128, 0.1424, 0.1424, 0.1424, 0.1424, 0.1424, 0.1424, 0.1424, 0.1424, 0.1424, 0.1424, 0.1366, 0.1366, 0.1366, 0.1366, 0.1366, 0.1366, 0.1366, 0.1366, 0.1366, 0.1366, 0.1924, 0.1924, 0.1924, 0.1924, 0.1924, 0.1924, 0.1924, 0.1924, 0.1924, 0.1924, 0.3555, 0.3555, 0.3555, 0.3555, 0.3555, 0.3555, 0.3555, 0.3555, 0.3555, 0.3555, 0.2103, 0.2103, 0.2103, 0.2103, 0.2103, 0.2103, 0.2103, 0.2103, 0.2103, 0.2103, 0.1564, 0.1564, 0.1564, 0.1564, 0.1564, 0.1564, 0.1564, 0.1564, 0.1564, 0.1564, 0.1228, 0.1228, 0.1228, 0.1228, 0.1228, 0.1228, 0.1228, 0.1228, 0.1228, 0.1228, 0.2763, 0.2763, 0.2763, 0.2763, 0.2763, 0.2763, 0.2763, 0.2763, 0.2763, 0.2763, 0.3464, 0.3464, 0.3464, 0.3464, 0.3464, 0.3464, 0.3464, 0.3464, 0.3464, 0.3464, 0.1126, 0.1126, 0.1126, 0.1126, 0.1126, 0.1126, 0.1126, 0.1126, 0.1126, 0.1126, 0.087, 0.087, 0.087, 0.087, 0.087, 0.087, 0.087, 0.087, 0.087, 0.087, 0.2402, 0.2402, 0.2402, 0.2402, 0.2402, 0.2402, 0.2402, 0.2402, 0.2402, 0.2402, 0.1432, 0.1432, 0.1432, 0.1432, 0.1432, 0.1432, 0.1432, 0.1432, 0.1432, 0.1432, 0.0866, 0.0866, 0.0866, 0.0866, 0.0866, 0.0866, 0.0866, 0.0866, 0.0866, 0.0866, 0.404, 0.404, 0.404, 0.404, 0.404, 0.404, 0.404, 0.404, 0.404, 0.404, 0.1768, 0.1768, 0.1768, 0.1768, 0.1768, 0.1768, 0.1768, 0.1768, 0.1768, 0.1768, 0.2108, 0.2108, 0.2108, 0.2108, 0.2108, 0.2108, 0.2108, 0.2108, 0.2108, 0.2108, 0.2222, 0.2222, 0.2222, 0.2222, 0.2222, 0.2222, 0.2222, 0.2222, 0.2222, 0.2222, 0.2865, 0.2865, 0.2865, 0.2865, 0.2865, 0.2865, 0.2865, 0.2865, 0.2865, 0.2865, 0.2535, 0.2535, 0.2535, 0.2535, 0.2535, 0.2535, 0.2535, 0.2535, 0.2535, 0.2535, 0.2738, 0.2738, 0.2738, 0.2738, 0.2738, 0.2738, 0.2738, 0.2738, 0.2738, 0.2738, 0.0757, 0.0757, 0.0757, 0.0757, 0.0757, 0.0757, 0.0757, 0.0757, 0.0757, 0.0757, 0.469, 0.469, 0.469, 0.469, 0.469, 0.469, 0.469, 0.469, 0.469, 0.469, 0.114, 0.114, 0.114, 0.114, 0.114, 0.114, 0.114, 0.114, 0.114, 0.114, 0.412, 0.412, 0.412, 0.412, 0.412, 0.412, 0.412, 0.412, 0.412, 0.412, 0.1567, 0.1567, 0.1567, 0.1567, 0.1567, 0.1567, 0.1567, 0.1567, 0.1567, 0.1567, 0.2256, 0.2256, 0.2256, 0.2256, 0.2256, 0.2256, 0.2256, 0.2256, 0.2256, 0.2256, 0.0957, 0.0957, 0.0957, 0.0957, 0.0957, 0.0957, 0.0957, 0.0957, 0.0957, 0.0957, 0.3176, 0.3176, 0.3176, 0.3176, 0.3176, 0.3176, 0.3176, 0.3176, 0.3176, 0.3176, 0.2112, 0.2112, 0.2112, 0.2112, 0.2112, 0.2112, 0.2112, 0.2112, 0.2112, 0.2112, 0.1457, 0.1457, 0.1457, 0.1457, 0.1457, 0.1457, 0.1457, 0.1457, 0.1457, 0.1457, 0.2107, 0.2107, 0.2107, 0.2107, 0.2107, 0.2107, 0.2107, 0.2107, 0.2107, 0.2107, 0.1655, 0.1655, 0.1655, 0.1655, 0.1655, 0.1655, 0.1655, 0.1655, 0.1655, 0.1655, 0.4235, 0.4235, 0.4235, 0.4235, 0.4235, 0.4235, 0.4235, 0.4235, 0.4235, 0.4235, 0.1416, 0.1416, 0.1416, 0.1416, 0.1416, 0.1416, 0.1416, 0.1416, 0.1416, 0.1416, 0.346, 0.346, 0.346, 0.346, 0.346, 0.346, 0.346, 0.346, 0.346, 0.346, 0.0486, 0.0486, 0.0486, 0.0486, 0.0486, 0.0486, 0.0486, 0.0486, 0.0486, 0.0486, 0.1451, 0.1451, 0.1451, 0.1451, 0.1451, 0.1451, 0.1451, 0.1451, 0.1451, 0.1451, 0.3133, 0.3133, 0.3133, 0.3133, 0.3133, 0.3133, 0.3133, 0.3133, 0.3133, 0.3133, 0.082, 0.082, 0.082, 0.082, 0.082, 0.082, 0.082, 0.082, 0.082, 0.082, 0.5132, 0.5132, 0.5132, 0.5132, 0.5132, 0.5132, 0.5132, 0.5132, 0.5132, 0.5132, 0.1967, 0.1967, 0.1967, 0.1967, 0.1967, 0.1967, 0.1967, 0.1967, 0.1967, 0.1967, 0.1756, 0.1756, 0.1756, 0.1756, 0.1756, 0.1756, 0.1756, 0.1756, 0.1756, 0.1756, 0.2093, 0.2093, 0.2093, 0.2093, 0.2093, 0.2093, 0.2093, 0.2093, 0.2093, 0.2093, 0.0568, 0.0568, 0.0568, 0.0568, 0.0568, 0.0568, 0.0568, 0.0568, 0.0568, 0.0568, 0.2865, 0.2865, 0.2865, 0.2865, 0.2865, 0.2865, 0.2865, 0.2865, 0.2865, 0.2865, 0.0809, 0.0809, 0.0809, 0.0809, 0.0809, 0.0809, 0.0809, 0.0809, 0.0809, 0.0809, 0.0713, 0.0713, 0.0713, 0.0713, 0.0713, 0.0713, 0.0713, 0.0713, 0.0713, 0.0713, 0.315, 0.315, 0.315, 0.315, 0.315, 0.315, 0.315, 0.315, 0.315, 0.315, 0.2058, 0.2058, 0.2058, 0.2058, 0.2058, 0.2058, 0.2058, 0.2058, 0.2058, 0.2058, 0.0186, 0.0186, 0.0186, 0.0186, 0.0186, 0.0186, 0.0186, 0.0186, 0.0186, 0.0186, 0.2402, 0.2402, 0.2402, 0.2402, 0.2402, 0.2402, 0.2402, 0.2402, 0.2402, 0.2402, 0.1523, 0.1523, 0.1523, 0.1523, 0.1523, 0.1523, 0.1523, 0.1523, 0.1523, 0.1523, 0.3577, 0.3577, 0.3577, 0.3577, 0.3577, 0.3577, 0.3577, 0.3577, 0.3577, 0.3577, 0.0598, 0.0598, 0.0598, 0.0598, 0.0598, 0.0598, 0.0598, 0.0598, 0.0598, 0.0598, 0.2355, 0.2355, 0.2355, 0.2355, 0.2355, 0.2355, 0.2355, 0.2355, 0.2355, 0.2355, 0.1186, 0.1186, 0.1186, 0.1186, 0.0422, 0.0422, 0.0422, 0.0422, 0.0422, 0.0422, 0.0422, 0.0422, 0.0422, 0.0422, 0.0079, 0.0079, 0.0079, 0.0079, 0.0079, 0.0079, 0.0079, 0.0079, 0.0079, 0.0079, 0.3362, 0.3362, 0.3362, 0.3362, 0.3362, 0.3362, 0.3362, 0.3362, 0.3362, 0.3362, 0.3259, 0.3259, 0.3259, 0.3259, 0.3259, 0.3259, 0.3259, 0.3259, 0.3259, 0.3259, 0.0049, 0.0049, 0.0049, 0.0049, 0.0049, 0.0049, 0.0049, 0.0049, 0.0049, 0.0049, 0.2122, 0.2122, 0.2122, 0.2122, 0.2122, 0.2122, 0.2122, 0.2122, 0.2122, 0.2122, 0.3984, 0.3984, 0.3984, 0.3984, 0.3984, 0.3984, 0.3984, 0.3984, 0.3984, 0.3984, 0.1747, 0.1747, 0.1747, 0.1747, 0.1747, 0.1747, 0.1747, 0.1747, 0.1747, 0.1747, 0.1495, 0.1495, 0.1495, 0.1495, 0.1495, 0.1495, 0.1495, 0.1495, 0.1495, 0.1495, 0.1472, 0.1472, 0.1472, 0.1472, 0.1472, 0.1472, 0.1472, 0.1472, 0.1472, 0.1472, 0.0194, 0.0194, 0.0194, 0.0194, 0.0194, 0.0194, 0.0194, 0.0194, 0.0194, 0.0194, 0.1823, 0.1823, 0.1823, 0.1823, 0.1823, 0.1823, 0.1823, 0.1823, 0.1823, 0.1823, 0.0973, 0.0973, 0.0973, 0.0973, 0.0973, 0.0973, 0.0973, 0.0973, 0.0973, 0.0973, 0.2613, 0.2613, 0.2613, 0.2613, 0.2613, 0.2613, 0.2613, 0.2613, 0.2613, 0.2613, 0.329, 0.329, 0.329, 0.329, 0.329, 0.329, 0.329, 0.329, 0.329, 0.329, 0.0037, 0.0037, 0.0037, 0.0037, 0.0037, 0.0037, 0.0037, 0.0037, 0.0037, 0.0037, 0.3514, 0.3514, 0.3514, 0.3514, 0.3514, 0.3514, 0.3514, 0.3514, 0.3514, 0.3514, 0.3013, 0.3013, 0.3013, 0.3013, 0.3013, 0.3013, 0.3013, 0.3013, 0.3013, 0.3013, 0.2268, 0.2268, 0.2268, 0.2268, 0.2268, 0.2268, 0.2268, 0.2268, 0.2268, 0.2268, 0.2642, 0.2642, 0.2642, 0.2642, 0.2642, 0.2642, 0.2642, 0.2642, 0.2642, 0.2642, 0.2057, 0.2057, 0.2057, 0.2057, 0.2057, 0.2057, 0.2057, 0.2057, 0.2057, 0.2057, 0.1677, 0.1677, 0.1677, 0.1677, 0.1677, 0.1677, 0.1677, 0.1677, 0.1677, 0.1677, 0.0802, 0.0802, 0.0802, 0.0802, 0.0802, 0.0802, 0.0802, 0.0802, 0.0802, 0.0802, 0.2023, 0.2023, 0.2023, 0.2023, 0.2023, 0.2023, 0.2023, 0.2023, 0.2023, 0.2023, 0.5415, 0.5415, 0.5415, 0.5415, 0.5415, 0.5415, 0.5415, 0.5415, 0.5415, 0.5415, 0.1346, 0.1346, 0.1346, 0.1346, 0.1346, 0.1346, 0.1346, 0.1346, 0.1346, 0.1346, 0.0077, 0.0077, 0.0077, 0.0077, 0.0077, 0.0077, 0.0077, 0.0077, 0.0077, 0.0077, 0.0063, 0.0063, 0.0063, 0.0063, 0.0063, 0.0063, 0.0063, 0.0063, 0.0063, 0.0063, 0.2024, 0.2024, 0.2024, 0.2024, 0.2024, 0.2024, 0.2024, 0.2024, 0.2024, 0.2024, 0.338, 0.338, 0.338, 0.338, 0.338, 0.338, 0.338, 0.338, 0.338, 0.338, 0.0821, 0.0821, 0.0821, 0.0821, 0.0821, 0.0821, 0.0821, 0.0821, 0.0821, 0.0821, 0.3059, 0.3059, 0.3059, 0.3059, 0.3059, 0.3059, 0.3059, 0.3059, 0.3059, 0.3059, 0.2618, 0.2618, 0.2618, 0.2618, 0.2618, 0.2618, 0.2618, 0.2618, 0.2618, 0.2618, 0.1672, 0.1672, 0.1672, 0.1672, 0.1672, 0.1672, 0.1672, 0.1672, 0.1672, 0.1672, 0.1694, 0.1694, 0.1694, 0.1694, 0.1694, 0.1694, 0.1694, 0.1694, 0.1694, 0.1694, 0.1684, 0.1684, 0.1684, 0.1684, 0.1684, 0.1684, 0.1684, 0.1684, 0.1684, 0.1684, 0.0055, 0.0055, 0.0055, 0.0055, 0.0055, 0.0055, 0.0055, 0.0055, 0.0055, 0.0055, 0.1652, 0.1652, 0.1652, 0.1652, 0.1652, 0.1652, 0.1652, 0.1652, 0.1652, 0.1652, 0.0039, 0.0039, 0.0039, 0.0039, 0.0039, 0.0039, 0.0039, 0.0039, 0.0039, 0.0039, 0.2071, 0.2071, 0.2071, 0.2071, 0.2071, 0.2071, 0.2071, 0.2071, 0.2071, 0.2071, 0.1506, 0.1506, 0.1506, 0.1506, 0.1506, 0.1506, 0.1506, 0.1506, 0.1506, 0.1506, 0.2586, 0.2586, 0.2586, 0.2586, 0.2586, 0.2586, 0.2586, 0.2586, 0.2586, 0.2586, 0.1399, 0.1399, 0.1399, 0.1399, 0.1399, 0.1399, 0.1399, 0.1399, 0.1399, 0.1399, 0.2808, 0.2808, 0.2808, 0.2808, 0.2808, 0.2808, 0.2808, 0.2808, 0.2808, 0.2808, 0.0036, 0.0036, 0.0036, 0.0036, 0.0036, 0.0036, 0.0036, 0.0036, 0.0036, 0.0036, 0.0044, 0.0044, 0.0044, 0.0044, 0.0044, 0.0044, 0.0044, 0.0044, 0.0044, 0.0044, 0.1201, 0.1201, 0.1201, 0.1201, 0.1201, 0.1201, 0.1201, 0.1201, 0.1201, 0.1201, 0.2341, 0.2341, 0.2341, 0.2341, 0.2341, 0.2341, 0.2341, 0.2341, 0.2341, 0.2341, 0.3438, 0.3438, 0.3438, 0.3438, 0.3438, 0.3438, 0.3438, 0.3438, 0.3438, 0.3438, 0.1089, 0.1089, 0.1089, 0.1089, 0.1089, 0.1089, 0.1089, 0.1089, 0.1089, 0.1089, 0.4079, 0.4079, 0.4079, 0.4079, 0.4079, 0.4079, 0.4079, 0.4079, 0.4079, 0.4079, 0.2143, 0.2143, 0.2143, 0.2143, 0.2143, 0.2143, 0.2143, 0.2143, 0.2143, 0.2143, 0.3097, 0.3097, 0.3097, 0.3097, 0.3097, 0.3097, 0.3097, 0.3097, 0.3097, 0.3097, 0.2798, 0.2798, 0.2798, 0.2798, 0.2798, 0.2798, 0.2798, 0.2798, 0.2798, 0.2798, 0.0038, 0.0038, 0.0038, 0.0038, 0.0038, 0.0038, 0.0038, 0.0038, 0.0038, 0.0038, 0.0685, 0.0685, 0.0685, 0.0685, 0.0685, 0.0685, 0.0685, 0.0685, 0.0685, 0.0685, 0.1514, 0.1514, 0.1514, 0.1514, 0.1514, 0.1514, 0.1514, 0.1514, 0.1514, 0.1514, 0.2365, 0.2365, 0.2365, 0.2365, 0.2365, 0.2365, 0.2365, 0.2365, 0.2365, 0.2365, 0.0893, 0.0893, 0.0893, 0.0893, 0.0893, 0.0893, 0.0893, 0.0893, 0.0893, 0.0893, 0.0843, 0.0843, 0.0843, 0.0843, 0.0843, 0.0843, 0.0843, 0.0843, 0.0843, 0.0843, 0.1426, 0.1426, 0.1426, 0.1426, 0.1426, 0.1426, 0.1426, 0.1426, 0.1426, 0.1426, 0.2152, 0.2152, 0.2152, 0.2152, 0.2152, 0.2152, 0.2152, 0.2152, 0.2152, 0.2152, 0.0616, 0.0616, 0.0616, 0.0616, 0.0616, 0.0616, 0.0616, 0.0616, 0.0616, 0.0616, 0.1914, 0.1914, 0.1914, 0.1914, 0.1914, 0.1914, 0.1914, 0.1914, 0.1914, 0.1914, 0.1395, 0.1395, 0.1395, 0.1395, 0.1395, 0.1395, 0.1395, 0.1395, 0.1395, 0.1395, 0.2508, 0.2508, 0.2508, 0.2508, 0.2508, 0.2508, 0.2508, 0.2508, 0.2508, 0.2508, 0.1973, 0.1973, 0.1973, 0.1973, 0.1973, 0.1973, 0.1973, 0.1973, 0.1973, 0.1973, 0.4048, 0.4048, 0.4048, 0.4048, 0.4048, 0.4048, 0.4048, 0.4048, 0.4048, 0.4048, 0.1391, 0.1391, 0.1391, 0.1391, 0.1391, 0.1391, 0.1391, 0.1391, 0.1391, 0.1391, 0.0066, 0.0066, 0.0066, 0.0066, 0.0066, 0.0066, 0.0066, 0.0066, 0.0066, 0.0066, 0.2079, 0.2079, 0.2079, 0.2079, 0.2079, 0.2079, 0.2079, 0.2079, 0.2079, 0.2079, 0.1937, 0.1937, 0.1937, 0.1937, 0.1937, 0.1937, 0.1937, 0.1937, 0.1937, 0.1937, 0.1617, 0.1617, 0.1617, 0.1617, 0.1617, 0.1617, 0.1617, 0.1617, 0.1617, 0.1617, 0.0063, 0.0063, 0.0063, 0.0063, 0.0063, 0.0063, 0.0063, 0.0063, 0.0063, 0.0063, 0.3024, 0.3024, 0.3024, 0.3024, 0.3024, 0.3024, 0.3024, 0.3024, 0.3024, 0.3024, 0.1403, 0.1403, 0.1403, 0.1403, 0.1403, 0.1403, 0.1403, 0.1403, 0.1403, 0.1403, 0.1394, 0.1394, 0.1394, 0.1394, 0.1394, 0.1394, 0.1394, 0.1394, 0.1394, 0.1394, 0.0408, 0.0408, 0.179, 0.179, 0.179, 0.179, 0.179, 0.179, 0.179, 0.179, 0.179, 0.179, 0.2126, 0.2126, 0.2126, 0.2126, 0.2126, 0.2126, 0.2126, 0.2126, 0.2126, 0.2126, 0.0076, 0.0076, 0.0076, 0.0076, 0.0076, 0.0076, 0.0076, 0.0076, 0.0076, 0.0076, 0.1439, 0.1439, 0.1439, 0.1439, 0.1439, 0.1439, 0.1439, 0.1439, 0.1439, 0.1439, 0.0707, 0.0707, 0.0707, 0.0707, 0.0707, 0.0707, 0.0707, 0.0707, 0.0707, 0.0707, 0.005, 0.005, 0.005, 0.005, 0.005, 0.005, 0.005, 0.005, 0.005, 0.005, 0.0396, 0.0396, 0.0396, 0.0396, 0.0396, 0.0396, 0.0396, 0.0396, 0.0396, 0.0396, 0.0952, 0.0952, 0.0952, 0.0952, 0.0952, 0.0952, 0.0952, 0.0952, 0.0952, 0.0952, 0.1935, 0.1935, 0.1935, 0.1935, 0.1935, 0.1935, 0.1935, 0.1935, 0.1935, 0.1935, 0.1454, 0.1454, 0.1454, 0.1454, 0.1454, 0.1454, 0.1454, 0.1454, 0.1454, 0.1454, 0.2183, 0.2183, 0.2183, 0.2183, 0.2183, 0.2183, 0.2183, 0.2183, 0.2183, 0.2183, 0.2321, 0.2321, 0.2321, 0.2321, 0.2321, 0.2321, 0.2321, 0.2321, 0.2321, 0.2321, 0.2084, 0.2084, 0.2084, 0.2084, 0.2084, 0.2084, 0.2084, 0.2084, 0.2084, 0.2084, 0.1194, 0.1194, 0.1194, 0.1194, 0.1194, 0.1194, 0.1194, 0.1194, 0.1194, 0.1194, 0.307, 0.307, 0.307, 0.307, 0.307, 0.307, 0.307, 0.307, 0.307, 0.307, 0.1399, 0.1399, 0.1399, 0.1399, 0.1399, 0.1399, 0.1399, 0.1399, 0.1399, 0.1399, 0.2574, 0.2574, 0.2574, 0.2574, 0.2574, 0.2574, 0.2574, 0.2574, 0.2574, 0.2574, 0.0084, 0.0084, 0.0084, 0.0084, 0.0084, 0.0084, 0.0084, 0.0084, 0.0084, 0.0084, 0.1996, 0.1996, 0.1996, 0.1996, 0.1996, 0.1996, 0.1996, 0.1996, 0.1996, 0.1996, 0.2185, 0.2185, 0.2185, 0.2185, 0.2185, 0.2185, 0.2185, 0.2185, 0.2185, 0.2185, 0.2425, 0.2425, 0.2425, 0.2425, 0.2425, 0.2425, 0.2425, 0.2425, 0.2425, 0.2425, 0.1981, 0.1981, 0.1981, 0.1981, 0.1981, 0.1981, 0.1981, 0.1981, 0.1981, 0.1981, 0.142, 0.142, 0.142, 0.142, 0.142, 0.142, 0.142, 0.142, 0.142, 0.142, 0.3413, 0.3413, 0.3413, 0.3413, 0.3413, 0.3413, 0.3413, 0.3413, 0.3413, 0.3413, 0.1199, 0.1199, 0.1199, 0.1199, 0.1199, 0.1199, 0.1199, 0.1199, 0.1199, 0.1199, 0.26, 0.26, 0.26, 0.26, 0.26, 0.26, 0.26, 0.26, 0.26, 0.26, 0.035, 0.035, 0.035, 0.035, 0.035, 0.035, 0.035, 0.035, 0.035, 0.035, 0.1901, 0.1901, 0.1901, 0.1901, 0.1901, 0.1901, 0.1901, 0.1901, 0.1901, 0.1901, 0.1607, 0.1607, 0.1607, 0.1607, 0.1607, 0.1607, 0.1607, 0.1607, 0.1607, 0.1607, 0.0745, 0.0745, 0.0745, 0.0745, 0.0745, 0.0745, 0.0745, 0.0745, 0.0745, 0.0745, 0.1852, 0.1852, 0.1852, 0.1852, 0.1852, 0.1852, 0.1852, 0.1852, 0.1852, 0.1852, 0.1402, 0.1402, 0.1402, 0.1402, 0.1402, 0.1402, 0.1402, 0.1402, 0.1402, 0.1402, 0.1411, 0.1411, 0.1411, 0.1411, 0.1411, 0.1411, 0.1411, 0.1411, 0.1411, 0.1411, 0.1131, 0.1131, 0.1131, 0.1131, 0.1131, 0.1131, 0.1131, 0.1131, 0.1131, 0.1131, 0.1682, 0.1682, 0.1682, 0.1682, 0.1682, 0.1682, 0.1682, 0.1682, 0.1682, 0.1682, 0.217, 0.217, 0.217, 0.217, 0.217, 0.217, 0.217, 0.217, 0.217, 0.217, 0.1524, 0.1524, 0.1524, 0.1524, 0.1524, 0.1524, 0.1524, 0.1524, 0.1524, 0.1524, 0.0136, 0.0136, 0.0136, 0.0136, 0.0136, 0.0136, 0.0136, 0.0136, 0.0136, 0.0136, 0.122, 0.122, 0.122, 0.122, 0.122, 0.122, 0.122, 0.122, 0.122, 0.122, 0.3618, 0.3618, 0.3618, 0.3618, 0.3618, 0.3618, 0.3618, 0.3618, 0.3618, 0.3618, 0.091, 0.091, 0.091, 0.091, 0.091, 0.091, 0.091, 0.091, 0.091, 0.091, 0.1845, 0.1845, 0.1845, 0.1845, 0.1845, 0.1845, 0.1845, 0.1845, 0.1845, 0.1845, 0.0821, 0.0821, 0.0821, 0.0821, 0.0821, 0.0821, 0.0821, 0.0821, 0.0821, 0.0821, 0.2106, 0.2106, 0.2106, 0.2106, 0.2106, 0.2106, 0.2106, 0.2106, 0.2106, 0.2106, 0.1326, 0.1326, 0.1326, 0.1326, 0.1326, 0.1326, 0.1326, 0.1326, 0.1326, 0.1326, 0.007, 0.007, 0.007, 0.007, 0.007, 0.007, 0.007, 0.007, 0.007, 0.007, 0.1313, 0.1313, 0.1313, 0.1313, 0.1313, 0.1313, 0.1313, 0.1313, 0.1313, 0.1313, 0.3109, 0.3109, 0.3109, 0.3109, 0.3109, 0.3109, 0.3109, 0.3109, 0.3109, 0.3109, 0.1344, 0.1344, 0.1344, 0.1344, 0.1344, 0.1344, 0.1344, 0.1344, 0.1344, 0.1344, 0.2142, 0.2142, 0.2142, 0.2142, 0.2142, 0.2142, 0.2142, 0.2142, 0.2142, 0.2142, 0.2417, 0.2417, 0.2417, 0.2417, 0.2417, 0.2417, 0.2417, 0.2417, 0.2417, 0.2417, 0.0924, 0.0924, 0.0924, 0.0924, 0.0924, 0.0924, 0.0924, 0.0924, 0.0924, 0.0924, 0.0965, 0.0965, 0.0965, 0.0965, 0.0965, 0.0965, 0.0965, 0.0965, 0.0965, 0.0965, 0.2027, 0.2027, 0.2027, 0.2027, 0.2027, 0.2027, 0.2027, 0.2027, 0.2027, 0.2027, 0.0888, 0.0888, 0.0888, 0.0888, 0.0888, 0.0888, 0.0888, 0.0888, 0.0888, 0.0888, 0.148, 0.148, 0.148, 0.148, 0.148, 0.148, 0.148, 0.148, 0.148, 0.148, 0.0106, 0.0106, 0.0106, 0.0106, 0.0106, 0.0106, 0.0106, 0.0106, 0.0106, 0.0106, 0.1637, 0.1637, 0.1637, 0.1637, 0.1637, 0.1637, 0.1637, 0.1637, 0.1637, 0.1637, 0.1006, 0.1006, 0.1006, 0.1006, 0.1006, 0.1006, 0.1006, 0.1006, 0.1006, 0.1006, 0.0609, 0.0609, 0.0609, 0.0609, 0.0609, 0.0609, 0.0609, 0.0609, 0.0609, 0.0609, 0.2031, 0.2031, 0.2031, 0.2031, 0.2031, 0.2031, 0.2031, 0.2031, 0.2031, 0.2031, 0.0111, 0.0111, 0.0111, 0.0111, 0.0111, 0.0111, 0.0111, 0.0111, 0.0111, 0.0111, 0.089, 0.089, 0.089, 0.089, 0.089, 0.089, 0.089, 0.089, 0.089, 0.089, 0.0352, 0.0352, 0.0352, 0.0352, 0.0352, 0.0352, 0.0352, 0.0352, 0.0352, 0.0352, 0.3424, 0.3424, 0.3424, 0.3424, 0.3424, 0.3424, 0.3424, 0.3424, 0.3424, 0.3424, 0.1241, 0.1241, 0.1241, 0.1241, 0.1241, 0.1241, 0.1241, 0.1241, 0.1241, 0.1241, 0.0829, 0.0829, 0.0829, 0.0829, 0.0829, 0.0829, 0.0829, 0.0829, 0.0829, 0.0829, 0.0963, 0.0963, 0.0963, 0.0963, 0.0963, 0.0963, 0.0963, 0.0963, 0.0963, 0.0963, 0.3782, 0.3782, 0.3782, 0.3782, 0.3782, 0.3782, 0.3782, 0.3782, 0.3782, 0.3782, 0.155, 0.155, 0.155, 0.155, 0.155, 0.155, 0.155, 0.155, 0.155, 0.155, 0.1695, 0.1695, 0.1695, 0.1695, 0.1695, 0.1695, 0.1695, 0.1695, 0.1695, 0.1695, 0.0989, 0.0989, 0.0989, 0.0989, 0.0989, 0.0989, 0.0989, 0.0989, 0.0989, 0.0989, 0.0904, 0.0904, 0.0904, 0.0904, 0.0904, 0.0904, 0.0904, 0.0904, 0.0904, 0.0904, 0.2568, 0.2568, 0.2568, 0.2568, 0.2568, 0.2568, 0.2568, 0.2568, 0.2568, 0.2568, 0.0582, 0.0582, 0.0582, 0.0582, 0.0582, 0.0582, 0.0582, 0.0582, 0.0582, 0.0582, 0.2792, 0.2792, 0.2792, 0.2792, 0.2792, 0.2792, 0.2792, 0.2792, 0.2792, 0.2792, 0.2026, 0.2026, 0.2026, 0.2026, 0.2026, 0.2026, 0.2026, 0.2026, 0.2026, 0.2026, 0.2926, 0.2926, 0.2926, 0.2926, 0.2926, 0.2926, 0.2926, 0.2926, 0.2926, 0.2926, 0.1615, 0.1615, 0.1615, 0.1615, 0.1615, 0.1615, 0.1615, 0.1615, 0.1615, 0.1615, 0.1724, 0.1724, 0.1724, 0.1724, 0.1724, 0.1724, 0.1724, 0.1724, 0.1724, 0.1724, 0.0864, 0.0864, 0.0864, 0.0864, 0.0864, 0.0864, 0.0864, 0.0864, 0.0864, 0.0864, 0.1935, 0.1935, 0.1935, 0.1935, 0.1935, 0.1935, 0.1935, 0.1935, 0.1935, 0.1935, 0.0931, 0.0931, 0.0931, 0.0931, 0.0931, 0.0931, 0.0931, 0.0931, 0.0931, 0.0931, 0.0054, 0.0054, 0.0054, 0.0054, 0.0054, 0.0054, 0.0054, 0.0054, 0.0054, 0.0054, 0.1411, 0.1411, 0.1411, 0.1411, 0.1411, 0.1411, 0.1411, 0.1411, 0.1411, 0.1411, 0.1332, 0.1332, 0.1332, 0.1332, 0.1332, 0.1332, 0.1332, 0.1332, 0.1332, 0.1332, 0.1026, 0.1026, 0.1026, 0.1026, 0.1026, 0.1026, 0.1026, 0.1026, 0.1026, 0.1026, 0.1361, 0.1361, 0.1361, 0.1361, 0.1361, 0.1361, 0.1361, 0.1361, 0.1361, 0.1361, 0.1516, 0.1516, 0.1516, 0.1516, 0.1516, 0.1516, 0.1516, 0.1516, 0.1516, 0.1516, 0.0577, 0.0577, 0.0577, 0.0577, 0.0577, 0.0577, 0.0577, 0.0577, 0.0577, 0.0577, 0.1108, 0.1108, 0.1108, 0.1108, 0.1108, 0.1108, 0.1108, 0.1108, 0.1108, 0.1108, 0.2807, 0.2807, 0.2807, 0.2807, 0.2807, 0.2807, 0.2807, 0.2807, 0.2807, 0.2807, 0.2185, 0.2185, 0.2185, 0.2185, 0.2185, 0.2185, 0.2185, 0.2185, 0.2185, 0.2185, 0.2786, 0.2786, 0.2786, 0.2786, 0.2786, 0.2786, 0.2786, 0.2786, 0.2786, 0.2786, 0.3001, 0.3001, 0.3001, 0.3001, 0.3001, 0.3001, 0.3001, 0.3001, 0.3001, 0.3001, 0.2023, 0.2023, 0.2023, 0.2023, 0.2023, 0.2023, 0.2023, 0.2023, 0.2023, 0.2023, 0.1349, 0.1349, 0.1349, 0.1349, 0.1349, 0.1349, 0.1349, 0.1349, 0.1349, 0.1349, 0.142, 0.142, 0.142, 0.142, 0.142, 0.142, 0.142, 0.142, 0.142, 0.142, 0.1616, 0.1616, 0.1616, 0.1616, 0.1616, 0.1616, 0.1616, 0.1616, 0.1616, 0.1616, 0.0055, 0.0055, 0.0055, 0.0055, 0.0055, 0.0055, 0.0055, 0.0055, 0.0055, 0.0055, 0.2078, 0.2078, 0.2078, 0.2078, 0.2078, 0.2078, 0.2078, 0.2078, 0.2078, 0.2078, 0.0051, 0.0051, 0.0051, 0.0051, 0.0051, 0.0051, 0.0051, 0.0051, 0.0051, 0.0051, 0.2189, 0.2189, 0.2189, 0.2189, 0.2189, 0.2189, 0.2189, 0.2189, 0.2189, 0.2189, 0.1181, 0.1181, 0.1181, 0.1181, 0.1181, 0.1181, 0.1181, 0.1181, 0.1181, 0.1181, 0.2443, 0.2443, 0.2443, 0.2443, 0.2443, 0.2443, 0.2443, 0.2443, 0.2443, 0.2443, 0.0698, 0.0698, 0.0698, 0.0698, 0.0698, 0.0698, 0.0698, 0.0698, 0.0698, 0.0698, 0.1611, 0.1611, 0.1611, 0.1611, 0.1611, 0.1611, 0.1611, 0.1611, 0.1611, 0.1611, 0.1735, 0.1735, 0.1735, 0.1735, 0.1735, 0.1735, 0.1735, 0.1735, 0.1735, 0.1735, 0.142, 0.142, 0.142, 0.142, 0.142, 0.142, 0.142, 0.142, 0.142, 0.142, 0.2205, 0.2205, 0.2205, 0.2205, 0.2205, 0.2205, 0.2205, 0.2205, 0.2205, 0.2205, 0.1834, 0.1834, 0.1834, 0.1834, 0.1834, 0.1834, 0.1834, 0.1834, 0.1834, 0.1834, 0.0069, 0.0069, 0.0069, 0.0069, 0.0069, 0.0069, 0.0069, 0.0069, 0.0069, 0.0069, 0.1969, 0.1969, 0.1969, 0.1969, 0.1969, 0.1969, 0.1969, 0.1969, 0.1969, 0.1969, 0.3539, 0.3539, 0.3539, 0.3539, 0.3539, 0.3539, 0.3539, 0.3539, 0.3539, 0.3539, 0.153, 0.153, 0.153, 0.153, 0.153, 0.153, 0.153, 0.153, 0.153, 0.153, 0.0054, 0.0054, 0.0054, 0.0054, 0.0054, 0.0054, 0.0054, 0.0054, 0.0054, 0.0054, 0.0045, 0.0045, 0.0045, 0.0045, 0.0045, 0.0045, 0.0045, 0.0045, 0.0045, 0.0045, 0.0645, 0.0645, 0.0645, 0.0645, 0.0645, 0.0645, 0.0645, 0.0645, 0.0645, 0.0645, 0.0776, 0.0776, 0.0776, 0.0776, 0.0776, 0.0776, 0.0776, 0.0776, 0.0776, 0.0776, 0.1518, 0.1518, 0.1518, 0.1518, 0.1518, 0.1518, 0.1518, 0.1518, 0.1518, 0.1518, 0.1651, 0.1651, 0.1651, 0.1651, 0.1651, 0.1651, 0.1651, 0.1651, 0.1651, 0.1651, 0.0037, 0.0037, 0.0037, 0.0037, 0.0037, 0.0037, 0.0037, 0.0037, 0.0037, 0.0037, 0.1542, 0.1542, 0.1542, 0.1542, 0.1542, 0.1542, 0.1542, 0.1542, 0.1542, 0.1542, 0.0036, 0.0036, 0.0036, 0.0036, 0.0036, 0.0036, 0.0036, 0.0036, 0.0036, 0.0036, 0.0028, 0.0028, 0.0028, 0.0028, 0.0028, 0.0028, 0.0028, 0.0028, 0.0028, 0.0028, 0.0045, 0.0045, 0.0045, 0.0045, 0.0045, 0.0045, 0.0045, 0.0045, 0.0045, 0.0045, 0.083, 0.083, 0.083, 0.083, 0.083, 0.083, 0.083, 0.083, 0.083, 0.083, 0.2757, 0.2757, 0.2757, 0.2757, 0.2757, 0.2757, 0.2757, 0.2757, 0.2757, 0.2757, 0.1692, 0.1692, 0.1692, 0.1692, 0.1692, 0.1692, 0.1692, 0.1692, 0.1692, 0.1692, 0.1348, 0.1348, 0.1348, 0.1348, 0.1348, 0.1348, 0.1348, 0.1348, 0.1348, 0.1348, 0.1792, 0.1792, 0.1792, 0.1792, 0.1792, 0.1792, 0.1792, 0.1792, 0.1792, 0.1792, 0.0333, 0.0333, 0.0333, 0.0333, 0.0333, 0.0333, 0.0333, 0.0333, 0.0333, 0.0333, 0.2487, 0.2487, 0.2487, 0.2487, 0.2487, 0.2487, 0.2487, 0.2487, 0.2487, 0.2487, 0.1183, 0.1183, 0.1183, 0.1183, 0.1183, 0.1183, 0.1183, 0.1183, 0.1183, 0.1183, 0.2182, 0.2182, 0.2182, 0.2182, 0.2182, 0.2182, 0.2182, 0.2182, 0.2182, 0.2182, 0.4842, 0.4842, 0.4842, 0.4842, 0.4842, 0.4842, 0.4842, 0.4842, 0.4842, 0.4842, 0.3949, 0.3949, 0.3949, 0.3949, 0.3949, 0.3949, 0.3949, 0.3949, 0.3949, 0.3949, 0.0699, 0.0699, 0.0699, 0.0699, 0.0699, 0.0699, 0.0699, 0.0699, 0.0699, 0.0699, 0.1122, 0.1122, 0.1122, 0.1122, 0.1122, 0.1122, 0.1122, 0.1122, 0.1122, 0.1122, 0.1308, 0.1308, 0.1308, 0.1308, 0.1308, 0.1308, 0.1308, 0.1308, 0.1308, 0.1308, 0.3891, 0.3891, 0.3891, 0.3891, 0.3891, 0.3891, 0.3891, 0.3891, 0.3891, 0.3891, 0.1946, 0.1946, 0.1946, 0.1946, 0.1946, 0.1946, 0.1946, 0.1946, 0.1946, 0.1946, 0.084, 0.084, 0.084, 0.084, 0.084, 0.084, 0.084, 0.084, 0.084, 0.084, 0.1453, 0.1453, 0.1453, 0.1453, 0.1453, 0.1453, 0.1453, 0.1453, 0.1453, 0.1453, 0.1866, 0.1866, 0.1866, 0.1866, 0.1866, 0.1866, 0.1866, 0.1866, 0.1866, 0.1866, 0.1413, 0.1413, 0.1413, 0.1413, 0.1413, 0.1413, 0.1413, 0.1413, 0.1413, 0.1413, 0.0848, 0.0848, 0.0848, 0.0848, 0.0848, 0.0848, 0.0848, 0.0848, 0.0848, 0.0848, 0.1595, 0.1595, 0.1595, 0.1595, 0.1595, 0.1595, 0.1595, 0.1595, 0.1595, 0.1595, 0.0529, 0.0529, 0.0529, 0.0529, 0.0529, 0.0529, 0.0529, 0.0529, 0.0529, 0.0529, 0.0485, 0.0485, 0.0485, 0.0485, 0.0485, 0.0485, 0.0485, 0.0485, 0.0485, 0.0485, 0.0051, 0.0051, 0.0051, 0.0051, 0.0051, 0.0051, 0.0051, 0.0051, 0.0051, 0.0051, 0.0884, 0.0884, 0.0884, 0.0884, 0.0884, 0.0884, 0.0884, 0.0884, 0.0884, 0.0884, 0.2227, 0.2227, 0.2227, 0.2227, 0.2227, 0.2227, 0.2227, 0.2227, 0.2227, 0.2227, 0.0043, 0.0043, 0.0043, 0.0043, 0.0043, 0.0043, 0.0043, 0.0043, 0.4056, 0.4056, 0.4056, 0.4056, 0.4056, 0.4056, 0.4056, 0.4056, 0.4056, 0.4056, 0.1628, 0.1628, 0.1628, 0.1628, 0.1628, 0.1628, 0.1628, 0.1628, 0.1628, 0.1628, 0.2072, 0.2072, 0.2072, 0.2072, 0.2072, 0.2072, 0.2072, 0.2072, 0.2072, 0.2072, 0.0707, 0.0707, 0.0707, 0.0707, 0.0707, 0.0707, 0.0707, 0.0707, 0.0707, 0.0707, 0.0683, 0.0683, 0.0683, 0.0683, 0.0683, 0.0683, 0.0683, 0.0683, 0.0683, 0.0683, 0.1796, 0.1796, 0.1796, 0.1796, 0.1796, 0.1796, 0.1796, 0.1796, 0.1796, 0.1796, 0.153, 0.153, 0.153, 0.153, 0.153, 0.153, 0.153, 0.153, 0.153, 0.153, 0.1059, 0.1059, 0.1059, 0.1059, 0.1059, 0.1059, 0.1059, 0.1059, 0.1059, 0.1059, 0.2489, 0.2489, 0.2489, 0.2489, 0.2489, 0.2489, 0.2489, 0.2489, 0.2489, 0.2489, 0.1612, 0.1612, 0.1612, 0.1612, 0.1612, 0.1612, 0.1612, 0.1612, 0.1612, 0.1612, 0.0561, 0.0561, 0.0561, 0.0561, 0.0561, 0.0561, 0.0561, 0.0561, 0.0561, 0.0561, 0.0062, 0.0062, 0.0062, 0.0062, 0.0062, 0.0062, 0.0062, 0.0062, 0.0062, 0.0062, 0.0835, 0.0835, 0.0835, 0.0835, 0.0835, 0.0835, 0.0835, 0.0835, 0.0835, 0.0835, 0.004, 0.004, 0.004, 0.004, 0.004, 0.004, 0.004, 0.004, 0.004, 0.004, 0.071, 0.071, 0.071, 0.071, 0.071, 0.071, 0.071, 0.071, 0.071, 0.071, 0.1026, 0.1026, 0.1026, 0.1026, 0.1026, 0.1026, 0.1026, 0.1026, 0.1026, 0.1026, 0.0035, 0.0035, 0.0035, 0.0035, 0.0035, 0.0035, 0.0035, 0.0035, 0.0035, 0.0035, 0.084, 0.084, 0.084, 0.084, 0.084, 0.084, 0.084, 0.084, 0.084, 0.084, 0.1672, 0.1672, 0.1672, 0.1672, 0.1672, 0.1672, 0.1672, 0.1672, 0.1672, 0.1672, 0.082, 0.082, 0.082, 0.082, 0.082, 0.082, 0.082, 0.082, 0.082, 0.082, 0.0157, 0.0157, 0.0157, 0.0157, 0.0157, 0.0157, 0.0157, 0.0157, 0.0157, 0.0157, 0.0807, 0.0807, 0.0807, 0.0807, 0.0807, 0.0807, 0.0807, 0.0807, 0.0807, 0.0807, 0.0655, 0.0655, 0.0655, 0.0655, 0.0655, 0.0655, 0.0655, 0.0655, 0.0655, 0.0655, 0.1037, 0.1037, 0.1037, 0.1037, 0.1037, 0.1037, 0.1037, 0.1037, 0.1037, 0.1037, 0.1117, 0.1117, 0.1117, 0.1117, 0.1117, 0.1117, 0.1117, 0.1117, 0.1117, 0.1117, 0.0037, 0.0037, 0.0037, 0.0037, 0.0037, 0.0037, 0.0037, 0.0037, 0.0037, 0.0037, 0.2762, 0.2762, 0.2762, 0.2762, 0.2762, 0.2762, 0.2762, 0.2762, 0.2762, 0.2762, 0.0863, 0.0863, 0.0863, 0.0863, 0.0863, 0.0863, 0.0863, 0.0863, 0.0863, 0.0863, 0.1363, 0.1363, 0.1363, 0.1363, 0.1363, 0.1363, 0.1363, 0.1363, 0.1363, 0.1363, 0.0044, 0.0044, 0.0044, 0.0044, 0.0044, 0.0044, 0.0044, 0.0044, 0.0044, 0.0044, 0.2479, 0.2479, 0.2479, 0.2479, 0.2479, 0.2479, 0.2479, 0.2479, 0.2479, 0.2479, 0.2258, 0.2258, 0.2258, 0.2258, 0.2258, 0.2258, 0.2258, 0.2258, 0.2258, 0.2258, 0.0802, 0.0802, 0.0802, 0.0802, 0.0802, 0.0802, 0.0802, 0.0802, 0.0802, 0.0802, 0.0853, 0.0853, 0.0853, 0.0853, 0.0853, 0.0853, 0.0853, 0.0853, 0.0853, 0.0853, 0.2737, 0.2737, 0.2737, 0.2737, 0.2737, 0.2737, 0.2737, 0.2737, 0.2737, 0.2737, 0.1973, 0.1973, 0.1973, 0.1973, 0.1973, 0.1973, 0.1973, 0.1973, 0.1973, 0.1973, 0.2551, 0.2551, 0.2551, 0.2551, 0.2551, 0.2551, 0.2551, 0.2551, 0.2551, 0.2551, 0.1975, 0.1975, 0.1975, 0.1975, 0.1975, 0.1975, 0.1975, 0.1975, 0.1975, 0.1975, 0.2003, 0.2003, 0.2003, 0.2003, 0.2003, 0.2003, 0.2003, 0.2003, 0.2003, 0.2003, 0.3479, 0.3479, 0.3479, 0.3479, 0.3479, 0.3479, 0.3479, 0.3479, 0.3479, 0.3479, 0.3712, 0.3712, 0.3712, 0.3712, 0.3712, 0.3712, 0.3712, 0.3712, 0.3712, 0.3712, 0.3499, 0.3499, 0.3499, 0.3499, 0.3499, 0.3499, 0.3499, 0.3499, 0.3499, 0.3499, 0.1742, 0.1742, 0.1742, 0.1742, 0.1742, 0.1742, 0.1742, 0.1742, 0.1742, 0.1742, 0.0098, 0.0098, 0.0098, 0.0098, 0.0098, 0.0098, 0.0098, 0.0098, 0.0098, 0.0098, 0.0901, 0.0901, 0.0901, 0.0901, 0.0901, 0.0901, 0.0901, 0.0901, 0.0901, 0.0901, 0.1832, 0.1832, 0.1832, 0.1832, 0.1832, 0.1832, 0.1832, 0.1832, 0.1832, 0.1832, 0.1401, 0.1401, 0.1401, 0.1401, 0.1401, 0.1401, 0.1401, 0.1401, 0.1401, 0.1401, 0.2403, 0.2403, 0.2403, 0.2403, 0.2403, 0.2403, 0.2403, 0.2403, 0.2403, 0.2403, 0.1632, 0.1632, 0.1632, 0.1632, 0.1632, 0.1632, 0.1632, 0.1632, 0.1632, 0.1632, 0.0057, 0.0057, 0.0057, 0.0057, 0.0057, 0.0057, 0.0057, 0.0057, 0.0057, 0.0057, 0.103, 0.103, 0.103, 0.103, 0.103, 0.103, 0.103, 0.103, 0.103, 0.103, 0.0768, 0.0768, 0.0768, 0.0768, 0.0768, 0.0768, 0.0768, 0.0768, 0.0768, 0.0768, 0.0838, 0.0838, 0.0838, 0.0838, 0.0838, 0.0838, 0.0838, 0.0838, 0.0838, 0.0838, 0.0833, 0.0833, 0.0833, 0.0833, 0.0833, 0.0833, 0.0833, 0.0833, 0.0833, 0.0833, 0.0813, 0.0813, 0.0813, 0.0813, 0.0813, 0.0813, 0.0813, 0.0813, 0.0813, 0.0813, 0.1475, 0.1475, 0.1475, 0.1475, 0.1475, 0.1475, 0.1475, 0.1475, 0.1475, 0.1475, 0.1044, 0.1044, 0.1044, 0.1044, 0.1044, 0.1044, 0.1044, 0.1044, 0.1044, 0.1044, 0.3333, 0.3333, 0.3333, 0.3333, 0.3333, 0.3333, 0.3333, 0.3333, 0.3333, 0.3333, 0.0038, 0.0038, 0.0038, 0.0038, 0.0038, 0.0038, 0.0038, 0.0038, 0.0038, 0.0038, 0.1348, 0.1348, 0.1348, 0.1348, 0.1348, 0.1348, 0.1348, 0.1348, 0.1348, 0.1348, 0.0041, 0.0041, 0.0041, 0.0041, 0.0041, 0.0041, 0.0041, 0.0041, 0.0041, 0.0041, 0.1619, 0.1619, 0.1619, 0.1619, 0.1619, 0.1619, 0.1619, 0.1619, 0.1619, 0.1619, 0.0042, 0.0042, 0.0042, 0.0042, 0.0042, 0.0042, 0.0042, 0.0042, 0.0042, 0.0042, 0.1237, 0.1237, 0.1237, 0.1237, 0.1237, 0.1237, 0.1237, 0.1237, 0.1237, 0.1237, 0.1063, 0.1063, 0.1063, 0.1063, 0.1063, 0.1063, 0.1063, 0.1063, 0.1063, 0.1063, 0.0034, 0.0034, 0.0034, 0.0034, 0.0034, 0.0034, 0.0034, 0.0034, 0.0034, 0.0034, 0.3605, 0.3605, 0.3605, 0.3605, 0.3605, 0.3605, 0.3605, 0.3605, 0.3605, 0.3605, 0.1033, 0.1033, 0.1033, 0.1033, 0.1033, 0.1033, 0.1033, 0.1033, 0.1033, 0.1033, 0.287, 0.287, 0.287, 0.287, 0.287, 0.287, 0.287, 0.287, 0.287, 0.287, 0.0281, 0.0281, 0.0281, 0.0281, 0.0281, 0.0281, 0.0281, 0.0281, 0.0281, 0.0281, 0.0284, 0.0284, 0.0284, 0.0284, 0.0284, 0.0284, 0.0284, 0.0284, 0.0284, 0.0284, 0.1814, 0.1814, 0.1814, 0.1814, 0.1814, 0.1814, 0.1814, 0.1814, 0.1814, 0.1814, 0.0049, 0.0049, 0.0049, 0.0049, 0.0049, 0.0049, 0.0049, 0.0049, 0.0049, 0.0049, 0.097, 0.097, 0.097, 0.097, 0.097, 0.097, 0.097, 0.097, 0.097, 0.097, 0.0915, 0.0915, 0.0915, 0.0915, 0.0915, 0.0915, 0.0915, 0.0915, 0.0915, 0.0915, 0.0547, 0.0547, 0.0547, 0.0547, 0.0547, 0.0547, 0.0547, 0.0547, 0.0547, 0.0547, 0.0032, 0.0032, 0.0032, 0.0032, 0.0032, 0.0032, 0.0032, 0.0032, 0.0032, 0.0032, 0.0026, 0.0026, 0.0026, 0.0026, 0.0026, 0.0026, 0.2951, 0.2951, 0.2951, 0.2951, 0.2951, 0.2951, 0.2951, 0.2951, 0.2951, 0.2951, 0.1414, 0.1414, 0.1414, 0.1414, 0.1414, 0.1414, 0.1414, 0.1414, 0.1414, 0.1414, 0.1171, 0.1171, 0.1171, 0.1171, 0.1171, 0.1171, 0.1171, 0.1171, 0.1171, 0.1171, 0.169, 0.169, 0.169, 0.169, 0.169, 0.169, 0.169, 0.169, 0.169, 0.169, 0.0862, 0.0862, 0.0862, 0.0862, 0.0862, 0.0862, 0.0862, 0.0862, 0.0862, 0.0862, 0.1086, 0.1086, 0.1086, 0.1086, 0.1086, 0.1086, 0.1086, 0.1086, 0.1086, 0.1086, 0.0645, 0.0645, 0.0645, 0.0645, 0.0645, 0.0645, 0.0645, 0.0645, 0.0645, 0.0645, 0.1644, 0.1644, 0.1644, 0.1644, 0.1644, 0.1644, 0.1644, 0.1644, 0.1644, 0.1644, 0.1256, 0.1256, 0.1256, 0.1256, 0.1256, 0.1256, 0.1256, 0.1256, 0.1256, 0.1256, 0.0048, 0.0048, 0.0048, 0.0048, 0.0048, 0.0048, 0.0048, 0.0048, 0.0048, 0.0048, 0.103, 0.103, 0.103, 0.103, 0.103, 0.103, 0.103, 0.103, 0.103, 0.103, 0.1102, 0.1102, 0.1102, 0.1102, 0.1102, 0.1102, 0.1102, 0.1102, 0.1102, 0.1102, 0.0184, 0.0184, 0.0184, 0.0184, 0.0184, 0.0184, 0.0184, 0.0184, 0.0184, 0.0184, 0.1045, 0.1045, 0.1045, 0.1045, 0.1045, 0.1045, 0.1045, 0.1045, 0.1045, 0.1045, 0.0856, 0.0856, 0.0856, 0.0856, 0.0856, 0.0856, 0.0856, 0.0856, 0.0856, 0.0856, 0.179, 0.179, 0.179, 0.179, 0.179, 0.179, 0.179, 0.179, 0.179, 0.179, 0.0031, 0.0031, 0.0031, 0.0031, 0.0031, 0.0031, 0.0031, 0.0031, 0.0031, 0.0031, 0.0759, 0.0759, 0.0759, 0.0759, 0.0759, 0.0759, 0.0759, 0.0759, 0.0759, 0.0759, 0.0456, 0.0456, 0.0456, 0.0456, 0.0456, 0.0456, 0.0456, 0.0456, 0.0456, 0.0456, 0.1056, 0.1056, 0.1056, 0.1056, 0.1056, 0.1056, 0.1056, 0.1056, 0.1056, 0.1056, 0.146, 0.146, 0.146, 0.146, 0.146, 0.146, 0.146, 0.146, 0.146, 0.146, 0.3649, 0.3649, 0.3649, 0.3649, 0.3649, 0.3649, 0.3649, 0.3649, 0.3649, 0.3649, 0.0031, 0.0031, 0.0031, 0.0031, 0.0031, 0.0031, 0.0031, 0.0031, 0.0031, 0.0031, 0.0747, 0.0747, 0.0747, 0.0747, 0.0747, 0.0747, 0.0747, 0.0747, 0.0747, 0.0747, 0.0658, 0.0658, 0.0658, 0.0658, 0.0658, 0.0658, 0.0658, 0.0658, 0.0658, 0.0658, 0.0957, 0.0957, 0.0957, 0.0957, 0.0957, 0.0957, 0.0957, 0.0957, 0.0957, 0.0957, 0.0033, 0.0033, 0.0033, 0.0033, 0.0033, 0.0033, 0.0033, 0.0033, 0.0033, 0.0033, 0.1013, 0.1013, 0.1013, 0.1013, 0.1013, 0.1013, 0.1013, 0.1013, 0.1013, 0.1013, 0.1138, 0.1138, 0.1138, 0.1138, 0.1138, 0.1138, 0.1138, 0.1138, 0.1138, 0.1138, 0.0782, 0.0782, 0.0782, 0.0782, 0.0782, 0.0782, 0.0782, 0.0782, 0.0782, 0.0782, 0.1012, 0.1012, 0.1012, 0.1012, 0.1012, 0.1012, 0.1012, 0.1012, 0.1012, 0.1012, 0.1035, 0.1035, 0.1035, 0.1035, 0.1035, 0.1035, 0.1035, 0.1035, 0.1035, 0.1035, 0.2136, 0.2136, 0.2136, 0.2136, 0.2136, 0.2136, 0.2136, 0.2136, 0.2136, 0.2136, 0.164, 0.164, 0.164, 0.164, 0.164, 0.164, 0.164, 0.164, 0.164, 0.164, 0.1016, 0.1016, 0.1016, 0.1016, 0.1016, 0.1016, 0.1016, 0.1016, 0.1016, 0.1016, 0.1636, 0.1636, 0.1636, 0.1636, 0.1636, 0.1636, 0.1636, 0.1636, 0.1636, 0.1636, 0.1484, 0.1484, 0.1484, 0.1484, 0.1484, 0.1484, 0.1484, 0.1484, 0.1484, 0.1484, 0.093, 0.093, 0.093, 0.093, 0.093, 0.093, 0.093, 0.093, 0.093, 0.093, 0.1742, 0.1742, 0.1742, 0.1742, 0.1742, 0.1742, 0.1742, 0.1742, 0.1742, 0.1742, 0.2522, 0.2522, 0.2522, 0.2522, 0.2522, 0.2522, 0.2522, 0.2522, 0.2522, 0.2522, 0.0034, 0.0034, 0.0034, 0.0034, 0.0034, 0.0034, 0.0034, 0.0034, 0.0034, 0.0034, 0.0922, 0.0922, 0.0922, 0.0922, 0.0922, 0.0922, 0.0922, 0.0922, 0.0922, 0.0922, 0.1762, 0.1762, 0.1762, 0.1762, 0.1762, 0.1762, 0.1762, 0.1762, 0.1762, 0.1762, 0.0208, 0.0208, 0.0208, 0.0208, 0.0208, 0.0208, 0.0208, 0.0208, 0.0208, 0.0208, 0.076, 0.076, 0.076, 0.076, 0.076, 0.076, 0.076, 0.076, 0.076, 0.076, 0.0701, 0.0701, 0.0701, 0.0701, 0.0701, 0.0701, 0.0701, 0.0701, 0.0701, 0.0701, 0.1214, 0.1214, 0.1214, 0.1214, 0.1214, 0.1214, 0.1214, 0.1214, 0.1214, 0.1214, 0.0433, 0.0433, 0.0433, 0.0433, 0.0433, 0.0433, 0.0433, 0.0433, 0.0433, 0.0433, 0.1029, 0.1029, 0.1029, 0.1029, 0.1029, 0.1029, 0.1029, 0.1029, 0.1029, 0.1029, 0.0491, 0.0491, 0.0491, 0.0491, 0.0491, 0.0491, 0.0491, 0.0491, 0.0491, 0.0491, 0.0681, 0.0681, 0.0681, 0.0681, 0.0681, 0.0681, 0.0681, 0.0681, 0.0681, 0.0681, 0.1559, 0.1559, 0.1559, 0.1559, 0.1559, 0.1559, 0.1559, 0.1559, 0.1559, 0.1559, 0.0036, 0.0036, 0.0036, 0.0036, 0.0036, 0.0036, 0.0036, 0.0036, 0.0036, 0.0036, 0.0021, 0.0021, 0.0021, 0.0021, 0.0021, 0.0021, 0.0021, 0.0021, 0.0021, 0.0021, 0.1013, 0.1013, 0.1013, 0.1013, 0.1013, 0.1013, 0.1013, 0.1013, 0.1013, 0.1013, 0.0022, 0.0022, 0.0022, 0.0022, 0.0022, 0.0022, 0.0022, 0.0022, 0.0022, 0.0022, 0.0861, 0.0861, 0.0861, 0.0861, 0.0861, 0.0861, 0.0861, 0.0861, 0.0861, 0.0861, 0.1245, 0.1245, 0.1245, 0.1245, 0.1245, 0.1245, 0.1245, 0.1245, 0.1245, 0.1245, 0.0765, 0.0765, 0.0765, 0.0765, 0.0765, 0.0765, 0.0765, 0.0765, 0.0765, 0.0765, 0.0997, 0.0997, 0.0997, 0.0997, 0.0997, 0.0997, 0.0997, 0.0997, 0.0997, 0.0997, 0.3035, 0.3035, 0.3035, 0.3035, 0.3035, 0.3035, 0.3035, 0.3035, 0.3035, 0.3035, 0.0117, 0.0117, 0.0117, 0.0117, 0.0117, 0.0117, 0.0117, 0.0117, 0.0117, 0.0117, 0.0201, 0.0201, 0.0201, 0.0201, 0.0201, 0.0201, 0.0201, 0.0201, 0.0201, 0.0201, 0.0762, 0.0762, 0.0762, 0.0762, 0.0762, 0.0762, 0.0762, 0.0762, 0.0762, 0.0762, 0.1537, 0.1537, 0.1537, 0.1537, 0.1537, 0.1537, 0.1537, 0.1537, 0.1537, 0.1537, 0.0949, 0.0949, 0.0949, 0.0949, 0.0949, 0.0949, 0.0949, 0.0949, 0.0949, 0.0949, 0.0759, 0.0759, 0.0759, 0.0759, 0.0759, 0.0759, 0.0759, 0.0759, 0.0759, 0.0759, 0.2291, 0.2291, 0.2291, 0.2291, 0.2291, 0.2291, 0.2291, 0.2291, 0.2291, 0.2291, 0.0035, 0.0035, 0.0035, 0.0035, 0.0035, 0.0035, 0.0035, 0.0035, 0.0035, 0.0035, 0.1014, 0.1014, 0.1014, 0.1014, 0.1014, 0.1014, 0.1014, 0.1014, 0.1014, 0.1014, 0.0074, 0.0074, 0.0074, 0.0074, 0.0074, 0.0074, 0.0074, 0.0074, 0.0074, 0.0074, 0.0561, 0.0561, 0.0561, 0.0561, 0.0561, 0.0561, 0.0561, 0.0561, 0.0561, 0.0561, 0.0026, 0.0026, 0.0026, 0.0026, 0.0026, 0.0026, 0.0026, 0.0026, 0.0026, 0.0026, 0.0937, 0.0937, 0.0937, 0.0937, 0.0937, 0.0937, 0.0937, 0.0937, 0.0937, 0.0937, 0.0829, 0.0829, 0.0829, 0.0829, 0.0829, 0.0829, 0.0829, 0.0829, 0.0829, 0.0829, 0.0753, 0.0753, 0.0753, 0.0753, 0.0753, 0.0753, 0.0753, 0.0753, 0.0753, 0.0753, 0.0965, 0.0965, 0.0965, 0.0965, 0.0965, 0.0965, 0.0965, 0.0965, 0.0965, 0.0965, 0.2147, 0.2147, 0.2147, 0.2147, 0.0493, 0.0493, 0.0493, 0.0493, 0.0493, 0.0493, 0.0493, 0.0493, 0.0493, 0.0493, 0.1486, 0.1486, 0.1486, 0.1486, 0.1486, 0.1486, 0.1486, 0.1486, 0.1486, 0.1486, 0.0033, 0.0033, 0.0033, 0.0033, 0.0033, 0.0033, 0.0033, 0.0033, 0.0033, 0.0033, 0.0552, 0.0552, 0.0552, 0.0552, 0.0552, 0.0552, 0.0552, 0.0552, 0.0552, 0.0552, 0.0025, 0.0025, 0.0025, 0.0025, 0.0025, 0.0025, 0.0025, 0.0025, 0.0025, 0.0025, 0.1584, 0.1584, 0.1584, 0.1584, 0.1584, 0.1584, 0.1584, 0.1584, 0.1584, 0.1584, 0.0968, 0.0968, 0.0968, 0.0968, 0.0968, 0.0968, 0.0968, 0.0968, 0.0968, 0.0968, 0.1339, 0.1339, 0.1339, 0.1339, 0.1339, 0.1339, 0.1339, 0.1339, 0.1339, 0.1339, 0.0683, 0.0683, 0.0683, 0.0683, 0.0683, 0.0683, 0.0683, 0.0683, 0.0683, 0.0683, 0.0074, 0.0074, 0.0074, 0.0074, 0.0074, 0.0074, 0.0074, 0.0074, 0.0074, 0.0074, 0.2621, 0.2621, 0.2621, 0.2621, 0.2621, 0.2621, 0.2621, 0.2621, 0.2621, 0.2621, 0.1263, 0.1263, 0.1263, 0.1263, 0.1263, 0.1263, 0.1263, 0.1263, 0.1263, 0.1263, 0.2754, 0.2754, 0.2754, 0.2754, 0.2754, 0.2754, 0.2754, 0.2754, 0.2754, 0.2754, 0.137, 0.137, 0.137, 0.137, 0.137, 0.137, 0.137, 0.137, 0.137, 0.137, 0.1365, 0.1365, 0.1365, 0.1365, 0.1365, 0.1365, 0.1365, 0.1365, 0.1365, 0.1365, 0.1334, 0.1334, 0.1334, 0.1334, 0.1334, 0.1334, 0.1334, 0.1334, 0.1334, 0.1334, 0.1871, 0.1871, 0.1871, 0.1871, 0.1871, 0.1871, 0.1871, 0.1871, 0.1871, 0.1871, 0.1016, 0.1016, 0.1016, 0.1016, 0.1016, 0.1016, 0.1016, 0.1016, 0.1016, 0.1016, 0.0122, 0.0122, 0.0122, 0.0122, 0.0122, 0.0122, 0.0122, 0.0122, 0.0122, 0.0122, 0.0029, 0.0029, 0.0029, 0.0029, 0.0029, 0.0029, 0.0029, 0.0029, 0.0029, 0.0029, 0.0727, 0.0727, 0.0727, 0.0727, 0.0727, 0.0727, 0.0727, 0.0727, 0.0727, 0.0727, 0.1013, 0.1013, 0.1013, 0.1013, 0.1013, 0.1013, 0.1013, 0.1013, 0.1013, 0.1013, 0.0039, 0.0039, 0.0039, 0.0039, 0.0039, 0.0039, 0.0039, 0.0039, 0.0039, 0.0039, 0.0023, 0.0023, 0.0023, 0.0023, 0.0023, 0.0023, 0.0023, 0.0023, 0.0023, 0.0023, 0.0027, 0.0027, 0.0027, 0.0027, 0.0027, 0.0027, 0.0027, 0.0027, 0.0027, 0.0027, 0.1667, 0.1667, 0.1667, 0.1667, 0.1667, 0.1667, 0.1667, 0.1667, 0.1667, 0.1667, 0.0388, 0.0388, 0.0388, 0.0388, 0.0388, 0.0388, 0.0388, 0.0388, 0.0388, 0.0388, 0.0828, 0.0828, 0.0828, 0.0828, 0.0828, 0.0828, 0.0828, 0.0828, 0.0828, 0.0828, 0.0022, 0.0022, 0.0022, 0.0022, 0.0022, 0.0022, 0.0022, 0.0022, 0.0022, 0.0022, 0.0757, 0.0757, 0.0757, 0.0757, 0.0757, 0.0757, 0.0757, 0.0757, 0.0757, 0.0757, 0.0024, 0.0024, 0.0024, 0.0024, 0.0024, 0.0024, 0.0024, 0.0024, 0.0024, 0.0024, 0.1754, 0.1754, 0.1754, 0.1754, 0.1754, 0.1754, 0.1754, 0.1754, 0.1754, 0.1754, 0.079, 0.079, 0.079, 0.079, 0.079, 0.079, 0.079, 0.079, 0.079, 0.079, 0.078, 0.078, 0.078, 0.078, 0.078, 0.078, 0.078, 0.078, 0.078, 0.078, 0.0984, 0.0984, 0.0984, 0.0984, 0.0984, 0.0984, 0.0984, 0.0984, 0.0984, 0.0984, 0.0715, 0.0715, 0.0715, 0.0715, 0.0715, 0.0715, 0.0715, 0.0715, 0.0715, 0.0715, 0.2829, 0.2829, 0.2829, 0.2829, 0.2829, 0.2829, 0.2829, 0.2829, 0.2829, 0.2829, 0.0023, 0.0023, 0.0023, 0.0023, 0.0023, 0.0023, 0.0023, 0.0023, 0.0023, 0.0023, 0.0016, 0.0016, 0.0016, 0.0016, 0.0016, 0.0016, 0.0016, 0.0016, 0.0016, 0.0016, 0.0077, 0.0077, 0.0077, 0.0077, 0.0077, 0.0077, 0.0077, 0.0077, 0.0077, 0.0077, 0.0463, 0.0463, 0.0463, 0.0463, 0.0463, 0.0463, 0.0463, 0.0463, 0.0463, 0.0463, 0.0109, 0.0109, 0.0109, 0.0109, 0.0109, 0.0109, 0.0109, 0.0109, 0.0109, 0.0109, 0.002, 0.002, 0.002, 0.002, 0.002, 0.002, 0.002, 0.002, 0.002, 0.002, 0.0393, 0.0393, 0.0393, 0.0393, 0.0393, 0.0393, 0.0393, 0.0393, 0.0393, 0.0393, 0.1465, 0.1465, 0.1465, 0.1465, 0.1465, 0.1465, 0.1465, 0.1465, 0.1465, 0.1465, 0.0046, 0.0046, 0.0046, 0.0046, 0.0046, 0.0046, 0.0046, 0.0046, 0.0046, 0.0046, 0.0056, 0.0056, 0.0056, 0.0056, 0.0056, 0.0056, 0.0056, 0.0056, 0.0056, 0.0056, 0.0016, 0.0016, 0.0016, 0.0016, 0.0016, 0.0016, 0.0016, 0.0016, 0.0016, 0.0016, 0.0016, 0.0016, 0.0016, 0.0016, 0.0016, 0.0016, 0.0016, 0.0016, 0.0016, 0.0016, 0.0205, 0.0205, 0.0205, 0.0205, 0.0205, 0.0205, 0.0205, 0.0205, 0.0205, 0.0205, 0.0019, 0.0019, 0.0019, 0.0019, 0.0019, 0.0019, 0.0019, 0.0019, 0.0019, 0.0019, 0.1843, 0.1843, 0.1843, 0.1843, 0.1843, 0.1843, 0.1843, 0.1843, 0.1843, 0.1843, 0.0828, 0.0828, 0.0828, 0.0828, 0.0828, 0.0828, 0.0828, 0.0828, 0.0828, 0.0828, 0.0018, 0.0018, 0.0018, 0.0018, 0.0018, 0.0018, 0.0018, 0.0018, 0.0018, 0.0018, 0.0189, 0.0189, 0.0189, 0.0189, 0.0189, 0.0189, 0.0189, 0.0189, 0.0189, 0.0189, 0.0027, 0.0027, 0.0027, 0.0027, 0.0027, 0.0027, 0.0027, 0.0027, 0.0027, 0.0027, 0.0801, 0.0801, 0.0801, 0.0801, 0.0801, 0.0801, 0.0801, 0.0801, 0.0801, 0.0801, 0.0884, 0.0884, 0.0884, 0.0884, 0.0884, 0.0884, 0.0884, 0.0884, 0.0884, 0.0884, 0.0018, 0.0018, 0.0018, 0.0018, 0.0018, 0.0018, 0.0018, 0.0018, 0.0018, 0.0018, 0.0018, 0.0018, 0.0018, 0.0018, 0.0018, 0.0018, 0.0018, 0.0018, 0.0018, 0.0018, 0.1618, 0.1618, 0.1618, 0.1618, 0.1618, 0.1618, 0.1618, 0.1618, 0.1618, 0.1618, 0.0701, 0.0701, 0.0701, 0.0701, 0.0701, 0.0701, 0.0701, 0.0701, 0.0701, 0.0701, 0.1175, 0.1175, 0.1175, 0.1175, 0.1175, 0.1175, 0.1175, 0.1175, 0.1175, 0.1175, 0.0782, 0.0782, 0.0782, 0.0782, 0.0782, 0.0782, 0.0782, 0.0782, 0.0782, 0.0782, 0.0801, 0.0801, 0.0801, 0.0801, 0.0801, 0.0801, 0.0801, 0.0801, 0.0801, 0.0801, 0.0675, 0.0675, 0.0675, 0.0675, 0.0675, 0.0675, 0.0675, 0.0675, 0.0675, 0.0675, 0.002, 0.002, 0.002, 0.002, 0.002, 0.002, 0.002, 0.002, 0.002, 0.002, 0.1031, 0.1031, 0.1031, 0.1031, 0.1031, 0.1031, 0.1031, 0.1031, 0.1031, 0.1031, 0.0308, 0.0308, 0.0308, 0.0308, 0.0308, 0.0308, 0.0308, 0.0308, 0.0308, 0.0308, 0.1349, 0.1349, 0.1349, 0.1349, 0.1349, 0.1349, 0.1349, 0.1349, 0.1349, 0.1349, 0.1172, 0.1172, 0.1172, 0.1172, 0.1172, 0.1172, 0.1172, 0.1172, 0.1172, 0.1172, 0.2646, 0.2646, 0.2646, 0.2646, 0.2646, 0.2646, 0.2646, 0.2646, 0.2646, 0.2646, 0.2369, 0.2369, 0.2369, 0.2369, 0.2369, 0.2369, 0.2369, 0.2369, 0.2369, 0.2369, 0.162, 0.162, 0.162, 0.162, 0.162, 0.162, 0.162, 0.162, 0.162, 0.162, 0.0019, 0.0019, 0.0019, 0.0019, 0.0019, 0.0019, 0.0019, 0.0019, 0.0019, 0.0019, 0.1538, 0.1538, 0.1538, 0.1538, 0.1538, 0.1538, 0.1538, 0.1538, 0.1538, 0.1538, 0.0022, 0.0022, 0.0022, 0.0022, 0.0022, 0.0022, 0.0022, 0.0022, 0.0022, 0.0022, 0.3578, 0.3578, 0.0043, 0.0043, 0.0043, 0.0043, 0.0043, 0.0043, 0.0043, 0.0043, 0.0043, 0.0043, 0.0047, 0.0047, 0.0047, 0.0047, 0.0047, 0.0047, 0.0047, 0.0047, 0.0047, 0.0047, 0.0835, 0.0835, 0.0835, 0.0835, 0.0835, 0.0835, 0.0835, 0.0835, 0.0835, 0.0835, 0.14, 0.14, 0.14, 0.14, 0.14, 0.14, 0.14, 0.14, 0.14, 0.14, 0.0852, 0.0852, 0.0852, 0.0852, 0.0852, 0.0852, 0.0852, 0.0852, 0.0852, 0.0852, 0.0606, 0.0606, 0.0606, 0.0606, 0.0606, 0.0606, 0.0606, 0.0606, 0.0606, 0.0606, 0.08, 0.08, 0.08, 0.08, 0.08, 0.08, 0.08, 0.08, 0.08, 0.08, 0.0021, 0.0021, 0.0021, 0.0021, 0.0021, 0.0021, 0.0021, 0.0021, 0.0021, 0.0021, 0.0776, 0.0776, 0.0776, 0.0776, 0.0776, 0.0776, 0.0776, 0.0776, 0.0776, 0.0776, 0.0842, 0.0842, 0.0842, 0.0842, 0.0842, 0.0842, 0.0842, 0.0842, 0.0842, 0.0842, 0.2484, 0.2484, 0.2484, 0.2484, 0.2484, 0.2484, 0.2484, 0.2484, 0.2484, 0.2484, 0.1185, 0.1185, 0.1185, 0.1185, 0.1185, 0.1185, 0.1185, 0.1185, 0.1185, 0.1185, 0.0783, 0.0783, 0.0783, 0.0783, 0.0783, 0.0783, 0.0783, 0.0783, 0.0783, 0.0783, 0.0031, 0.0031, 0.0031, 0.0031, 0.0031, 0.0031, 0.0031, 0.0031, 0.0031, 0.0031, 0.1118, 0.1118, 0.1118, 0.1118, 0.1118, 0.1118, 0.1118, 0.1118, 0.1118, 0.1118, 0.0017, 0.0017, 0.0017, 0.0017, 0.0017, 0.0017, 0.0017, 0.0017, 0.0017, 0.0017, 0.0016, 0.0016, 0.0016, 0.0016, 0.0016, 0.0016, 0.0016, 0.0016, 0.0016, 0.0016, 0.0565, 0.0565, 0.0565, 0.0565, 0.0565, 0.0565, 0.0565, 0.0565, 0.0565, 0.0565, 0.1715, 0.1715, 0.1715, 0.1715, 0.1715, 0.1715, 0.1715, 0.1715, 0.1715, 0.1715, 0.0013, 0.0013, 0.0013, 0.0013, 0.0013, 0.0013, 0.0013, 0.0013, 0.0013, 0.0013, 0.0015, 0.0015, 0.0015, 0.0015, 0.0015, 0.0015, 0.0015, 0.0015, 0.0015, 0.0015, 0.243, 0.243, 0.243, 0.243, 0.243, 0.243, 0.243, 0.243, 0.243, 0.243, 0.0839, 0.0839, 0.0839, 0.0839, 0.0839, 0.0839, 0.0839, 0.0839, 0.0839, 0.0839, 0.0029, 0.0029, 0.0029, 0.0029, 0.0029, 0.0029, 0.0029, 0.0029, 0.0029, 0.0029, 0.0732, 0.0732, 0.0732, 0.0732, 0.0732, 0.0732, 0.0732, 0.0732, 0.0732, 0.0732, 0.0962, 0.0962, 0.0962, 0.0962, 0.0962, 0.0962, 0.0962, 0.0962, 0.0962, 0.0962, 0.007, 0.007, 0.007, 0.007, 0.007, 0.007, 0.007, 0.007, 0.007, 0.007, 0.1386, 0.1386, 0.1386, 0.1386, 0.1386, 0.1386, 0.1386, 0.1386, 0.1386, 0.1386, 0.0874, 0.0874, 0.0874, 0.0874, 0.0874, 0.0874, 0.0874, 0.0874, 0.0874, 0.0874, 0.2675, 0.2675, 0.2675, 0.2675, 0.2675, 0.2675, 0.2675, 0.2675, 0.2675, 0.2675, 0.0017, 0.0017, 0.0017, 0.0017, 0.0017, 0.0017, 0.0017, 0.0017, 0.0017, 0.0017, 0.002, 0.002, 0.002, 0.002, 0.002, 0.002, 0.002, 0.002, 0.002, 0.002, 0.0016, 0.0016, 0.0016, 0.0016, 0.0016, 0.0016, 0.0016, 0.0016, 0.0016, 0.0016, 0.0236, 0.0236, 0.0236, 0.0236, 0.0236, 0.0236, 0.0236, 0.0236, 0.0236, 0.0236, 0.0768, 0.0768, 0.0768, 0.0768, 0.0768, 0.0768, 0.0768, 0.0768, 0.0768, 0.0768, 0.0563, 0.0563, 0.0563, 0.0563, 0.0563, 0.0563, 0.0563, 0.0563, 0.0563, 0.0563, 0.1076, 0.1076, 0.1076, 0.1076, 0.1076, 0.1076, 0.1076, 0.1076, 0.1076, 0.1076, 0.1051, 0.1051, 0.1051, 0.1051, 0.1051, 0.1051, 0.1051, 0.1051, 0.1051, 0.1051, 0.0014, 0.0014, 0.0014, 0.0014, 0.0014, 0.0014, 0.0014, 0.0014, 0.0014, 0.0014, 0.0017, 0.0017, 0.0017, 0.0017, 0.0017, 0.0017, 0.0017, 0.0017, 0.0017, 0.0017, 0.0512, 0.0512, 0.0512, 0.0512, 0.0512, 0.0512, 0.0512, 0.0512, 0.0512, 0.0512, 0.0013, 0.0013, 0.0013, 0.0013, 0.0013, 0.0013, 0.0013, 0.0013, 0.0013, 0.0013, 0.0016, 0.0016, 0.0016, 0.0016, 0.0016, 0.0016, 0.0016, 0.0016, 0.0016, 0.0016, 0.0014, 0.0014, 0.0014, 0.0014, 0.0014, 0.0014, 0.0014, 0.0014, 0.0014, 0.0014, 0.0013, 0.0013, 0.0013, 0.0013, 0.0013, 0.0013, 0.0013, 0.0013, 0.0013, 0.0013, 0.0855, 0.0855, 0.0855, 0.0855, 0.0855, 0.0855, 0.0855, 0.0855, 0.0855, 0.0855, 0.029, 0.029, 0.029, 0.029, 0.029, 0.029, 0.029, 0.029, 0.029, 0.029, 0.0612, 0.0612, 0.0612, 0.0612, 0.0612, 0.0612, 0.0612, 0.0612, 0.0612, 0.0612, 0.001, 0.001, 0.001, 0.001, 0.001, 0.001, 0.001, 0.001, 0.001, 0.001, 0.099, 0.099, 0.099, 0.099, 0.099, 0.099, 0.099, 0.099, 0.099, 0.099, 0.0827, 0.0827, 0.0827, 0.0827, 0.0827, 0.0827, 0.0827, 0.0827, 0.0827, 0.0827, 0.0917, 0.0917, 0.0917, 0.0917, 0.0917, 0.0917, 0.0917, 0.0917, 0.0917, 0.0917, 0.1951, 0.1951, 0.1951, 0.1951, 0.1951, 0.1951, 0.1951, 0.1951, 0.1951, 0.1951, 0.0013, 0.0013, 0.0013, 0.0013, 0.0013, 0.0013, 0.0013, 0.0013, 0.0013, 0.0013, 0.0799, 0.0799, 0.0799, 0.0799, 0.0799, 0.0799, 0.0799, 0.0799, 0.0799, 0.0799, 0.0857, 0.0857, 0.0857, 0.0857, 0.0857, 0.0857, 0.0857, 0.0857, 0.0857, 0.0857, 0.0015, 0.0015, 0.0015, 0.0015, 0.0015, 0.0015, 0.0015, 0.0015, 0.0015, 0.0015, 0.1676, 0.1676, 0.1676, 0.1676, 0.1676, 0.1676, 0.1676, 0.1676, 0.1676, 0.1676, 0.0948, 0.0948, 0.0948, 0.0948, 0.0948, 0.0948, 0.0948, 0.0948, 0.0948, 0.0948, 0.0015, 0.0015, 0.0015, 0.0015, 0.0015, 0.0015, 0.0015, 0.0015, 0.0015, 0.0015, 0.0757, 0.0757, 0.0757, 0.0757, 0.0757, 0.0757, 0.0757, 0.0757, 0.0757, 0.0757, 0.003, 0.003, 0.003, 0.003, 0.003, 0.003, 0.003, 0.003, 0.003, 0.003, 0.0119, 0.0119, 0.0119, 0.0119, 0.0119, 0.0119, 0.0119, 0.0119, 0.0119, 0.0119, 0.0013, 0.0013, 0.0013, 0.0013, 0.0013, 0.0013, 0.0013, 0.0013, 0.0013, 0.0013, 0.096, 0.096, 0.096, 0.096, 0.096, 0.096, 0.096, 0.096, 0.096, 0.096, 0.0772, 0.0772, 0.0772, 0.0772, 0.0772, 0.0772, 0.0772, 0.0772, 0.0772, 0.0772, 0.0756, 0.0756, 0.0756, 0.0756, 0.0756, 0.0756, 0.0756, 0.0756, 0.0756, 0.0756, 0.0018, 0.0018, 0.0018, 0.0018, 0.0018, 0.0018, 0.0018, 0.0018, 0.0018, 0.0018, 0.1931, 0.1931, 0.1931, 0.1931, 0.1931, 0.1931, 0.1931, 0.1931, 0.1931, 0.1931, 0.084, 0.084, 0.084, 0.084, 0.084, 0.084, 0.084, 0.084, 0.084, 0.084, 0.0015, 0.0015, 0.0015, 0.0015, 0.0015, 0.0015, 0.0015, 0.0015, 0.0015, 0.0015, 0.0789, 0.0789, 0.0789, 0.0789, 0.0789, 0.0789, 0.0789, 0.0789, 0.0789, 0.0789, 0.2994, 0.2994, 0.2994, 0.2994, 0.2994, 0.2994, 0.2994, 0.2994, 0.2994, 0.2994, 0.0014, 0.0014, 0.0014, 0.0014, 0.0014, 0.0014, 0.0014, 0.0014, 0.0014, 0.0014, 0.0013, 0.0013, 0.0013, 0.0013, 0.0013, 0.0013, 0.0013, 0.0013, 0.0013, 0.0013, 0.0107, 0.0107, 0.0107, 0.0107, 0.0107, 0.0107, 0.0107, 0.0107, 0.0107, 0.0107, 0.0015, 0.0015, 0.0015, 0.0015, 0.0015, 0.0015, 0.0015, 0.0015, 0.0015, 0.0015]
Validation Loss:
[0.3127574920654297, 0.29575464129447937, 0.32730671763420105, 0.2874714732170105, 0.3042730987071991, 0.3199157416820526, 0.3324643671512604, 0.31734803318977356, 0.2791583240032196, 0.2703218162059784]
Train, Validation, Test split:
Train: 6222
Validation: 1755
Test: 887
