Accuracy: 0.9582863585118376
Classification Report:
                                          precision    recall  f1-score   support

                         2ndMill-1stHalf       0.96      0.85      0.90        27
                         2ndMill-2ndHalf       0.91      0.96      0.94       170
                     Hellenistic onwards       0.90      0.95      0.92        91
Neo-Assyrian; Neo-Babylonian; Achaemenid       0.98      0.96      0.97       599

                                accuracy                           0.96       887
                               macro avg       0.94      0.93      0.93       887
                            weighted avg       0.96      0.96      0.96       887

Training Loss:
[1.5171, 1.5171, 1.5171, 1.5171, 1.5171, 1.5171, 1.5171, 1.5171, 1.5171, 1.5171, 1.3085, 1.3085, 1.3085, 1.3085, 1.3085, 1.3085, 1.3085, 1.3085, 1.3085, 1.3085, 1.0996, 1.0996, 1.0996, 1.0996, 1.0996, 1.0996, 1.0996, 1.0996, 1.0996, 1.0996, 0.8225, 0.8225, 0.8225, 0.8225, 0.8225, 0.8225, 0.8225, 0.8225, 0.8225, 0.8225, 1.0736, 1.0736, 1.0736, 1.0736, 1.0736, 1.0736, 1.0736, 1.0736, 1.0736, 1.0736, 1.0186, 1.0186, 1.0186, 1.0186, 1.0186, 1.0186, 1.0186, 1.0186, 1.0186, 1.0186, 0.8593, 0.8593, 0.8593, 0.8593, 0.8593, 0.8593, 0.8593, 0.8593, 0.8593, 0.8593, 0.9819, 0.9819, 0.9819, 0.9819, 0.9819, 0.9819, 0.9819, 0.9819, 0.9819, 0.9819, 0.7913, 0.7913, 0.7913, 0.7913, 0.7913, 0.7913, 0.7913, 0.7913, 0.7913, 0.7913, 1.0272, 1.0272, 1.0272, 1.0272, 1.0272, 1.0272, 1.0272, 1.0272, 1.0272, 1.0272, 0.7167, 0.7167, 0.7167, 0.7167, 0.7167, 0.7167, 0.7167, 0.7167, 0.7167, 0.7167, 0.7611, 0.7611, 0.7611, 0.7611, 0.7611, 0.7611, 0.7611, 0.7611, 0.7611, 0.7611, 0.8818, 0.8818, 0.8818, 0.8818, 0.8818, 0.8818, 0.8818, 0.8818, 0.8818, 0.8818, 0.9685, 0.9685, 0.9685, 0.9685, 0.9685, 0.9685, 0.9685, 0.9685, 0.9685, 0.9685, 0.678, 0.678, 0.678, 0.678, 0.678, 0.678, 0.678, 0.678, 0.678, 0.678, 0.6876, 0.6876, 0.6876, 0.6876, 0.6876, 0.6876, 0.6876, 0.6876, 0.6876, 0.6876, 0.5537, 0.5537, 0.5537, 0.5537, 0.5537, 0.5537, 0.5537, 0.5537, 0.5537, 0.5537, 0.6998, 0.6998, 0.6998, 0.6998, 0.6998, 0.6998, 0.6998, 0.6998, 0.6998, 0.6998, 0.7543, 0.7543, 0.7543, 0.7543, 0.7543, 0.7543, 0.7543, 0.7543, 0.7543, 0.7543, 0.7931, 0.7931, 0.7931, 0.7931, 0.7931, 0.7931, 0.7931, 0.7931, 0.7931, 0.7931, 0.5732, 0.5732, 0.5732, 0.5732, 0.5732, 0.5732, 0.5732, 0.5732, 0.5732, 0.5732, 0.3972, 0.3972, 0.3972, 0.3972, 0.3972, 0.3972, 0.3972, 0.3972, 0.3972, 0.3972, 0.7357, 0.7357, 0.7357, 0.7357, 0.7357, 0.7357, 0.7357, 0.7357, 0.7357, 0.7357, 0.9934, 0.9934, 0.9934, 0.9934, 0.9934, 0.9934, 0.9934, 0.9934, 0.9934, 0.9934, 0.4608, 0.4608, 0.4608, 0.4608, 0.4608, 0.4608, 0.4608, 0.4608, 0.4608, 0.4608, 0.4566, 0.4566, 0.4566, 0.4566, 0.4566, 0.4566, 0.4566, 0.4566, 0.4566, 0.4566, 0.4572, 0.4572, 0.4572, 0.4572, 0.4572, 0.4572, 0.4572, 0.4572, 0.4572, 0.4572, 0.465, 0.465, 0.465, 0.465, 0.465, 0.465, 0.465, 0.465, 0.465, 0.465, 0.5112, 0.5112, 0.5112, 0.5112, 0.5112, 0.5112, 0.5112, 0.5112, 0.5112, 0.5112, 0.6523, 0.6523, 0.6523, 0.6523, 0.6523, 0.6523, 0.6523, 0.6523, 0.6523, 0.6523, 0.7369, 0.7369, 0.7369, 0.7369, 0.7369, 0.7369, 0.7369, 0.7369, 0.7369, 0.7369, 0.5533, 0.5533, 0.5533, 0.5533, 0.5533, 0.5533, 0.5533, 0.5533, 0.5533, 0.5533, 1.1345, 1.1345, 1.1345, 1.1345, 1.1345, 1.1345, 1.1345, 1.1345, 1.1345, 1.1345, 0.6588, 0.6588, 0.6588, 0.6588, 0.6588, 0.6588, 0.6588, 0.6588, 0.6588, 0.6588, 0.4301, 0.4301, 0.4301, 0.4301, 0.4301, 0.4301, 0.4301, 0.4301, 0.4301, 0.4301, 0.4776, 0.4776, 0.4776, 0.4776, 0.4776, 0.4776, 0.4776, 0.4776, 0.4776, 0.4776, 0.5745, 0.5745, 0.5745, 0.5745, 0.5745, 0.5745, 0.5745, 0.5745, 0.5745, 0.5745, 0.4137, 0.4137, 0.4137, 0.4137, 0.4137, 0.4137, 0.4137, 0.4137, 0.4137, 0.4137, 0.5676, 0.5676, 0.5676, 0.5676, 0.5676, 0.5676, 0.5676, 0.5676, 0.5676, 0.5676, 0.3928, 0.3928, 0.3928, 0.3928, 0.3928, 0.3928, 0.3928, 0.3928, 0.3928, 0.3928, 0.4571, 0.4571, 0.4571, 0.4571, 0.4571, 0.4571, 0.4571, 0.4571, 0.4571, 0.4571, 0.3008, 0.3008, 0.3008, 0.3008, 0.3008, 0.3008, 0.3008, 0.3008, 0.3008, 0.3008, 0.5134, 0.5134, 0.5134, 0.5134, 0.5134, 0.5134, 0.5134, 0.5134, 0.5134, 0.5134, 0.3955, 0.3955, 0.3955, 0.3955, 0.3955, 0.3955, 0.3955, 0.3955, 0.3955, 0.3955, 0.3611, 0.3611, 0.3611, 0.3611, 0.3611, 0.3611, 0.3611, 0.3611, 0.3611, 0.3611, 0.6263, 0.6263, 0.6263, 0.6263, 0.6263, 0.6263, 0.6263, 0.6263, 0.6263, 0.6263, 0.5555, 0.5555, 0.5555, 0.5555, 0.5555, 0.5555, 0.5555, 0.5555, 0.5555, 0.5555, 0.5456, 0.5456, 0.5456, 0.5456, 0.5456, 0.5456, 0.5456, 0.5456, 0.5456, 0.5456, 0.5289, 0.5289, 0.5289, 0.5289, 0.5289, 0.5289, 0.5289, 0.5289, 0.5289, 0.5289, 0.4004, 0.4004, 0.4004, 0.4004, 0.4004, 0.4004, 0.4004, 0.4004, 0.4004, 0.4004, 0.3087, 0.3087, 0.3087, 0.3087, 0.3087, 0.3087, 0.3087, 0.3087, 0.3087, 0.3087, 0.5649, 0.5649, 0.5649, 0.5649, 0.5649, 0.5649, 0.5649, 0.5649, 0.5649, 0.5649, 0.5207, 0.5207, 0.5207, 0.5207, 0.5207, 0.5207, 0.5207, 0.5207, 0.5207, 0.5207, 0.6941, 0.6941, 0.6941, 0.6941, 0.6941, 0.6941, 0.6941, 0.6941, 0.6941, 0.6941, 0.4506, 0.4506, 0.4506, 0.4506, 0.4506, 0.4506, 0.4506, 0.4506, 0.4506, 0.4506, 0.4305, 0.4305, 0.4305, 0.4305, 0.4305, 0.4305, 0.4305, 0.4305, 0.4305, 0.4305, 0.5493, 0.5493, 0.5493, 0.5493, 0.5493, 0.5493, 0.5493, 0.5493, 0.5493, 0.5493, 0.373, 0.373, 0.373, 0.373, 0.373, 0.373, 0.373, 0.373, 0.373, 0.373, 0.304, 0.304, 0.304, 0.304, 0.304, 0.304, 0.304, 0.304, 0.304, 0.304, 0.3793, 0.3793, 0.3793, 0.3793, 0.3793, 0.3793, 0.3793, 0.3793, 0.3793, 0.3793, 0.2333, 0.2333, 0.2333, 0.2333, 0.2333, 0.2333, 0.2333, 0.2333, 0.2333, 0.2333, 0.7738, 0.7738, 0.7738, 0.7738, 0.7738, 0.7738, 0.7738, 0.7738, 0.7738, 0.7738, 0.4134, 0.4134, 0.4134, 0.4134, 0.4134, 0.4134, 0.4134, 0.4134, 0.4134, 0.4134, 0.5121, 0.5121, 0.5121, 0.5121, 0.5121, 0.5121, 0.5121, 0.5121, 0.5121, 0.5121, 0.4889, 0.4889, 0.4889, 0.4889, 0.4889, 0.4889, 0.4889, 0.4889, 0.4889, 0.4889, 0.4138, 0.4138, 0.4138, 0.4138, 0.4138, 0.4138, 0.4138, 0.4138, 0.4138, 0.4138, 0.3779, 0.3779, 0.3779, 0.3779, 0.3779, 0.3779, 0.3779, 0.3779, 0.3779, 0.3779, 0.7137, 0.7137, 0.7137, 0.7137, 0.7137, 0.7137, 0.7137, 0.7137, 0.7137, 0.7137, 0.3888, 0.3888, 0.3888, 0.3888, 0.3888, 0.3888, 0.3888, 0.3888, 0.3888, 0.3888, 0.2985, 0.2985, 0.2985, 0.2985, 0.2985, 0.2985, 0.2985, 0.2985, 0.2985, 0.2985, 0.4373, 0.4373, 0.4373, 0.4373, 0.4373, 0.4373, 0.4373, 0.4373, 0.4373, 0.4373, 0.2526, 0.2526, 0.2526, 0.2526, 0.2526, 0.2526, 0.2526, 0.2526, 0.2526, 0.2526, 0.4769, 0.4769, 0.4769, 0.4769, 0.4769, 0.4769, 0.4769, 0.4769, 0.4769, 0.4769, 0.4218, 0.4218, 0.4218, 0.4218, 0.4218, 0.4218, 0.4218, 0.4218, 0.4218, 0.4218, 0.6487, 0.6487, 0.6487, 0.6487, 0.6487, 0.6487, 0.6487, 0.6487, 0.6487, 0.6487, 0.4172, 0.4172, 0.4172, 0.4172, 0.4172, 0.4172, 0.4172, 0.4172, 0.4172, 0.4172, 0.4261, 0.4261, 0.4261, 0.4261, 0.4261, 0.4261, 0.4261, 0.4261, 0.362, 0.362, 0.362, 0.362, 0.362, 0.362, 0.362, 0.362, 0.362, 0.362, 0.2404, 0.2404, 0.2404, 0.2404, 0.2404, 0.2404, 0.2404, 0.2404, 0.2404, 0.2404, 0.0954, 0.0954, 0.0954, 0.0954, 0.0954, 0.0954, 0.0954, 0.0954, 0.0954, 0.0954, 0.1521, 0.1521, 0.1521, 0.1521, 0.1521, 0.1521, 0.1521, 0.1521, 0.1521, 0.1521, 0.2499, 0.2499, 0.2499, 0.2499, 0.2499, 0.2499, 0.2499, 0.2499, 0.2499, 0.2499, 0.3376, 0.3376, 0.3376, 0.3376, 0.3376, 0.3376, 0.3376, 0.3376, 0.3376, 0.3376, 0.26, 0.26, 0.26, 0.26, 0.26, 0.26, 0.26, 0.26, 0.26, 0.26, 0.2893, 0.2893, 0.2893, 0.2893, 0.2893, 0.2893, 0.2893, 0.2893, 0.2893, 0.2893, 0.1817, 0.1817, 0.1817, 0.1817, 0.1817, 0.1817, 0.1817, 0.1817, 0.1817, 0.1817, 0.3274, 0.3274, 0.3274, 0.3274, 0.3274, 0.3274, 0.3274, 0.3274, 0.3274, 0.3274, 0.2585, 0.2585, 0.2585, 0.2585, 0.2585, 0.2585, 0.2585, 0.2585, 0.2585, 0.2585, 0.1474, 0.1474, 0.1474, 0.1474, 0.1474, 0.1474, 0.1474, 0.1474, 0.1474, 0.1474, 0.159, 0.159, 0.159, 0.159, 0.159, 0.159, 0.159, 0.159, 0.159, 0.159, 0.0706, 0.0706, 0.0706, 0.0706, 0.0706, 0.0706, 0.0706, 0.0706, 0.0706, 0.0706, 0.2889, 0.2889, 0.2889, 0.2889, 0.2889, 0.2889, 0.2889, 0.2889, 0.2889, 0.2889, 0.2161, 0.2161, 0.2161, 0.2161, 0.2161, 0.2161, 0.2161, 0.2161, 0.2161, 0.2161, 0.3564, 0.3564, 0.3564, 0.3564, 0.3564, 0.3564, 0.3564, 0.3564, 0.3564, 0.3564, 0.2488, 0.2488, 0.2488, 0.2488, 0.2488, 0.2488, 0.2488, 0.2488, 0.2488, 0.2488, 0.2186, 0.2186, 0.2186, 0.2186, 0.2186, 0.2186, 0.2186, 0.2186, 0.2186, 0.2186, 0.2297, 0.2297, 0.2297, 0.2297, 0.2297, 0.2297, 0.2297, 0.2297, 0.2297, 0.2297, 0.1526, 0.1526, 0.1526, 0.1526, 0.1526, 0.1526, 0.1526, 0.1526, 0.1526, 0.1526, 0.3375, 0.3375, 0.3375, 0.3375, 0.3375, 0.3375, 0.3375, 0.3375, 0.3375, 0.3375, 0.242, 0.242, 0.242, 0.242, 0.242, 0.242, 0.242, 0.242, 0.242, 0.242, 0.0819, 0.0819, 0.0819, 0.0819, 0.0819, 0.0819, 0.0819, 0.0819, 0.0819, 0.0819, 0.5187, 0.5187, 0.5187, 0.5187, 0.5187, 0.5187, 0.5187, 0.5187, 0.5187, 0.5187, 0.1926, 0.1926, 0.1926, 0.1926, 0.1926, 0.1926, 0.1926, 0.1926, 0.1926, 0.1926, 0.6873, 0.6873, 0.6873, 0.6873, 0.6873, 0.6873, 0.6873, 0.6873, 0.6873, 0.6873, 0.6825, 0.6825, 0.6825, 0.6825, 0.6825, 0.6825, 0.6825, 0.6825, 0.6825, 0.6825, 0.4683, 0.4683, 0.4683, 0.4683, 0.4683, 0.4683, 0.4683, 0.4683, 0.4683, 0.4683, 0.3889, 0.3889, 0.3889, 0.3889, 0.3889, 0.3889, 0.3889, 0.3889, 0.3889, 0.3889, 0.2621, 0.2621, 0.2621, 0.2621, 0.2621, 0.2621, 0.2621, 0.2621, 0.2621, 0.2621, 0.3593, 0.3593, 0.3593, 0.3593, 0.3593, 0.3593, 0.3593, 0.3593, 0.3593, 0.3593, 0.3561, 0.3561, 0.3561, 0.3561, 0.3561, 0.3561, 0.3561, 0.3561, 0.3561, 0.3561, 0.3315, 0.3315, 0.3315, 0.3315, 0.3315, 0.3315, 0.3315, 0.3315, 0.3315, 0.3315, 0.2139, 0.2139, 0.2139, 0.2139, 0.2139, 0.2139, 0.2139, 0.2139, 0.2139, 0.2139, 0.1992, 0.1992, 0.1992, 0.1992, 0.1992, 0.1992, 0.1992, 0.1992, 0.1992, 0.1992, 0.2262, 0.2262, 0.2262, 0.2262, 0.2262, 0.2262, 0.2262, 0.2262, 0.2262, 0.2262, 0.3673, 0.3673, 0.3673, 0.3673, 0.3673, 0.3673, 0.3673, 0.3673, 0.3673, 0.3673, 0.301, 0.301, 0.301, 0.301, 0.301, 0.301, 0.301, 0.301, 0.301, 0.301, 0.2283, 0.2283, 0.2283, 0.2283, 0.2283, 0.2283, 0.2283, 0.2283, 0.2283, 0.2283, 0.434, 0.434, 0.434, 0.434, 0.434, 0.434, 0.434, 0.434, 0.434, 0.434, 0.3118, 0.3118, 0.3118, 0.3118, 0.3118, 0.3118, 0.3118, 0.3118, 0.3118, 0.3118, 0.4469, 0.4469, 0.4469, 0.4469, 0.4469, 0.4469, 0.4469, 0.4469, 0.4469, 0.4469, 0.6539, 0.6539, 0.6539, 0.6539, 0.6539, 0.6539, 0.6539, 0.6539, 0.6539, 0.6539, 0.4989, 0.4989, 0.4989, 0.4989, 0.4989, 0.4989, 0.4989, 0.4989, 0.4989, 0.4989, 0.3497, 0.3497, 0.3497, 0.3497, 0.3497, 0.3497, 0.3497, 0.3497, 0.3497, 0.3497, 0.498, 0.498, 0.498, 0.498, 0.498, 0.498, 0.498, 0.498, 0.498, 0.498, 0.3194, 0.3194, 0.3194, 0.3194, 0.3194, 0.3194, 0.3194, 0.3194, 0.3194, 0.3194, 0.2619, 0.2619, 0.2619, 0.2619, 0.2619, 0.2619, 0.2619, 0.2619, 0.2619, 0.2619, 0.5666, 0.5666, 0.5666, 0.5666, 0.5666, 0.5666, 0.5666, 0.5666, 0.5666, 0.5666, 0.1184, 0.1184, 0.1184, 0.1184, 0.1184, 0.1184, 0.1184, 0.1184, 0.1184, 0.1184, 0.1648, 0.1648, 0.1648, 0.1648, 0.1648, 0.1648, 0.1648, 0.1648, 0.1648, 0.1648, 0.2103, 0.2103, 0.2103, 0.2103, 0.2103, 0.2103, 0.2103, 0.2103, 0.2103, 0.2103, 0.2151, 0.2151, 0.2151, 0.2151, 0.2151, 0.2151, 0.2151, 0.2151, 0.2151, 0.2151, 0.2234, 0.2234, 0.2234, 0.2234, 0.2234, 0.2234, 0.2234, 0.2234, 0.2234, 0.2234, 0.5855, 0.5855, 0.5855, 0.5855, 0.5855, 0.5855, 0.5855, 0.5855, 0.5855, 0.5855, 0.2731, 0.2731, 0.2731, 0.2731, 0.2731, 0.2731, 0.2731, 0.2731, 0.2731, 0.2731, 0.5616, 0.5616, 0.5616, 0.5616, 0.5616, 0.5616, 0.5616, 0.5616, 0.5616, 0.5616, 0.1546, 0.1546, 0.1546, 0.1546, 0.1546, 0.1546, 0.1546, 0.1546, 0.1546, 0.1546, 0.2216, 0.2216, 0.2216, 0.2216, 0.2216, 0.2216, 0.2216, 0.2216, 0.2216, 0.2216, 0.3781, 0.3781, 0.3781, 0.3781, 0.3781, 0.3781, 0.3781, 0.3781, 0.3781, 0.3781, 0.3232, 0.3232, 0.3232, 0.3232, 0.3232, 0.3232, 0.3232, 0.3232, 0.3232, 0.3232, 0.7561, 0.7561, 0.7561, 0.7561, 0.7561, 0.7561, 0.7561, 0.7561, 0.7561, 0.7561, 0.5899, 0.5899, 0.5899, 0.5899, 0.5899, 0.5899, 0.5899, 0.5899, 0.5899, 0.5899, 0.2271, 0.2271, 0.2271, 0.2271, 0.2271, 0.2271, 0.2271, 0.2271, 0.2271, 0.2271, 0.226, 0.226, 0.226, 0.226, 0.226, 0.226, 0.226, 0.226, 0.226, 0.226, 0.146, 0.146, 0.146, 0.146, 0.146, 0.146, 0.146, 0.146, 0.146, 0.146, 0.1301, 0.1301, 0.1301, 0.1301, 0.1301, 0.1301, 0.1301, 0.1301, 0.1301, 0.1301, 0.4456, 0.4456, 0.4456, 0.4456, 0.4456, 0.4456, 0.4456, 0.4456, 0.4456, 0.4456, 0.5907, 0.5907, 0.5907, 0.5907, 0.5907, 0.5907, 0.5907, 0.5907, 0.5907, 0.5907, 0.3954, 0.3954, 0.3954, 0.3954, 0.3954, 0.3954, 0.3954, 0.3954, 0.3954, 0.3954, 0.2662, 0.2662, 0.2662, 0.2662, 0.2662, 0.2662, 0.2662, 0.2662, 0.2662, 0.2662, 0.2862, 0.2862, 0.2862, 0.2862, 0.2862, 0.2862, 0.2862, 0.2862, 0.2862, 0.2862, 0.1528, 0.1528, 0.1528, 0.1528, 0.1528, 0.1528, 0.1528, 0.1528, 0.1528, 0.1528, 0.3369, 0.3369, 0.3369, 0.3369, 0.3369, 0.3369, 0.3369, 0.3369, 0.3369, 0.3369, 0.4178, 0.4178, 0.4178, 0.4178, 0.4178, 0.4178, 0.4178, 0.4178, 0.4178, 0.4178, 0.2987, 0.2987, 0.2987, 0.2987, 0.2987, 0.2987, 0.2987, 0.2987, 0.2987, 0.2987, 0.1911, 0.1911, 0.1911, 0.1911, 0.1911, 0.1911, 0.105, 0.105, 0.105, 0.105, 0.105, 0.105, 0.105, 0.105, 0.105, 0.105, 0.206, 0.206, 0.206, 0.206, 0.206, 0.206, 0.206, 0.206, 0.206, 0.206, 0.323, 0.323, 0.323, 0.323, 0.323, 0.323, 0.323, 0.323, 0.323, 0.323, 0.0856, 0.0856, 0.0856, 0.0856, 0.0856, 0.0856, 0.0856, 0.0856, 0.0856, 0.0856, 0.0931, 0.0931, 0.0931, 0.0931, 0.0931, 0.0931, 0.0931, 0.0931, 0.0931, 0.0931, 0.2981, 0.2981, 0.2981, 0.2981, 0.2981, 0.2981, 0.2981, 0.2981, 0.2981, 0.2981, 0.2687, 0.2687, 0.2687, 0.2687, 0.2687, 0.2687, 0.2687, 0.2687, 0.2687, 0.2687, 0.1728, 0.1728, 0.1728, 0.1728, 0.1728, 0.1728, 0.1728, 0.1728, 0.1728, 0.1728, 0.2885, 0.2885, 0.2885, 0.2885, 0.2885, 0.2885, 0.2885, 0.2885, 0.2885, 0.2885, 0.2649, 0.2649, 0.2649, 0.2649, 0.2649, 0.2649, 0.2649, 0.2649, 0.2649, 0.2649, 0.1034, 0.1034, 0.1034, 0.1034, 0.1034, 0.1034, 0.1034, 0.1034, 0.1034, 0.1034, 0.1838, 0.1838, 0.1838, 0.1838, 0.1838, 0.1838, 0.1838, 0.1838, 0.1838, 0.1838, 0.3303, 0.3303, 0.3303, 0.3303, 0.3303, 0.3303, 0.3303, 0.3303, 0.3303, 0.3303, 0.1506, 0.1506, 0.1506, 0.1506, 0.1506, 0.1506, 0.1506, 0.1506, 0.1506, 0.1506, 0.336, 0.336, 0.336, 0.336, 0.336, 0.336, 0.336, 0.336, 0.336, 0.336, 0.3582, 0.3582, 0.3582, 0.3582, 0.3582, 0.3582, 0.3582, 0.3582, 0.3582, 0.3582, 0.1268, 0.1268, 0.1268, 0.1268, 0.1268, 0.1268, 0.1268, 0.1268, 0.1268, 0.1268, 0.144, 0.144, 0.144, 0.144, 0.144, 0.144, 0.144, 0.144, 0.144, 0.144, 0.2973, 0.2973, 0.2973, 0.2973, 0.2973, 0.2973, 0.2973, 0.2973, 0.2973, 0.2973, 0.2928, 0.2928, 0.2928, 0.2928, 0.2928, 0.2928, 0.2928, 0.2928, 0.2928, 0.2928, 0.2785, 0.2785, 0.2785, 0.2785, 0.2785, 0.2785, 0.2785, 0.2785, 0.2785, 0.2785, 0.4145, 0.4145, 0.4145, 0.4145, 0.4145, 0.4145, 0.4145, 0.4145, 0.4145, 0.4145, 0.0093, 0.0093, 0.0093, 0.0093, 0.0093, 0.0093, 0.0093, 0.0093, 0.0093, 0.0093, 0.1526, 0.1526, 0.1526, 0.1526, 0.1526, 0.1526, 0.1526, 0.1526, 0.1526, 0.1526, 0.0198, 0.0198, 0.0198, 0.0198, 0.0198, 0.0198, 0.0198, 0.0198, 0.0198, 0.0198, 0.2943, 0.2943, 0.2943, 0.2943, 0.2943, 0.2943, 0.2943, 0.2943, 0.2943, 0.2943, 0.1121, 0.1121, 0.1121, 0.1121, 0.1121, 0.1121, 0.1121, 0.1121, 0.1121, 0.1121, 0.2328, 0.2328, 0.2328, 0.2328, 0.2328, 0.2328, 0.2328, 0.2328, 0.2328, 0.2328, 0.2791, 0.2791, 0.2791, 0.2791, 0.2791, 0.2791, 0.2791, 0.2791, 0.2791, 0.2791, 0.2387, 0.2387, 0.2387, 0.2387, 0.2387, 0.2387, 0.2387, 0.2387, 0.2387, 0.2387, 0.0487, 0.0487, 0.0487, 0.0487, 0.0487, 0.0487, 0.0487, 0.0487, 0.0487, 0.0487, 0.2276, 0.2276, 0.2276, 0.2276, 0.2276, 0.2276, 0.2276, 0.2276, 0.2276, 0.2276, 0.3849, 0.3849, 0.3849, 0.3849, 0.3849, 0.3849, 0.3849, 0.3849, 0.3849, 0.3849, 0.1165, 0.1165, 0.1165, 0.1165, 0.1165, 0.1165, 0.1165, 0.1165, 0.1165, 0.1165, 0.0643, 0.0643, 0.0643, 0.0643, 0.0643, 0.0643, 0.0643, 0.0643, 0.0643, 0.0643, 0.3049, 0.3049, 0.3049, 0.3049, 0.3049, 0.3049, 0.3049, 0.3049, 0.3049, 0.3049, 0.1247, 0.1247, 0.1247, 0.1247, 0.1247, 0.1247, 0.1247, 0.1247, 0.1247, 0.1247, 0.1906, 0.1906, 0.1906, 0.1906, 0.1906, 0.1906, 0.1906, 0.1906, 0.1906, 0.1906, 0.2356, 0.2356, 0.2356, 0.2356, 0.2356, 0.2356, 0.2356, 0.2356, 0.2356, 0.2356, 0.0689, 0.0689, 0.0689, 0.0689, 0.0689, 0.0689, 0.0689, 0.0689, 0.0689, 0.0689, 0.5552, 0.5552, 0.5552, 0.5552, 0.5552, 0.5552, 0.5552, 0.5552, 0.5552, 0.5552, 0.2667, 0.2667, 0.2667, 0.2667, 0.2667, 0.2667, 0.2667, 0.2667, 0.2667, 0.2667, 0.1353, 0.1353, 0.1353, 0.1353, 0.1353, 0.1353, 0.1353, 0.1353, 0.1353, 0.1353, 0.2797, 0.2797, 0.2797, 0.2797, 0.2797, 0.2797, 0.2797, 0.2797, 0.2797, 0.2797, 0.0959, 0.0959, 0.0959, 0.0959, 0.0959, 0.0959, 0.0959, 0.0959, 0.0959, 0.0959, 0.4878, 0.4878, 0.4878, 0.4878, 0.4878, 0.4878, 0.4878, 0.4878, 0.4878, 0.4878, 0.1248, 0.1248, 0.1248, 0.1248, 0.1248, 0.1248, 0.1248, 0.1248, 0.1248, 0.1248, 0.1584, 0.1584, 0.1584, 0.1584, 0.1584, 0.1584, 0.1584, 0.1584, 0.1584, 0.1584, 0.2272, 0.2272, 0.2272, 0.2272, 0.2272, 0.2272, 0.2272, 0.2272, 0.2272, 0.2272, 0.1736, 0.1736, 0.1736, 0.1736, 0.1736, 0.1736, 0.1736, 0.1736, 0.1736, 0.1736, 0.2736, 0.2736, 0.2736, 0.2736, 0.2736, 0.2736, 0.2736, 0.2736, 0.2736, 0.2736, 0.1153, 0.1153, 0.1153, 0.1153, 0.1153, 0.1153, 0.1153, 0.1153, 0.1153, 0.1153, 0.1061, 0.1061, 0.1061, 0.1061, 0.1061, 0.1061, 0.1061, 0.1061, 0.1061, 0.1061, 0.1014, 0.1014, 0.1014, 0.1014, 0.1014, 0.1014, 0.1014, 0.1014, 0.1014, 0.1014, 0.3638, 0.3638, 0.3638, 0.3638, 0.3638, 0.3638, 0.3638, 0.3638, 0.3638, 0.3638, 0.1452, 0.1452, 0.1452, 0.1452, 0.1452, 0.1452, 0.1452, 0.1452, 0.1452, 0.1452, 0.1717, 0.1717, 0.1717, 0.1717, 0.1717, 0.1717, 0.1717, 0.1717, 0.1717, 0.1717, 0.0435, 0.0435, 0.0435, 0.0435, 0.0435, 0.0435, 0.0435, 0.0435, 0.0435, 0.0435, 0.2325, 0.2325, 0.2325, 0.2325, 0.2325, 0.2325, 0.2325, 0.2325, 0.2325, 0.2325, 0.1598, 0.1598, 0.1598, 0.1598, 0.1598, 0.1598, 0.1598, 0.1598, 0.1598, 0.1598, 0.3125, 0.3125, 0.3125, 0.3125, 0.3125, 0.3125, 0.3125, 0.3125, 0.3125, 0.3125, 0.2908, 0.2908, 0.2908, 0.2908, 0.2908, 0.2908, 0.2908, 0.2908, 0.2908, 0.2908, 0.0411, 0.0411, 0.0411, 0.0411, 0.0411, 0.0411, 0.0411, 0.0411, 0.0411, 0.0411, 0.1357, 0.1357, 0.1357, 0.1357, 0.1357, 0.1357, 0.1357, 0.1357, 0.1357, 0.1357, 0.3104, 0.3104, 0.3104, 0.3104, 0.3104, 0.3104, 0.3104, 0.3104, 0.3104, 0.3104, 0.0584, 0.0584, 0.0584, 0.0584, 0.0584, 0.0584, 0.0584, 0.0584, 0.0584, 0.0584, 0.1015, 0.1015, 0.1015, 0.1015, 0.1015, 0.1015, 0.1015, 0.1015, 0.1015, 0.1015, 0.1413, 0.1413, 0.1413, 0.1413, 0.1413, 0.1413, 0.1413, 0.1413, 0.1413, 0.1413, 0.2486, 0.2486, 0.2486, 0.2486, 0.2486, 0.2486, 0.2486, 0.2486, 0.2486, 0.2486, 0.251, 0.251, 0.251, 0.251, 0.251, 0.251, 0.251, 0.251, 0.251, 0.251, 0.1447, 0.1447, 0.1447, 0.1447, 0.1447, 0.1447, 0.1447, 0.1447, 0.1447, 0.1447, 0.2379, 0.2379, 0.2379, 0.2379, 0.2379, 0.2379, 0.2379, 0.2379, 0.2379, 0.2379, 0.2302, 0.2302, 0.2302, 0.2302, 0.2302, 0.2302, 0.2302, 0.2302, 0.2302, 0.2302, 0.1031, 0.1031, 0.1031, 0.1031, 0.1031, 0.1031, 0.1031, 0.1031, 0.1031, 0.1031, 0.2928, 0.2928, 0.2928, 0.2928, 0.2928, 0.2928, 0.2928, 0.2928, 0.2928, 0.2928, 0.0551, 0.0551, 0.0551, 0.0551, 0.0551, 0.0551, 0.0551, 0.0551, 0.0551, 0.0551, 0.1656, 0.1656, 0.1656, 0.1656, 0.1656, 0.1656, 0.1656, 0.1656, 0.1656, 0.1656, 0.223, 0.223, 0.223, 0.223, 0.004, 0.004, 0.004, 0.004, 0.004, 0.004, 0.004, 0.004, 0.004, 0.004, 0.1, 0.1, 0.1, 0.1, 0.1, 0.1, 0.1, 0.1, 0.1, 0.1, 0.1812, 0.1812, 0.1812, 0.1812, 0.1812, 0.1812, 0.1812, 0.1812, 0.1812, 0.1812, 0.2452, 0.2452, 0.2452, 0.2452, 0.2452, 0.2452, 0.2452, 0.2452, 0.2452, 0.2452, 0.0513, 0.0513, 0.0513, 0.0513, 0.0513, 0.0513, 0.0513, 0.0513, 0.0513, 0.0513, 0.3489, 0.3489, 0.3489, 0.3489, 0.3489, 0.3489, 0.3489, 0.3489, 0.3489, 0.3489, 0.1832, 0.1832, 0.1832, 0.1832, 0.1832, 0.1832, 0.1832, 0.1832, 0.1832, 0.1832, 0.1698, 0.1698, 0.1698, 0.1698, 0.1698, 0.1698, 0.1698, 0.1698, 0.1698, 0.1698, 0.0366, 0.0366, 0.0366, 0.0366, 0.0366, 0.0366, 0.0366, 0.0366, 0.0366, 0.0366, 0.1482, 0.1482, 0.1482, 0.1482, 0.1482, 0.1482, 0.1482, 0.1482, 0.1482, 0.1482, 0.0029, 0.0029, 0.0029, 0.0029, 0.0029, 0.0029, 0.0029, 0.0029, 0.0029, 0.0029, 0.1478, 0.1478, 0.1478, 0.1478, 0.1478, 0.1478, 0.1478, 0.1478, 0.1478, 0.1478, 0.1982, 0.1982, 0.1982, 0.1982, 0.1982, 0.1982, 0.1982, 0.1982, 0.1982, 0.1982, 0.0697, 0.0697, 0.0697, 0.0697, 0.0697, 0.0697, 0.0697, 0.0697, 0.0697, 0.0697, 0.15, 0.15, 0.15, 0.15, 0.15, 0.15, 0.15, 0.15, 0.15, 0.15, 0.1392, 0.1392, 0.1392, 0.1392, 0.1392, 0.1392, 0.1392, 0.1392, 0.1392, 0.1392, 0.0861, 0.0861, 0.0861, 0.0861, 0.0861, 0.0861, 0.0861, 0.0861, 0.0861, 0.0861, 0.1716, 0.1716, 0.1716, 0.1716, 0.1716, 0.1716, 0.1716, 0.1716, 0.1716, 0.1716, 0.2107, 0.2107, 0.2107, 0.2107, 0.2107, 0.2107, 0.2107, 0.2107, 0.2107, 0.2107, 0.1207, 0.1207, 0.1207, 0.1207, 0.1207, 0.1207, 0.1207, 0.1207, 0.1207, 0.1207, 0.2006, 0.2006, 0.2006, 0.2006, 0.2006, 0.2006, 0.2006, 0.2006, 0.2006, 0.2006, 0.0738, 0.0738, 0.0738, 0.0738, 0.0738, 0.0738, 0.0738, 0.0738, 0.0738, 0.0738, 0.0807, 0.0807, 0.0807, 0.0807, 0.0807, 0.0807, 0.0807, 0.0807, 0.0807, 0.0807, 0.3722, 0.3722, 0.3722, 0.3722, 0.3722, 0.3722, 0.3722, 0.3722, 0.3722, 0.3722, 0.4884, 0.4884, 0.4884, 0.4884, 0.4884, 0.4884, 0.4884, 0.4884, 0.4884, 0.4884, 0.014, 0.014, 0.014, 0.014, 0.014, 0.014, 0.014, 0.014, 0.014, 0.014, 0.0655, 0.0655, 0.0655, 0.0655, 0.0655, 0.0655, 0.0655, 0.0655, 0.0655, 0.0655, 0.0038, 0.0038, 0.0038, 0.0038, 0.0038, 0.0038, 0.0038, 0.0038, 0.0038, 0.0038, 0.1742, 0.1742, 0.1742, 0.1742, 0.1742, 0.1742, 0.1742, 0.1742, 0.1742, 0.1742, 0.1682, 0.1682, 0.1682, 0.1682, 0.1682, 0.1682, 0.1682, 0.1682, 0.1682, 0.1682, 0.2754, 0.2754, 0.2754, 0.2754, 0.2754, 0.2754, 0.2754, 0.2754, 0.2754, 0.2754, 0.3091, 0.3091, 0.3091, 0.3091, 0.3091, 0.3091, 0.3091, 0.3091, 0.3091, 0.3091, 0.05, 0.05, 0.05, 0.05, 0.05, 0.05, 0.05, 0.05, 0.05, 0.05, 0.1164, 0.1164, 0.1164, 0.1164, 0.1164, 0.1164, 0.1164, 0.1164, 0.1164, 0.1164, 0.1578, 0.1578, 0.1578, 0.1578, 0.1578, 0.1578, 0.1578, 0.1578, 0.1578, 0.1578, 0.0854, 0.0854, 0.0854, 0.0854, 0.0854, 0.0854, 0.0854, 0.0854, 0.0854, 0.0854, 0.0174, 0.0174, 0.0174, 0.0174, 0.0174, 0.0174, 0.0174, 0.0174, 0.0174, 0.0174, 0.2924, 0.2924, 0.2924, 0.2924, 0.2924, 0.2924, 0.2924, 0.2924, 0.2924, 0.2924, 0.0684, 0.0684, 0.0684, 0.0684, 0.0684, 0.0684, 0.0684, 0.0684, 0.0684, 0.0684, 0.1655, 0.1655, 0.1655, 0.1655, 0.1655, 0.1655, 0.1655, 0.1655, 0.1655, 0.1655, 0.0703, 0.0703, 0.0703, 0.0703, 0.0703, 0.0703, 0.0703, 0.0703, 0.0703, 0.0703, 0.2173, 0.2173, 0.2173, 0.2173, 0.2173, 0.2173, 0.2173, 0.2173, 0.2173, 0.2173, 0.0046, 0.0046, 0.0046, 0.0046, 0.0046, 0.0046, 0.0046, 0.0046, 0.0046, 0.0046, 0.1192, 0.1192, 0.1192, 0.1192, 0.1192, 0.1192, 0.1192, 0.1192, 0.1192, 0.1192, 0.0029, 0.0029, 0.0029, 0.0029, 0.0029, 0.0029, 0.0029, 0.0029, 0.0029, 0.0029, 0.0745, 0.0745, 0.0745, 0.0745, 0.0745, 0.0745, 0.0745, 0.0745, 0.0745, 0.0745, 0.2381, 0.2381, 0.2381, 0.2381, 0.2381, 0.2381, 0.2381, 0.2381, 0.2381, 0.2381, 0.1587, 0.1587, 0.1587, 0.1587, 0.1587, 0.1587, 0.1587, 0.1587, 0.1587, 0.1587, 0.3993, 0.3993, 0.3993, 0.3993, 0.3993, 0.3993, 0.3993, 0.3993, 0.3993, 0.3993, 0.1291, 0.1291, 0.1291, 0.1291, 0.1291, 0.1291, 0.1291, 0.1291, 0.1291, 0.1291, 0.0361, 0.0361, 0.0361, 0.0361, 0.0361, 0.0361, 0.0361, 0.0361, 0.0361, 0.0361, 0.0297, 0.0297, 0.0297, 0.0297, 0.0297, 0.0297, 0.0297, 0.0297, 0.0297, 0.0297, 0.0735, 0.0735, 0.0735, 0.0735, 0.0735, 0.0735, 0.0735, 0.0735, 0.0735, 0.0735, 0.0699, 0.0699, 0.0699, 0.0699, 0.0699, 0.0699, 0.0699, 0.0699, 0.0699, 0.0699, 0.0024, 0.0024, 0.0024, 0.0024, 0.0024, 0.0024, 0.0024, 0.0024, 0.0024, 0.0024, 0.176, 0.176, 0.176, 0.176, 0.176, 0.176, 0.176, 0.176, 0.176, 0.176, 0.102, 0.102, 0.102, 0.102, 0.102, 0.102, 0.102, 0.102, 0.102, 0.102, 0.1643, 0.1643, 0.1643, 0.1643, 0.1643, 0.1643, 0.1643, 0.1643, 0.1643, 0.1643, 0.1446, 0.1446, 0.1446, 0.1446, 0.1446, 0.1446, 0.1446, 0.1446, 0.1446, 0.1446, 0.2198, 0.2198, 0.2198, 0.2198, 0.2198, 0.2198, 0.2198, 0.2198, 0.2198, 0.2198, 0.0509, 0.0509, 0.0509, 0.0509, 0.0509, 0.0509, 0.0509, 0.0509, 0.0509, 0.0509, 0.126, 0.126, 0.126, 0.126, 0.126, 0.126, 0.126, 0.126, 0.126, 0.126, 0.1051, 0.1051, 0.1051, 0.1051, 0.1051, 0.1051, 0.1051, 0.1051, 0.1051, 0.1051, 0.151, 0.151, 0.151, 0.151, 0.151, 0.151, 0.151, 0.151, 0.151, 0.151, 0.178, 0.178, 0.178, 0.178, 0.178, 0.178, 0.178, 0.178, 0.178, 0.178, 0.1857, 0.1857, 0.1857, 0.1857, 0.1857, 0.1857, 0.1857, 0.1857, 0.1857, 0.1857, 0.1984, 0.1984, 0.1984, 0.1984, 0.1984, 0.1984, 0.1984, 0.1984, 0.1984, 0.1984, 0.2483, 0.2483, 0.2483, 0.2483, 0.2483, 0.2483, 0.2483, 0.2483, 0.2483, 0.2483, 0.1323, 0.1323, 0.1323, 0.1323, 0.1323, 0.1323, 0.1323, 0.1323, 0.1323, 0.1323, 0.0049, 0.0049, 0.0049, 0.0049, 0.0049, 0.0049, 0.0049, 0.0049, 0.0049, 0.0049, 0.2278, 0.2278, 0.2278, 0.2278, 0.2278, 0.2278, 0.2278, 0.2278, 0.2278, 0.2278, 0.2151, 0.2151, 0.2151, 0.2151, 0.2151, 0.2151, 0.2151, 0.2151, 0.2151, 0.2151, 0.0944, 0.0944, 0.0944, 0.0944, 0.0944, 0.0944, 0.0944, 0.0944, 0.0944, 0.0944, 0.0424, 0.0424, 0.0424, 0.0424, 0.0424, 0.0424, 0.0424, 0.0424, 0.0424, 0.0424, 0.1866, 0.1866, 0.1866, 0.1866, 0.1866, 0.1866, 0.1866, 0.1866, 0.1866, 0.1866, 0.081, 0.081, 0.081, 0.081, 0.081, 0.081, 0.081, 0.081, 0.081, 0.081, 0.0986, 0.0986, 0.0986, 0.0986, 0.0986, 0.0986, 0.0986, 0.0986, 0.0986, 0.0986, 0.1516, 0.1516, 0.1538, 0.1538, 0.1538, 0.1538, 0.1538, 0.1538, 0.1538, 0.1538, 0.1538, 0.1538, 0.2786, 0.2786, 0.2786, 0.2786, 0.2786, 0.2786, 0.2786, 0.2786, 0.2786, 0.2786, 0.0805, 0.0805, 0.0805, 0.0805, 0.0805, 0.0805, 0.0805, 0.0805, 0.0805, 0.0805, 0.077, 0.077, 0.077, 0.077, 0.077, 0.077, 0.077, 0.077, 0.077, 0.077, 0.2001, 0.2001, 0.2001, 0.2001, 0.2001, 0.2001, 0.2001, 0.2001, 0.2001, 0.2001, 0.0674, 0.0674, 0.0674, 0.0674, 0.0674, 0.0674, 0.0674, 0.0674, 0.0674, 0.0674, 0.0038, 0.0038, 0.0038, 0.0038, 0.0038, 0.0038, 0.0038, 0.0038, 0.0038, 0.0038, 0.2253, 0.2253, 0.2253, 0.2253, 0.2253, 0.2253, 0.2253, 0.2253, 0.2253, 0.2253, 0.2407, 0.2407, 0.2407, 0.2407, 0.2407, 0.2407, 0.2407, 0.2407, 0.2407, 0.2407, 0.1752, 0.1752, 0.1752, 0.1752, 0.1752, 0.1752, 0.1752, 0.1752, 0.1752, 0.1752, 0.0571, 0.0571, 0.0571, 0.0571, 0.0571, 0.0571, 0.0571, 0.0571, 0.0571, 0.0571, 0.0427, 0.0427, 0.0427, 0.0427, 0.0427, 0.0427, 0.0427, 0.0427, 0.0427, 0.0427, 0.2224, 0.2224, 0.2224, 0.2224, 0.2224, 0.2224, 0.2224, 0.2224, 0.2224, 0.2224, 0.0046, 0.0046, 0.0046, 0.0046, 0.0046, 0.0046, 0.0046, 0.0046, 0.0046, 0.0046, 0.1869, 0.1869, 0.1869, 0.1869, 0.1869, 0.1869, 0.1869, 0.1869, 0.1869, 0.1869, 0.12, 0.12, 0.12, 0.12, 0.12, 0.12, 0.12, 0.12, 0.12, 0.12, 0.1153, 0.1153, 0.1153, 0.1153, 0.1153, 0.1153, 0.1153, 0.1153, 0.1153, 0.1153, 0.1, 0.1, 0.1, 0.1, 0.1, 0.1, 0.1, 0.1, 0.1, 0.1, 0.1671, 0.1671, 0.1671, 0.1671, 0.1671, 0.1671, 0.1671, 0.1671, 0.1671, 0.1671, 0.1738, 0.1738, 0.1738, 0.1738, 0.1738, 0.1738, 0.1738, 0.1738, 0.1738, 0.1738, 0.1637, 0.1637, 0.1637, 0.1637, 0.1637, 0.1637, 0.1637, 0.1637, 0.1637, 0.1637, 0.0702, 0.0702, 0.0702, 0.0702, 0.0702, 0.0702, 0.0702, 0.0702, 0.0702, 0.0702, 0.0117, 0.0117, 0.0117, 0.0117, 0.0117, 0.0117, 0.0117, 0.0117, 0.0117, 0.0117, 0.0548, 0.0548, 0.0548, 0.0548, 0.0548, 0.0548, 0.0548, 0.0548, 0.0548, 0.0548, 0.144, 0.144, 0.144, 0.144, 0.144, 0.144, 0.144, 0.144, 0.144, 0.144, 0.0642, 0.0642, 0.0642, 0.0642, 0.0642, 0.0642, 0.0642, 0.0642, 0.0642, 0.0642, 0.0496, 0.0496, 0.0496, 0.0496, 0.0496, 0.0496, 0.0496, 0.0496, 0.0496, 0.0496, 0.0047, 0.0047, 0.0047, 0.0047, 0.0047, 0.0047, 0.0047, 0.0047, 0.0047, 0.0047, 0.0021, 0.0021, 0.0021, 0.0021, 0.0021, 0.0021, 0.0021, 0.0021, 0.0021, 0.0021, 0.3567, 0.3567, 0.3567, 0.3567, 0.3567, 0.3567, 0.3567, 0.3567, 0.3567, 0.3567, 0.1419, 0.1419, 0.1419, 0.1419, 0.1419, 0.1419, 0.1419, 0.1419, 0.1419, 0.1419, 0.0044, 0.0044, 0.0044, 0.0044, 0.0044, 0.0044, 0.0044, 0.0044, 0.0044, 0.0044, 0.1081, 0.1081, 0.1081, 0.1081, 0.1081, 0.1081, 0.1081, 0.1081, 0.1081, 0.1081, 0.09, 0.09, 0.09, 0.09, 0.09, 0.09, 0.09, 0.09, 0.09, 0.09, 0.0897, 0.0897, 0.0897, 0.0897, 0.0897, 0.0897, 0.0897, 0.0897, 0.0897, 0.0897, 0.0024, 0.0024, 0.0024, 0.0024, 0.0024, 0.0024, 0.0024, 0.0024, 0.0024, 0.0024, 0.394, 0.394, 0.394, 0.394, 0.394, 0.394, 0.394, 0.394, 0.394, 0.394, 0.0029, 0.0029, 0.0029, 0.0029, 0.0029, 0.0029, 0.0029, 0.0029, 0.0029, 0.0029, 0.0026, 0.0026, 0.0026, 0.0026, 0.0026, 0.0026, 0.0026, 0.0026, 0.0026, 0.0026, 0.0023, 0.0023, 0.0023, 0.0023, 0.0023, 0.0023, 0.0023, 0.0023, 0.0023, 0.0023, 0.1844, 0.1844, 0.1844, 0.1844, 0.1844, 0.1844, 0.1844, 0.1844, 0.1844, 0.1844, 0.0018, 0.0018, 0.0018, 0.0018, 0.0018, 0.0018, 0.0018, 0.0018, 0.0018, 0.0018, 0.075, 0.075, 0.075, 0.075, 0.075, 0.075, 0.075, 0.075, 0.075, 0.075, 0.0777, 0.0777, 0.0777, 0.0777, 0.0777, 0.0777, 0.0777, 0.0777, 0.0777, 0.0777, 0.0875, 0.0875, 0.0875, 0.0875, 0.0875, 0.0875, 0.0875, 0.0875, 0.0875, 0.0875, 0.0847, 0.0847, 0.0847, 0.0847, 0.0847, 0.0847, 0.0847, 0.0847, 0.0847, 0.0847, 0.0017, 0.0017, 0.0017, 0.0017, 0.0017, 0.0017, 0.0017, 0.0017, 0.0017, 0.0017, 0.2686, 0.2686, 0.2686, 0.2686, 0.2686, 0.2686, 0.2686, 0.2686, 0.2686, 0.2686, 0.0918, 0.0918, 0.0918, 0.0918, 0.0918, 0.0918, 0.0918, 0.0918, 0.0918, 0.0918, 0.0338, 0.0338, 0.0338, 0.0338, 0.0338, 0.0338, 0.0338, 0.0338, 0.0338, 0.0338, 0.1987, 0.1987, 0.1987, 0.1987, 0.1987, 0.1987, 0.1987, 0.1987, 0.1987, 0.1987, 0.0757, 0.0757, 0.0757, 0.0757, 0.0757, 0.0757, 0.0757, 0.0757, 0.0757, 0.0757, 0.0024, 0.0024, 0.0024, 0.0024, 0.0024, 0.0024, 0.0024, 0.0024, 0.0024, 0.0024, 0.0018, 0.0018, 0.0018, 0.0018, 0.0018, 0.0018, 0.0018, 0.0018, 0.0018, 0.0018, 0.0033, 0.0033, 0.0033, 0.0033, 0.0033, 0.0033, 0.0033, 0.0033, 0.0033, 0.0033, 0.1408, 0.1408, 0.1408, 0.1408, 0.1408, 0.1408, 0.1408, 0.1408, 0.1408, 0.1408, 0.0017, 0.0017, 0.0017, 0.0017, 0.0017, 0.0017, 0.0017, 0.0017, 0.0017, 0.0017, 0.0015, 0.0015, 0.0015, 0.0015, 0.0015, 0.0015, 0.0015, 0.0015, 0.0015, 0.0015, 0.1255, 0.1255, 0.1255, 0.1255, 0.1255, 0.1255, 0.1255, 0.1255, 0.1255, 0.1255, 0.0011, 0.0011, 0.0011, 0.0011, 0.0011, 0.0011, 0.0011, 0.0011, 0.0011, 0.0011, 0.0865, 0.0865, 0.0865, 0.0865, 0.0865, 0.0865, 0.0865, 0.0865, 0.0865, 0.0865, 0.0903, 0.0903, 0.0903, 0.0903, 0.0903, 0.0903, 0.0903, 0.0903, 0.0903, 0.0903, 0.0882, 0.0882, 0.0882, 0.0882, 0.0882, 0.0882, 0.0882, 0.0882, 0.0882, 0.0882, 0.0928, 0.0928, 0.0928, 0.0928, 0.0928, 0.0928, 0.0928, 0.0928, 0.0928, 0.0928, 0.2119, 0.2119, 0.2119, 0.2119, 0.2119, 0.2119, 0.2119, 0.2119, 0.2119, 0.2119, 0.1706, 0.1706, 0.1706, 0.1706, 0.1706, 0.1706, 0.1706, 0.1706, 0.1706, 0.1706, 0.0036, 0.0036, 0.0036, 0.0036, 0.0036, 0.0036, 0.0036, 0.0036, 0.0036, 0.0036, 0.0752, 0.0752, 0.0752, 0.0752, 0.0752, 0.0752, 0.0752, 0.0752, 0.0752, 0.0752, 0.221, 0.221, 0.221, 0.221, 0.221, 0.221, 0.221, 0.221, 0.221, 0.221, 0.1811, 0.1811, 0.1811, 0.1811, 0.1811, 0.1811, 0.1811, 0.1811, 0.1811, 0.1811, 0.0628, 0.0628, 0.0628, 0.0628, 0.0628, 0.0628, 0.0628, 0.0628, 0.0628, 0.0628, 0.0526, 0.0526, 0.0526, 0.0526, 0.0526, 0.0526, 0.0526, 0.0526, 0.0526, 0.0526, 0.1276, 0.1276, 0.1276, 0.1276, 0.1276, 0.1276, 0.1276, 0.1276, 0.1276, 0.1276, 0.0034, 0.0034, 0.0034, 0.0034, 0.0034, 0.0034, 0.0034, 0.0034, 0.0034, 0.0034, 0.0652, 0.0652, 0.0652, 0.0652, 0.0652, 0.0652, 0.0652, 0.0652, 0.0652, 0.0652, 0.1517, 0.1517, 0.1517, 0.1517, 0.1517, 0.1517, 0.1517, 0.1517, 0.1517, 0.1517, 0.0732, 0.0732, 0.0732, 0.0732, 0.0732, 0.0732, 0.0732, 0.0732, 0.0732, 0.0732, 0.2545, 0.2545, 0.2545, 0.2545, 0.2545, 0.2545, 0.2545, 0.2545, 0.2545, 0.2545, 0.0022, 0.0022, 0.0022, 0.0022, 0.0022, 0.0022, 0.0022, 0.0022, 0.0022, 0.0022, 0.0654, 0.0654, 0.0654, 0.0654, 0.0654, 0.0654, 0.0654, 0.0654, 0.0654, 0.0654, 0.0022, 0.0022, 0.0022, 0.0022, 0.0022, 0.0022, 0.0022, 0.0022, 0.0022, 0.0022, 0.0752, 0.0752, 0.0752, 0.0752, 0.0752, 0.0752, 0.0752, 0.0752, 0.0752, 0.0752, 0.0018, 0.0018, 0.0018, 0.0018, 0.0018, 0.0018, 0.0018, 0.0018, 0.0018, 0.0018, 0.0016, 0.0016, 0.0016, 0.0016, 0.0016, 0.0016, 0.0016, 0.0016, 0.0016, 0.0016, 0.0721, 0.0721, 0.0721, 0.0721, 0.0721, 0.0721, 0.0721, 0.0721, 0.0721, 0.0721, 0.176, 0.176, 0.176, 0.176, 0.176, 0.176, 0.176, 0.176, 0.176, 0.176, 0.0089, 0.0089, 0.0089, 0.0089, 0.0089, 0.0089, 0.0089, 0.0089, 0.0089, 0.0089, 0.0696, 0.0696, 0.0696, 0.0696, 0.0696, 0.0696, 0.0696, 0.0696, 0.0696, 0.0696, 0.0017, 0.0017, 0.0017, 0.0017, 0.0017, 0.0017, 0.0017, 0.0017, 0.0017, 0.0017, 0.0012, 0.0012, 0.0012, 0.0012, 0.0012, 0.0012, 0.0012, 0.0012, 0.0012, 0.0012, 0.0015, 0.0015, 0.0015, 0.0015, 0.0015, 0.0015, 0.0015, 0.0015, 0.0015, 0.0015, 0.0009, 0.0009, 0.0009, 0.0009, 0.0009, 0.0009, 0.0009, 0.0009, 0.0009, 0.0009, 0.1438, 0.1438, 0.1438, 0.1438, 0.1438, 0.1438, 0.1438, 0.1438, 0.1438, 0.1438, 0.0251, 0.0251, 0.0251, 0.0251, 0.0251, 0.0251, 0.0251, 0.0251, 0.0251, 0.0251, 0.1011, 0.1011, 0.1011, 0.1011, 0.1011, 0.1011, 0.1011, 0.1011, 0.1011, 0.1011, 0.2847, 0.2847, 0.2847, 0.2847, 0.2847, 0.2847, 0.2847, 0.2847, 0.2847, 0.2847, 0.002, 0.002, 0.002, 0.002, 0.002, 0.002, 0.002, 0.002, 0.002, 0.002, 0.0026, 0.0026, 0.0026, 0.0026, 0.0026, 0.0026, 0.0026, 0.0026, 0.0026, 0.0026, 0.0021, 0.0021, 0.0021, 0.0021, 0.0021, 0.0021, 0.0021, 0.0021, 0.0021, 0.0021, 0.0017, 0.0017, 0.0017, 0.0017, 0.0017, 0.0017, 0.0017, 0.0017, 0.0017, 0.0017, 0.0426, 0.0426, 0.0426, 0.0426, 0.0426, 0.0426, 0.0426, 0.0426, 0.0426, 0.0426, 0.0011, 0.0011, 0.0011, 0.0011, 0.0011, 0.0011, 0.0011, 0.0011, 0.0011, 0.0011, 0.1637, 0.1637, 0.1637, 0.1637, 0.1637, 0.1637, 0.1637, 0.1637, 0.1637, 0.1637, 0.0683, 0.0683, 0.0683, 0.0683, 0.0683, 0.0683, 0.0683, 0.0683, 0.0683, 0.0683, 0.1445, 0.1445, 0.1445, 0.1445, 0.1445, 0.1445, 0.1445, 0.1445, 0.1445, 0.1445, 0.0012, 0.0012, 0.0012, 0.0012, 0.0012, 0.0012, 0.0012, 0.0012, 0.0012, 0.0012, 0.0778, 0.0778, 0.0778, 0.0778, 0.0778, 0.0778, 0.0778, 0.0778, 0.0778, 0.0778, 0.1478, 0.1478, 0.1478, 0.1478, 0.1478, 0.1478, 0.1478, 0.1478, 0.1478, 0.1478, 0.0217, 0.0217, 0.0217, 0.0217, 0.0217, 0.0217, 0.0217, 0.0217, 0.0217, 0.0217, 0.0766, 0.0766, 0.0766, 0.0766, 0.0766, 0.0766, 0.0766, 0.0766, 0.0766, 0.0766, 0.0215, 0.0215, 0.0215, 0.0215, 0.0215, 0.0215, 0.0215, 0.0215, 0.0215, 0.0215, 0.0308, 0.0308, 0.0308, 0.0308, 0.0308, 0.0308, 0.0308, 0.0308, 0.0308, 0.0308, 0.0019, 0.0019, 0.0019, 0.0019, 0.0019, 0.0019, 0.0019, 0.0019, 0.0019, 0.0019, 0.1797, 0.1797, 0.1797, 0.1797, 0.1797, 0.1797, 0.1797, 0.1797, 0.1797, 0.1797, 0.0983, 0.0983, 0.0983, 0.0983, 0.0983, 0.0983, 0.0983, 0.0983, 0.0983, 0.0983, 0.001, 0.001, 0.001, 0.001, 0.001, 0.001, 0.001, 0.001, 0.001, 0.001, 0.0036, 0.0036, 0.0036, 0.0036, 0.0036, 0.0036, 0.0036, 0.0036, 0.0036, 0.0036, 0.0025, 0.0025, 0.0025, 0.0025, 0.0025, 0.0025, 0.0025, 0.0025, 0.0025, 0.0025, 0.0007, 0.0007, 0.0007, 0.0007, 0.0007, 0.0007, 0.0007, 0.0007, 0.0007, 0.0007, 0.0899, 0.0899, 0.0899, 0.0899, 0.0899, 0.0899, 0.0899, 0.0899, 0.0899, 0.0899, 0.0008, 0.0008, 0.0008, 0.0008, 0.0008, 0.0008, 0.0008, 0.0008, 0.0008, 0.0008, 0.0895, 0.0895, 0.0895, 0.0895, 0.0895, 0.0895, 0.0895, 0.0895, 0.0895, 0.0895, 0.0007, 0.0007, 0.0007, 0.0007, 0.0007, 0.0007, 0.0007, 0.0007, 0.0007, 0.0007, 0.1133, 0.1133, 0.1133, 0.1133, 0.1133, 0.1133, 0.1133, 0.1133, 0.1133, 0.1133, 0.0009, 0.0009, 0.0009, 0.0009, 0.0009, 0.0009, 0.0009, 0.0009, 0.0009, 0.0009, 0.0011, 0.0011, 0.0011, 0.0011, 0.0011, 0.0011, 0.0011, 0.0011, 0.0011, 0.0011, 0.1663, 0.1663, 0.1663, 0.1663, 0.1663, 0.1663, 0.1663, 0.1663, 0.1663, 0.1663, 0.131, 0.131, 0.131, 0.131, 0.131, 0.131, 0.131, 0.131, 0.131, 0.131, 0.1419, 0.1419, 0.1419, 0.1419, 0.1419, 0.1419, 0.1419, 0.1419, 0.1419, 0.1419, 0.063, 0.063, 0.063, 0.063, 0.063, 0.063, 0.063, 0.063, 0.063, 0.063, 0.0746, 0.0746, 0.0746, 0.0746, 0.0746, 0.0746, 0.0746, 0.0746, 0.0746, 0.0746, 0.0583, 0.0583, 0.0583, 0.0583, 0.0583, 0.0583, 0.0583, 0.0583, 0.0583, 0.0583, 0.0771, 0.0771, 0.0771, 0.0771, 0.0771, 0.0771, 0.0771, 0.0771, 0.0771, 0.0771, 0.1871, 0.1871, 0.1871, 0.1871, 0.1871, 0.1871, 0.1871, 0.1871, 0.1871, 0.1871, 0.293, 0.293, 0.293, 0.293, 0.293, 0.293, 0.293, 0.293, 0.293, 0.293, 0.2883, 0.2883, 0.2883, 0.2883, 0.2883, 0.2883, 0.2883, 0.2883, 0.2883, 0.2883, 0.0029, 0.0029, 0.0029, 0.0029, 0.0029, 0.0029, 0.0029, 0.0029, 0.0029, 0.0029, 0.0017, 0.0017, 0.0017, 0.0017, 0.0017, 0.0017, 0.0017, 0.0017, 0.0017, 0.0017, 0.0021, 0.0021, 0.0021, 0.0021, 0.0021, 0.0021, 0.0021, 0.0021, 0.0021, 0.0021, 0.1614, 0.1614, 0.1614, 0.1614, 0.1614, 0.1614, 0.1614, 0.1614, 0.1614, 0.1614, 0.0052, 0.0052, 0.0052, 0.0052, 0.0052, 0.0052, 0.0052, 0.0052, 0.0052, 0.0052, 0.0013, 0.0013, 0.0013, 0.0013, 0.0013, 0.0013, 0.0013, 0.0013, 0.0013, 0.0013, 0.1243, 0.1243, 0.1243, 0.1243, 0.1243, 0.1243, 0.1243, 0.1243, 0.1243, 0.1243, 0.0016, 0.0016, 0.0016, 0.0016, 0.0016, 0.0016, 0.0016, 0.0016, 0.0016, 0.0016, 0.206, 0.206, 0.206, 0.206, 0.206, 0.206, 0.206, 0.206, 0.206, 0.206, 0.0012, 0.0012, 0.0012, 0.0012, 0.0012, 0.0012, 0.0012, 0.0012, 0.0012, 0.0012, 0.0619, 0.0619, 0.0619, 0.0619, 0.0619, 0.0619, 0.0619, 0.0619, 0.0619, 0.0619, 0.169, 0.169, 0.169, 0.169, 0.169, 0.169, 0.169, 0.169, 0.169, 0.169, 0.0015, 0.0015, 0.0015, 0.0015, 0.0015, 0.0015, 0.0015, 0.0015, 0.0015, 0.0015, 0.0813, 0.0813, 0.0813, 0.0813, 0.0813, 0.0813, 0.0813, 0.0813, 0.0813, 0.0813, 0.0012, 0.0012, 0.0012, 0.0012, 0.0012, 0.0012, 0.0012, 0.0012, 0.0012, 0.0012, 0.0919, 0.0919, 0.0919, 0.0919, 0.0919, 0.0919, 0.0919, 0.0919, 0.0919, 0.0919, 0.0902, 0.0902, 0.0902, 0.0902, 0.0902, 0.0902, 0.0902, 0.0902, 0.0902, 0.0902, 0.001, 0.001, 0.001, 0.001, 0.001, 0.001, 0.001, 0.001, 0.4315, 0.4315, 0.4315, 0.4315, 0.4315, 0.4315, 0.4315, 0.4315, 0.4315, 0.4315, 0.0016, 0.0016, 0.0016, 0.0016, 0.0016, 0.0016, 0.0016, 0.0016, 0.0016, 0.0016, 0.0011, 0.0011, 0.0011, 0.0011, 0.0011, 0.0011, 0.0011, 0.0011, 0.0011, 0.0011, 0.0016, 0.0016, 0.0016, 0.0016, 0.0016, 0.0016, 0.0016, 0.0016, 0.0016, 0.0016, 0.0011, 0.0011, 0.0011, 0.0011, 0.0011, 0.0011, 0.0011, 0.0011, 0.0011, 0.0011, 0.0408, 0.0408, 0.0408, 0.0408, 0.0408, 0.0408, 0.0408, 0.0408, 0.0408, 0.0408, 0.1856, 0.1856, 0.1856, 0.1856, 0.1856, 0.1856, 0.1856, 0.1856, 0.1856, 0.1856, 0.1346, 0.1346, 0.1346, 0.1346, 0.1346, 0.1346, 0.1346, 0.1346, 0.1346, 0.1346, 0.2397, 0.2397, 0.2397, 0.2397, 0.2397, 0.2397, 0.2397, 0.2397, 0.2397, 0.2397, 0.1203, 0.1203, 0.1203, 0.1203, 0.1203, 0.1203, 0.1203, 0.1203, 0.1203, 0.1203, 0.0016, 0.0016, 0.0016, 0.0016, 0.0016, 0.0016, 0.0016, 0.0016, 0.0016, 0.0016, 0.0035, 0.0035, 0.0035, 0.0035, 0.0035, 0.0035, 0.0035, 0.0035, 0.0035, 0.0035, 0.0015, 0.0015, 0.0015, 0.0015, 0.0015, 0.0015, 0.0015, 0.0015, 0.0015, 0.0015, 0.0014, 0.0014, 0.0014, 0.0014, 0.0014, 0.0014, 0.0014, 0.0014, 0.0014, 0.0014, 0.1125, 0.1125, 0.1125, 0.1125, 0.1125, 0.1125, 0.1125, 0.1125, 0.1125, 0.1125, 0.001, 0.001, 0.001, 0.001, 0.001, 0.001, 0.001, 0.001, 0.001, 0.001, 0.0012, 0.0012, 0.0012, 0.0012, 0.0012, 0.0012, 0.0012, 0.0012, 0.0012, 0.0012, 0.0994, 0.0994, 0.0994, 0.0994, 0.0994, 0.0994, 0.0994, 0.0994, 0.0994, 0.0994, 0.1426, 0.1426, 0.1426, 0.1426, 0.1426, 0.1426, 0.1426, 0.1426, 0.1426, 0.1426, 0.0854, 0.0854, 0.0854, 0.0854, 0.0854, 0.0854, 0.0854, 0.0854, 0.0854, 0.0854, 0.0012, 0.0012, 0.0012, 0.0012, 0.0012, 0.0012, 0.0012, 0.0012, 0.0012, 0.0012, 0.0011, 0.0011, 0.0011, 0.0011, 0.0011, 0.0011, 0.0011, 0.0011, 0.0011, 0.0011, 0.105, 0.105, 0.105, 0.105, 0.105, 0.105, 0.105, 0.105, 0.105, 0.105, 0.097, 0.097, 0.097, 0.097, 0.097, 0.097, 0.097, 0.097, 0.097, 0.097, 0.0868, 0.0868, 0.0868, 0.0868, 0.0868, 0.0868, 0.0868, 0.0868, 0.0868, 0.0868, 0.0011, 0.0011, 0.0011, 0.0011, 0.0011, 0.0011, 0.0011, 0.0011, 0.0011, 0.0011, 0.0008, 0.0008, 0.0008, 0.0008, 0.0008, 0.0008, 0.0008, 0.0008, 0.0008, 0.0008, 0.1, 0.1, 0.1, 0.1, 0.1, 0.1, 0.1, 0.1, 0.1, 0.1, 0.0013, 0.0013, 0.0013, 0.0013, 0.0013, 0.0013, 0.0013, 0.0013, 0.0013, 0.0013, 0.0013, 0.0013, 0.0013, 0.0013, 0.0013, 0.0013, 0.0013, 0.0013, 0.0013, 0.0013, 0.0809, 0.0809, 0.0809, 0.0809, 0.0809, 0.0809, 0.0809, 0.0809, 0.0809, 0.0809, 0.0478, 0.0478, 0.0478, 0.0478, 0.0478, 0.0478, 0.0478, 0.0478, 0.0478, 0.0478, 0.0011, 0.0011, 0.0011, 0.0011, 0.0011, 0.0011, 0.0011, 0.0011, 0.0011, 0.0011, 0.0802, 0.0802, 0.0802, 0.0802, 0.0802, 0.0802, 0.0802, 0.0802, 0.0802, 0.0802, 0.0767, 0.0767, 0.0767, 0.0767, 0.0767, 0.0767, 0.0767, 0.0767, 0.0767, 0.0767, 0.0011, 0.0011, 0.0011, 0.0011, 0.0011, 0.0011, 0.0011, 0.0011, 0.0011, 0.0011, 0.0012, 0.0012, 0.0012, 0.0012, 0.0012, 0.0012, 0.0012, 0.0012, 0.0012, 0.0012, 0.1175, 0.1175, 0.1175, 0.1175, 0.1175, 0.1175, 0.1175, 0.1175, 0.1175, 0.1175, 0.0818, 0.0818, 0.0818, 0.0818, 0.0818, 0.0818, 0.0818, 0.0818, 0.0818, 0.0818, 0.0225, 0.0225, 0.0225, 0.0225, 0.0225, 0.0225, 0.0225, 0.0225, 0.0225, 0.0225, 0.072, 0.072, 0.072, 0.072, 0.072, 0.072, 0.072, 0.072, 0.072, 0.072, 0.0953, 0.0953, 0.0953, 0.0953, 0.0953, 0.0953, 0.0953, 0.0953, 0.0953, 0.0953, 0.0011, 0.0011, 0.0011, 0.0011, 0.0011, 0.0011, 0.0011, 0.0011, 0.0011, 0.0011, 0.0011, 0.0011, 0.0011, 0.0011, 0.0011, 0.0011, 0.0011, 0.0011, 0.0011, 0.0011, 0.0006, 0.0006, 0.0006, 0.0006, 0.0006, 0.0006, 0.0006, 0.0006, 0.0006, 0.0006, 0.0964, 0.0964, 0.0964, 0.0964, 0.0964, 0.0964, 0.0964, 0.0964, 0.0964, 0.0964, 0.0593, 0.0593, 0.0593, 0.0593, 0.0593, 0.0593, 0.0593, 0.0593, 0.0593, 0.0593, 0.23, 0.23, 0.23, 0.23, 0.23, 0.23, 0.23, 0.23, 0.23, 0.23, 0.002, 0.002, 0.002, 0.002, 0.002, 0.002, 0.002, 0.002, 0.002, 0.002, 0.0011, 0.0011, 0.0011, 0.0011, 0.0011, 0.0011, 0.0011, 0.0011, 0.0011, 0.0011, 0.106, 0.106, 0.106, 0.106, 0.106, 0.106, 0.106, 0.106, 0.106, 0.106, 0.0623, 0.0623, 0.0623, 0.0623, 0.0623, 0.0623, 0.0623, 0.0623, 0.0623, 0.0623, 0.1266, 0.1266, 0.1266, 0.1266, 0.1266, 0.1266, 0.1266, 0.1266, 0.1266, 0.1266, 0.1185, 0.1185, 0.1185, 0.1185, 0.1185, 0.1185, 0.1185, 0.1185, 0.1185, 0.1185, 0.0012, 0.0012, 0.0012, 0.0012, 0.0012, 0.0012, 0.0012, 0.0012, 0.0012, 0.0012, 0.2416, 0.2416, 0.2416, 0.2416, 0.2416, 0.2416, 0.2416, 0.2416, 0.2416, 0.2416, 0.0016, 0.0016, 0.0016, 0.0016, 0.0016, 0.0016, 0.0016, 0.0016, 0.0016, 0.0016, 0.1132, 0.1132, 0.1132, 0.1132, 0.1132, 0.1132, 0.1132, 0.1132, 0.1132, 0.1132, 0.0049, 0.0049, 0.0049, 0.0049, 0.0049, 0.0049, 0.0049, 0.0049, 0.0049, 0.0049, 0.1501, 0.1501, 0.1501, 0.1501, 0.1501, 0.1501, 0.1501, 0.1501, 0.1501, 0.1501, 0.0039, 0.0039, 0.0039, 0.0039, 0.0039, 0.0039, 0.0039, 0.0039, 0.0039, 0.0039, 0.0316, 0.0316, 0.0316, 0.0316, 0.0316, 0.0316, 0.0316, 0.0316, 0.0316, 0.0316, 0.1173, 0.1173, 0.1173, 0.1173, 0.1173, 0.1173, 0.1173, 0.1173, 0.1173, 0.1173, 0.0257, 0.0257, 0.0257, 0.0257, 0.0257, 0.0257, 0.0257, 0.0257, 0.0257, 0.0257, 0.082, 0.082, 0.082, 0.082, 0.082, 0.082, 0.082, 0.082, 0.082, 0.082, 0.0012, 0.0012, 0.0012, 0.0012, 0.0012, 0.0012, 0.0012, 0.0012, 0.0012, 0.0012, 0.2365, 0.2365, 0.2365, 0.2365, 0.2365, 0.2365, 0.2365, 0.2365, 0.2365, 0.2365, 0.162, 0.162, 0.162, 0.162, 0.162, 0.162, 0.162, 0.162, 0.162, 0.162, 0.0013, 0.0013, 0.0013, 0.0013, 0.0013, 0.0013, 0.0013, 0.0013, 0.0013, 0.0013, 0.108, 0.108, 0.108, 0.108, 0.108, 0.108, 0.108, 0.108, 0.108, 0.108, 0.0015, 0.0015, 0.0015, 0.0015, 0.0015, 0.0015, 0.0015, 0.0015, 0.0015, 0.0015, 0.0016, 0.0016, 0.0016, 0.0016, 0.0016, 0.0016, 0.0016, 0.0016, 0.0016, 0.0016, 0.0012, 0.0012, 0.0012, 0.0012, 0.0012, 0.0012, 0.0012, 0.0012, 0.0012, 0.0012, 0.0013, 0.0013, 0.0013, 0.0013, 0.0013, 0.0013, 0.0013, 0.0013, 0.0013, 0.0013, 0.1765, 0.1765, 0.1765, 0.1765, 0.1765, 0.1765, 0.1765, 0.1765, 0.1765, 0.1765, 0.0856, 0.0856, 0.0856, 0.0856, 0.0856, 0.0856, 0.0856, 0.0856, 0.0856, 0.0856, 0.0673, 0.0673, 0.0673, 0.0673, 0.0673, 0.0673, 0.0673, 0.0673, 0.0673, 0.0673, 0.0757, 0.0757, 0.0757, 0.0757, 0.0757, 0.0757, 0.0012, 0.0012, 0.0012, 0.0012, 0.0012, 0.0012, 0.0012, 0.0012, 0.0012, 0.0012, 0.0521, 0.0521, 0.0521, 0.0521, 0.0521, 0.0521, 0.0521, 0.0521, 0.0521, 0.0521, 0.0033, 0.0033, 0.0033, 0.0033, 0.0033, 0.0033, 0.0033, 0.0033, 0.0033, 0.0033, 0.0014, 0.0014, 0.0014, 0.0014, 0.0014, 0.0014, 0.0014, 0.0014, 0.0014, 0.0014, 0.0817, 0.0817, 0.0817, 0.0817, 0.0817, 0.0817, 0.0817, 0.0817, 0.0817, 0.0817, 0.0015, 0.0015, 0.0015, 0.0015, 0.0015, 0.0015, 0.0015, 0.0015, 0.0015, 0.0015, 0.0015, 0.0015, 0.0015, 0.0015, 0.0015, 0.0015, 0.0015, 0.0015, 0.0015, 0.0015, 0.1662, 0.1662, 0.1662, 0.1662, 0.1662, 0.1662, 0.1662, 0.1662, 0.1662, 0.1662, 0.108, 0.108, 0.108, 0.108, 0.108, 0.108, 0.108, 0.108, 0.108, 0.108, 0.0782, 0.0782, 0.0782, 0.0782, 0.0782, 0.0782, 0.0782, 0.0782, 0.0782, 0.0782, 0.0721, 0.0721, 0.0721, 0.0721, 0.0721, 0.0721, 0.0721, 0.0721, 0.0721, 0.0721, 0.1024, 0.1024, 0.1024, 0.1024, 0.1024, 0.1024, 0.1024, 0.1024, 0.1024, 0.1024, 0.1016, 0.1016, 0.1016, 0.1016, 0.1016, 0.1016, 0.1016, 0.1016, 0.1016, 0.1016, 0.0012, 0.0012, 0.0012, 0.0012, 0.0012, 0.0012, 0.0012, 0.0012, 0.0012, 0.0012, 0.0899, 0.0899, 0.0899, 0.0899, 0.0899, 0.0899, 0.0899, 0.0899, 0.0899, 0.0899, 0.0069, 0.0069, 0.0069, 0.0069, 0.0069, 0.0069, 0.0069, 0.0069, 0.0069, 0.0069, 0.0732, 0.0732, 0.0732, 0.0732, 0.0732, 0.0732, 0.0732, 0.0732, 0.0732, 0.0732, 0.1022, 0.1022, 0.1022, 0.1022, 0.1022, 0.1022, 0.1022, 0.1022, 0.1022, 0.1022, 0.001, 0.001, 0.001, 0.001, 0.001, 0.001, 0.001, 0.001, 0.001, 0.001, 0.0015, 0.0015, 0.0015, 0.0015, 0.0015, 0.0015, 0.0015, 0.0015, 0.0015, 0.0015, 0.0016, 0.0016, 0.0016, 0.0016, 0.0016, 0.0016, 0.0016, 0.0016, 0.0016, 0.0016, 0.2479, 0.2479, 0.2479, 0.2479, 0.2479, 0.2479, 0.2479, 0.2479, 0.2479, 0.2479, 0.0014, 0.0014, 0.0014, 0.0014, 0.0014, 0.0014, 0.0014, 0.0014, 0.0014, 0.0014, 0.1054, 0.1054, 0.1054, 0.1054, 0.1054, 0.1054, 0.1054, 0.1054, 0.1054, 0.1054, 0.0019, 0.0019, 0.0019, 0.0019, 0.0019, 0.0019, 0.0019, 0.0019, 0.0019, 0.0019, 0.0017, 0.0017, 0.0017, 0.0017, 0.0017, 0.0017, 0.0017, 0.0017, 0.0017, 0.0017, 0.0712, 0.0712, 0.0712, 0.0712, 0.0712, 0.0712, 0.0712, 0.0712, 0.0712, 0.0712, 0.0812, 0.0812, 0.0812, 0.0812, 0.0812, 0.0812, 0.0812, 0.0812, 0.0812, 0.0812, 0.0011, 0.0011, 0.0011, 0.0011, 0.0011, 0.0011, 0.0011, 0.0011, 0.0011, 0.0011, 0.0014, 0.0014, 0.0014, 0.0014, 0.0014, 0.0014, 0.0014, 0.0014, 0.0014, 0.0014, 0.0014, 0.0014, 0.0014, 0.0014, 0.0014, 0.0014, 0.0014, 0.0014, 0.0014, 0.0014, 0.0301, 0.0301, 0.0301, 0.0301, 0.0301, 0.0301, 0.0301, 0.0301, 0.0301, 0.0301, 0.076, 0.076, 0.076, 0.076, 0.076, 0.076, 0.076, 0.076, 0.076, 0.076, 0.2542, 0.2542, 0.2542, 0.2542, 0.2542, 0.2542, 0.2542, 0.2542, 0.2542, 0.2542, 0.2681, 0.2681, 0.2681, 0.2681, 0.2681, 0.2681, 0.2681, 0.2681, 0.2681, 0.2681, 0.0022, 0.0022, 0.0022, 0.0022, 0.0022, 0.0022, 0.0022, 0.0022, 0.0022, 0.0022, 0.0021, 0.0021, 0.0021, 0.0021, 0.0021, 0.0021, 0.0021, 0.0021, 0.0021, 0.0021, 0.0015, 0.0015, 0.0015, 0.0015, 0.0015, 0.0015, 0.0015, 0.0015, 0.0015, 0.0015, 0.0093, 0.0093, 0.0093, 0.0093, 0.0093, 0.0093, 0.0093, 0.0093, 0.0093, 0.0093, 0.1193, 0.1193, 0.1193, 0.1193, 0.1193, 0.1193, 0.1193, 0.1193, 0.1193, 0.1193, 0.0147, 0.0147, 0.0147, 0.0147, 0.0147, 0.0147, 0.0147, 0.0147, 0.0147, 0.0147, 0.0588, 0.0588, 0.0588, 0.0588, 0.0588, 0.0588, 0.0588, 0.0588, 0.0588, 0.0588, 0.2577, 0.2577, 0.2577, 0.2577, 0.2577, 0.2577, 0.2577, 0.2577, 0.2577, 0.2577, 0.0019, 0.0019, 0.0019, 0.0019, 0.0019, 0.0019, 0.0019, 0.0019, 0.0019, 0.0019, 0.0259, 0.0259, 0.0259, 0.0259, 0.0259, 0.0259, 0.0259, 0.0259, 0.0259, 0.0259, 0.0013, 0.0013, 0.0013, 0.0013, 0.0013, 0.0013, 0.0013, 0.0013, 0.0013, 0.0013, 0.0912, 0.0912, 0.0912, 0.0912, 0.0912, 0.0912, 0.0912, 0.0912, 0.0912, 0.0912, 0.0812, 0.0812, 0.0812, 0.0812, 0.0812, 0.0812, 0.0812, 0.0812, 0.0812, 0.0812, 0.0014, 0.0014, 0.0014, 0.0014, 0.0014, 0.0014, 0.0014, 0.0014, 0.0014, 0.0014, 0.1413, 0.1413, 0.1413, 0.1413, 0.1413, 0.1413, 0.1413, 0.1413, 0.1413, 0.1413, 0.0016, 0.0016, 0.0016, 0.0016, 0.0016, 0.0016, 0.0016, 0.0016, 0.0016, 0.0016, 0.0012, 0.0012, 0.0012, 0.0012, 0.0012, 0.0012, 0.0012, 0.0012, 0.0012, 0.0012, 0.0007, 0.0007, 0.0007, 0.0007, 0.0007, 0.0007, 0.0007, 0.0007, 0.0007, 0.0007, 0.0008, 0.0008, 0.0008, 0.0008, 0.0008, 0.0008, 0.0008, 0.0008, 0.0008, 0.0008, 0.0019, 0.0019, 0.0019, 0.0019, 0.0019, 0.0019, 0.0019, 0.0019, 0.0019, 0.0019, 0.0009, 0.0009, 0.0009, 0.0009, 0.0009, 0.0009, 0.0009, 0.0009, 0.0009, 0.0009, 0.0868, 0.0868, 0.0868, 0.0868, 0.0868, 0.0868, 0.0868, 0.0868, 0.0868, 0.0868, 0.0353, 0.0353, 0.0353, 0.0353, 0.0353, 0.0353, 0.0353, 0.0353, 0.0353, 0.0353, 0.0011, 0.0011, 0.0011, 0.0011, 0.0011, 0.0011, 0.0011, 0.0011, 0.0011, 0.0011, 0.0331, 0.0331, 0.0331, 0.0331, 0.0331, 0.0331, 0.0331, 0.0331, 0.0331, 0.0331, 0.1656, 0.1656, 0.1656, 0.1656, 0.1656, 0.1656, 0.1656, 0.1656, 0.1656, 0.1656, 0.0862, 0.0862, 0.0862, 0.0862, 0.0862, 0.0862, 0.0862, 0.0862, 0.0862, 0.0862, 0.0007, 0.0007, 0.0007, 0.0007, 0.0007, 0.0007, 0.0007, 0.0007, 0.0007, 0.0007, 0.131, 0.131, 0.131, 0.131, 0.131, 0.131, 0.131, 0.131, 0.131, 0.131, 0.0787, 0.0787, 0.0787, 0.0787, 0.0787, 0.0787, 0.0787, 0.0787, 0.0787, 0.0787, 0.0438, 0.0438, 0.0438, 0.0438, 0.0438, 0.0438, 0.0438, 0.0438, 0.0438, 0.0438, 0.0008, 0.0008, 0.0008, 0.0008, 0.0008, 0.0008, 0.0008, 0.0008, 0.0008, 0.0008, 0.0297, 0.0297, 0.0297, 0.0297, 0.0297, 0.0297, 0.0297, 0.0297, 0.0297, 0.0297, 0.0014, 0.0014, 0.0014, 0.0014, 0.0014, 0.0014, 0.0014, 0.0014, 0.0014, 0.0014, 0.0819, 0.0819, 0.0819, 0.0819, 0.0819, 0.0819, 0.0819, 0.0819, 0.0819, 0.0819, 0.0009, 0.0009, 0.0009, 0.0009, 0.0009, 0.0009, 0.0009, 0.0009, 0.0009, 0.0009, 0.0573, 0.0573, 0.0573, 0.0573, 0.0573, 0.0573, 0.0573, 0.0573, 0.0573, 0.0573, 0.0011, 0.0011, 0.0011, 0.0011, 0.0011, 0.0011, 0.0011, 0.0011, 0.0011, 0.0011, 0.023, 0.023, 0.023, 0.023, 0.023, 0.023, 0.023, 0.023, 0.023, 0.023, 0.0279, 0.0279, 0.0279, 0.0279, 0.0279, 0.0279, 0.0279, 0.0279, 0.0279, 0.0279, 0.0777, 0.0777, 0.0777, 0.0777, 0.0777, 0.0777, 0.0777, 0.0777, 0.0777, 0.0777, 0.024, 0.024, 0.024, 0.024, 0.024, 0.024, 0.024, 0.024, 0.024, 0.024, 0.0008, 0.0008, 0.0008, 0.0008, 0.0013, 0.0013, 0.0013, 0.0013, 0.0013, 0.0013, 0.0013, 0.0013, 0.0013, 0.0013, 0.147, 0.147, 0.147, 0.147, 0.147, 0.147, 0.147, 0.147, 0.147, 0.147, 0.0012, 0.0012, 0.0012, 0.0012, 0.0012, 0.0012, 0.0012, 0.0012, 0.0012, 0.0012, 0.1851, 0.1851, 0.1851, 0.1851, 0.1851, 0.1851, 0.1851, 0.1851, 0.1851, 0.1851, 0.001, 0.001, 0.001, 0.001, 0.001, 0.001, 0.001, 0.001, 0.001, 0.001, 0.1084, 0.1084, 0.1084, 0.1084, 0.1084, 0.1084, 0.1084, 0.1084, 0.1084, 0.1084, 0.0012, 0.0012, 0.0012, 0.0012, 0.0012, 0.0012, 0.0012, 0.0012, 0.0012, 0.0012, 0.0012, 0.0012, 0.0012, 0.0012, 0.0012, 0.0012, 0.0012, 0.0012, 0.0012, 0.0012, 0.0009, 0.0009, 0.0009, 0.0009, 0.0009, 0.0009, 0.0009, 0.0009, 0.0009, 0.0009, 0.0011, 0.0011, 0.0011, 0.0011, 0.0011, 0.0011, 0.0011, 0.0011, 0.0011, 0.0011, 0.1128, 0.1128, 0.1128, 0.1128, 0.1128, 0.1128, 0.1128, 0.1128, 0.1128, 0.1128, 0.001, 0.001, 0.001, 0.001, 0.001, 0.001, 0.001, 0.001, 0.001, 0.001, 0.2354, 0.2354, 0.2354, 0.2354, 0.2354, 0.2354, 0.2354, 0.2354, 0.2354, 0.2354, 0.0794, 0.0794, 0.0794, 0.0794, 0.0794, 0.0794, 0.0794, 0.0794, 0.0794, 0.0794, 0.0816, 0.0816, 0.0816, 0.0816, 0.0816, 0.0816, 0.0816, 0.0816, 0.0816, 0.0816, 0.001, 0.001, 0.001, 0.001, 0.001, 0.001, 0.001, 0.001, 0.001, 0.001, 0.1809, 0.1809, 0.1809, 0.1809, 0.1809, 0.1809, 0.1809, 0.1809, 0.1809, 0.1809, 0.0015, 0.0015, 0.0015, 0.0015, 0.0015, 0.0015, 0.0015, 0.0015, 0.0015, 0.0015, 0.0014, 0.0014, 0.0014, 0.0014, 0.0014, 0.0014, 0.0014, 0.0014, 0.0014, 0.0014, 0.2195, 0.2195, 0.2195, 0.2195, 0.2195, 0.2195, 0.2195, 0.2195, 0.2195, 0.2195, 0.0518, 0.0518, 0.0518, 0.0518, 0.0518, 0.0518, 0.0518, 0.0518, 0.0518, 0.0518, 0.0018, 0.0018, 0.0018, 0.0018, 0.0018, 0.0018, 0.0018, 0.0018, 0.0018, 0.0018, 0.0013, 0.0013, 0.0013, 0.0013, 0.0013, 0.0013, 0.0013, 0.0013, 0.0013, 0.0013, 0.0016, 0.0016, 0.0016, 0.0016, 0.0016, 0.0016, 0.0016, 0.0016, 0.0016, 0.0016, 0.0018, 0.0018, 0.0018, 0.0018, 0.0018, 0.0018, 0.0018, 0.0018, 0.0018, 0.0018, 0.0013, 0.0013, 0.0013, 0.0013, 0.0013, 0.0013, 0.0013, 0.0013, 0.0013, 0.0013, 0.0016, 0.0016, 0.0016, 0.0016, 0.0016, 0.0016, 0.0016, 0.0016, 0.0016, 0.0016, 0.0729, 0.0729, 0.0729, 0.0729, 0.0729, 0.0729, 0.0729, 0.0729, 0.0729, 0.0729, 0.001, 0.001, 0.001, 0.001, 0.001, 0.001, 0.001, 0.001, 0.001, 0.001, 0.0015, 0.0015, 0.0015, 0.0015, 0.0015, 0.0015, 0.0015, 0.0015, 0.0015, 0.0015, 0.0015, 0.0015, 0.0015, 0.0015, 0.0015, 0.0015, 0.0015, 0.0015, 0.0015, 0.0015, 0.0962, 0.0962, 0.0962, 0.0962, 0.0962, 0.0962, 0.0962, 0.0962, 0.0962, 0.0962, 0.0752, 0.0752, 0.0752, 0.0752, 0.0752, 0.0752, 0.0752, 0.0752, 0.0752, 0.0752, 0.0738, 0.0738, 0.0738, 0.0738, 0.0738, 0.0738, 0.0738, 0.0738, 0.0738, 0.0738, 0.1146, 0.1146, 0.1146, 0.1146, 0.1146, 0.1146, 0.1146, 0.1146, 0.1146, 0.1146, 0.0745, 0.0745, 0.0745, 0.0745, 0.0745, 0.0745, 0.0745, 0.0745, 0.0745, 0.0745, 0.0982, 0.0982, 0.0982, 0.0982, 0.0982, 0.0982, 0.0982, 0.0982, 0.0982, 0.0982, 0.0013, 0.0013, 0.0013, 0.0013, 0.0013, 0.0013, 0.0013, 0.0013, 0.0013, 0.0013, 0.0007, 0.0007, 0.0007, 0.0007, 0.0007, 0.0007, 0.0007, 0.0007, 0.0007, 0.0007, 0.0018, 0.0018, 0.0018, 0.0018, 0.0018, 0.0018, 0.0018, 0.0018, 0.0018, 0.0018, 0.0011, 0.0011, 0.0011, 0.0011, 0.0011, 0.0011, 0.0011, 0.0011, 0.0011, 0.0011, 0.0013, 0.0013, 0.0013, 0.0013, 0.0013, 0.0013, 0.0013, 0.0013, 0.0013, 0.0013, 0.0012, 0.0012, 0.0012, 0.0012, 0.0012, 0.0012, 0.0012, 0.0012, 0.0012, 0.0012, 0.001, 0.001, 0.001, 0.001, 0.001, 0.001, 0.001, 0.001, 0.001, 0.001, 0.0609, 0.0609, 0.0609, 0.0609, 0.0609, 0.0609, 0.0609, 0.0609, 0.0609, 0.0609, 0.0011, 0.0011, 0.0011, 0.0011, 0.0011, 0.0011, 0.0011, 0.0011, 0.0011, 0.0011, 0.0015, 0.0015, 0.0015, 0.0015, 0.0015, 0.0015, 0.0015, 0.0015, 0.0015, 0.0015, 0.0007, 0.0007, 0.0007, 0.0007, 0.0007, 0.0007, 0.0007, 0.0007, 0.0007, 0.0007, 0.0008, 0.0008, 0.0008, 0.0008, 0.0008, 0.0008, 0.0008, 0.0008, 0.0008, 0.0008, 0.0008, 0.0008, 0.0008, 0.0008, 0.0008, 0.0008, 0.0008, 0.0008, 0.0008, 0.0008, 0.0011, 0.0011, 0.0011, 0.0011, 0.0011, 0.0011, 0.0011, 0.0011, 0.0011, 0.0011, 0.1645, 0.1645, 0.1645, 0.1645, 0.1645, 0.1645, 0.1645, 0.1645, 0.1645, 0.1645, 0.0013, 0.0013, 0.0013, 0.0013, 0.0013, 0.0013, 0.0013, 0.0013, 0.0013, 0.0013, 0.001, 0.001, 0.001, 0.001, 0.001, 0.001, 0.001, 0.001, 0.001, 0.001, 0.0014, 0.0014, 0.0014, 0.0014, 0.0014, 0.0014, 0.0014, 0.0014, 0.0014, 0.0014, 0.0012, 0.0012, 0.0012, 0.0012, 0.0012, 0.0012, 0.0012, 0.0012, 0.0012, 0.0012, 0.0174, 0.0174, 0.0174, 0.0174, 0.0174, 0.0174, 0.0174, 0.0174, 0.0174, 0.0174, 0.0008, 0.0008, 0.0008, 0.0008, 0.0008, 0.0008, 0.0008, 0.0008, 0.0008, 0.0008, 0.0011, 0.0011, 0.0011, 0.0011, 0.0011, 0.0011, 0.0011, 0.0011, 0.0011, 0.0011, 0.0013, 0.0013, 0.0013, 0.0013, 0.0013, 0.0013, 0.0013, 0.0013, 0.0013, 0.0013, 0.0009, 0.0009, 0.0009, 0.0009, 0.0009, 0.0009, 0.0009, 0.0009, 0.0009, 0.0009, 0.0011, 0.0011, 0.0011, 0.0011, 0.0011, 0.0011, 0.0011, 0.0011, 0.0011, 0.0011, 0.0025, 0.0025, 0.0025, 0.0025, 0.0025, 0.0025, 0.0025, 0.0025, 0.0025, 0.0025, 0.0007, 0.0007, 0.0007, 0.0007, 0.0007, 0.0007, 0.0007, 0.0007, 0.0007, 0.0007, 0.0826, 0.0826, 0.0826, 0.0826, 0.0826, 0.0826, 0.0826, 0.0826, 0.0826, 0.0826, 0.0917, 0.0917, 0.0917, 0.0917, 0.0917, 0.0917, 0.0917, 0.0917, 0.0917, 0.0917, 0.0009, 0.0009, 0.0009, 0.0009, 0.0009, 0.0009, 0.0009, 0.0009, 0.0009, 0.0009, 0.0008, 0.0008, 0.0008, 0.0008, 0.0008, 0.0008, 0.0008, 0.0008, 0.0008, 0.0008, 0.0858, 0.0858, 0.0858, 0.0858, 0.0858, 0.0858, 0.0858, 0.0858, 0.0858, 0.0858, 0.0693, 0.0693, 0.0693, 0.0693, 0.0693, 0.0693, 0.0693, 0.0693, 0.0693, 0.0693, 0.0009, 0.0009, 0.0009, 0.0009, 0.0009, 0.0009, 0.0009, 0.0009, 0.0009, 0.0009, 0.0013, 0.0013, 0.0013, 0.0013, 0.0013, 0.0013, 0.0013, 0.0013, 0.0013, 0.0013, 0.0856, 0.0856, 0.0856, 0.0856, 0.0856, 0.0856, 0.0856, 0.0856, 0.0856, 0.0856, 0.0011, 0.0011, 0.0011, 0.0011, 0.0011, 0.0011, 0.0011, 0.0011, 0.0011, 0.0011, 0.001, 0.001, 0.001, 0.001, 0.001, 0.001, 0.001, 0.001, 0.001, 0.001, 0.001, 0.001, 0.001, 0.001, 0.001, 0.001, 0.001, 0.001, 0.001, 0.001, 0.0983, 0.0983, 0.0983, 0.0983, 0.0983, 0.0983, 0.0983, 0.0983, 0.0983, 0.0983, 0.0012, 0.0012, 0.0012, 0.0012, 0.0012, 0.0012, 0.0012, 0.0012, 0.0012, 0.0012, 0.0012, 0.0012, 0.0011, 0.0011, 0.0011, 0.0011, 0.0011, 0.0011, 0.0011, 0.0011, 0.0011, 0.0011, 0.1614, 0.1614, 0.1614, 0.1614, 0.1614, 0.1614, 0.1614, 0.1614, 0.1614, 0.1614, 0.0007, 0.0007, 0.0007, 0.0007, 0.0007, 0.0007, 0.0007, 0.0007, 0.0007, 0.0007, 0.001, 0.001, 0.001, 0.001, 0.001, 0.001, 0.001, 0.001, 0.001, 0.001, 0.0007, 0.0007, 0.0007, 0.0007, 0.0007, 0.0007, 0.0007, 0.0007, 0.0007, 0.0007, 0.0775, 0.0775, 0.0775, 0.0775, 0.0775, 0.0775, 0.0775, 0.0775, 0.0775, 0.0775, 0.0013, 0.0013, 0.0013, 0.0013, 0.0013, 0.0013, 0.0013, 0.0013, 0.0013, 0.0013, 0.0007, 0.0007, 0.0007, 0.0007, 0.0007, 0.0007, 0.0007, 0.0007, 0.0007, 0.0007, 0.001, 0.001, 0.001, 0.001, 0.001, 0.001, 0.001, 0.001, 0.001, 0.001, 0.0846, 0.0846, 0.0846, 0.0846, 0.0846, 0.0846, 0.0846, 0.0846, 0.0846, 0.0846, 0.0014, 0.0014, 0.0014, 0.0014, 0.0014, 0.0014, 0.0014, 0.0014, 0.0014, 0.0014, 0.0807, 0.0807, 0.0807, 0.0807, 0.0807, 0.0807, 0.0807, 0.0807, 0.0807, 0.0807, 0.0808, 0.0808, 0.0808, 0.0808, 0.0808, 0.0808, 0.0808, 0.0808, 0.0808, 0.0808, 0.001, 0.001, 0.001, 0.001, 0.001, 0.001, 0.001, 0.001, 0.001, 0.001, 0.0011, 0.0011, 0.0011, 0.0011, 0.0011, 0.0011, 0.0011, 0.0011, 0.0011, 0.0011, 0.001, 0.001, 0.001, 0.001, 0.001, 0.001, 0.001, 0.001, 0.001, 0.001, 0.0008, 0.0008, 0.0008, 0.0008, 0.0008, 0.0008, 0.0008, 0.0008, 0.0008, 0.0008, 0.0773, 0.0773, 0.0773, 0.0773, 0.0773, 0.0773, 0.0773, 0.0773, 0.0773, 0.0773, 0.0006, 0.0006, 0.0006, 0.0006, 0.0006, 0.0006, 0.0006, 0.0006, 0.0006, 0.0006, 0.001, 0.001, 0.001, 0.001, 0.001, 0.001, 0.001, 0.001, 0.001, 0.001, 0.1547, 0.1547, 0.1547, 0.1547, 0.1547, 0.1547, 0.1547, 0.1547, 0.1547, 0.1547, 0.0007, 0.0007, 0.0007, 0.0007, 0.0007, 0.0007, 0.0007, 0.0007, 0.0007, 0.0007, 0.0014, 0.0014, 0.0014, 0.0014, 0.0014, 0.0014, 0.0014, 0.0014, 0.0014, 0.0014, 0.0747, 0.0747, 0.0747, 0.0747, 0.0747, 0.0747, 0.0747, 0.0747, 0.0747, 0.0747, 0.0011, 0.0011, 0.0011, 0.0011, 0.0011, 0.0011, 0.0011, 0.0011, 0.0011, 0.0011, 0.0013, 0.0013, 0.0013, 0.0013, 0.0013, 0.0013, 0.0013, 0.0013, 0.0013, 0.0013, 0.0014, 0.0014, 0.0014, 0.0014, 0.0014, 0.0014, 0.0014, 0.0014, 0.0014, 0.0014, 0.0096, 0.0096, 0.0096, 0.0096, 0.0096, 0.0096, 0.0096, 0.0096, 0.0096, 0.0096, 0.0101, 0.0101, 0.0101, 0.0101, 0.0101, 0.0101, 0.0101, 0.0101, 0.0101, 0.0101, 0.0011, 0.0011, 0.0011, 0.0011, 0.0011, 0.0011, 0.0011, 0.0011, 0.0011, 0.0011, 0.0011, 0.0011, 0.0011, 0.0011, 0.0011, 0.0011, 0.0011, 0.0011, 0.0011, 0.0011, 0.001, 0.001, 0.001, 0.001, 0.001, 0.001, 0.001, 0.001, 0.001, 0.001, 0.001, 0.001, 0.001, 0.001, 0.001, 0.001, 0.001, 0.001, 0.001, 0.001, 0.0056, 0.0056, 0.0056, 0.0056, 0.0056, 0.0056, 0.0056, 0.0056, 0.0056, 0.0056, 0.0012, 0.0012, 0.0012, 0.0012, 0.0012, 0.0012, 0.0012, 0.0012, 0.0012, 0.0012, 0.0015, 0.0015, 0.0015, 0.0015, 0.0015, 0.0015, 0.0015, 0.0015, 0.0015, 0.0015, 0.078, 0.078, 0.078, 0.078, 0.078, 0.078, 0.078, 0.078, 0.078, 0.078, 0.1042, 0.1042, 0.1042, 0.1042, 0.1042, 0.1042, 0.1042, 0.1042, 0.1042, 0.1042, 0.0011, 0.0011, 0.0011, 0.0011, 0.0011, 0.0011, 0.0011, 0.0011, 0.0011, 0.0011, 0.0945, 0.0945, 0.0945, 0.0945, 0.0945, 0.0945, 0.0945, 0.0945, 0.0945, 0.0945, 0.0007, 0.0007, 0.0007, 0.0007, 0.0007, 0.0007, 0.0007, 0.0007, 0.0007, 0.0007, 0.0009, 0.0009, 0.0009, 0.0009, 0.0009, 0.0009, 0.0009, 0.0009, 0.0009, 0.0009, 0.0009, 0.0009, 0.0009, 0.0009, 0.0009, 0.0009, 0.0009, 0.0009, 0.0009, 0.0009, 0.0008, 0.0008, 0.0008, 0.0008, 0.0008, 0.0008, 0.0008, 0.0008, 0.0008, 0.0008, 0.0012, 0.0012, 0.0012, 0.0012, 0.0012, 0.0012, 0.0012, 0.0012, 0.0012, 0.0012, 0.0005, 0.0005, 0.0005, 0.0005, 0.0005, 0.0005, 0.0005, 0.0005, 0.0005, 0.0005, 0.001, 0.001, 0.001, 0.001, 0.001, 0.001, 0.001, 0.001, 0.001, 0.001, 0.0005, 0.0005, 0.0005, 0.0005, 0.0005, 0.0005, 0.0005, 0.0005, 0.0005, 0.0005, 0.001, 0.001, 0.001, 0.001, 0.001, 0.001, 0.001, 0.001, 0.001, 0.001, 0.0009, 0.0009, 0.0009, 0.0009, 0.0009, 0.0009, 0.0009, 0.0009, 0.0009, 0.0009, 0.1661, 0.1661, 0.1661, 0.1661, 0.1661, 0.1661, 0.1661, 0.1661, 0.1661, 0.1661, 0.1511, 0.1511, 0.1511, 0.1511, 0.1511, 0.1511, 0.1511, 0.1511, 0.1511, 0.1511, 0.0007, 0.0007, 0.0007, 0.0007, 0.0007, 0.0007, 0.0007, 0.0007, 0.0007, 0.0007, 0.0876, 0.0876, 0.0876, 0.0876, 0.0876, 0.0876, 0.0876, 0.0876, 0.0876, 0.0876, 0.0832, 0.0832, 0.0832, 0.0832, 0.0832, 0.0832, 0.0832, 0.0832, 0.0832, 0.0832, 0.0009, 0.0009, 0.0009, 0.0009, 0.0009, 0.0009, 0.0009, 0.0009, 0.0009, 0.0009, 0.0862, 0.0862, 0.0862, 0.0862, 0.0862, 0.0862, 0.0862, 0.0862, 0.0862, 0.0862, 0.0009, 0.0009, 0.0009, 0.0009, 0.0009, 0.0009, 0.0009, 0.0009, 0.0009, 0.0009, 0.001, 0.001, 0.001, 0.001, 0.001, 0.001, 0.001, 0.001, 0.001, 0.001, 0.0006, 0.0006, 0.0006, 0.0006, 0.0006, 0.0006, 0.0006, 0.0006, 0.0006, 0.0006, 0.0007, 0.0007, 0.0007, 0.0007, 0.0007, 0.0007, 0.0007, 0.0007, 0.0007, 0.0007, 0.0931, 0.0931, 0.0931, 0.0931, 0.0931, 0.0931, 0.0931, 0.0931, 0.0931, 0.0931, 0.0008, 0.0008, 0.0008, 0.0008, 0.0008, 0.0008, 0.0008, 0.0008, 0.0008, 0.0008, 0.1109, 0.1109, 0.1109, 0.1109, 0.1109, 0.1109, 0.1109, 0.1109, 0.1109, 0.1109, 0.0779, 0.0779, 0.0779, 0.0779, 0.0779, 0.0779, 0.0779, 0.0779, 0.0779, 0.0779, 0.0007, 0.0007, 0.0007, 0.0007, 0.0007, 0.0007, 0.0007, 0.0007, 0.0007, 0.0007, 0.001, 0.001, 0.001, 0.001, 0.001, 0.001, 0.001, 0.001, 0.001, 0.001, 0.1797, 0.1797, 0.1797, 0.1797, 0.1797, 0.1797, 0.1797, 0.1797, 0.1797, 0.1797, 0.001, 0.001, 0.001, 0.001, 0.001, 0.001, 0.001, 0.001, 0.001, 0.001, 0.0009, 0.0009, 0.0009, 0.0009, 0.0009, 0.0009, 0.0009, 0.0009, 0.0009, 0.0009, 0.03, 0.03, 0.03, 0.03, 0.03, 0.03, 0.03, 0.03, 0.03, 0.03, 0.0008, 0.0008, 0.0008, 0.0008, 0.0008, 0.0008, 0.0008, 0.0008, 0.0008, 0.0008, 0.0866, 0.0866, 0.0866, 0.0866, 0.0866, 0.0866, 0.0866, 0.0866, 0.0866, 0.0866, 0.0008, 0.0008, 0.0008, 0.0008, 0.0008, 0.0008, 0.0008, 0.0008, 0.0008, 0.0008, 0.001, 0.001, 0.001, 0.001, 0.001, 0.001, 0.001, 0.001, 0.001, 0.001, 0.001, 0.001, 0.001, 0.001, 0.001, 0.001, 0.001, 0.001, 0.001, 0.001]
Validation Loss:
[0.38106170296669006, 0.25870370864868164, 0.2968444228172302, 0.2808307409286499, 0.2563434839248657, 0.2974870204925537, 0.29927095770835876, 0.39204442501068115, 0.3324422538280487, 0.3412695825099945]
Train, Validation, Test split:
Train: 6222
Validation: 1755
Test: 887
