Accuracy: 0.9449838187702265
Classification Report:
                  precision    recall  f1-score   support

        Archival       0.97      0.97      0.97       411
          Letter       0.95      0.96      0.95       208
        Literary       0.38      0.60      0.46        10
Royal/Monumental       0.92      0.91      0.92       102
      Scientific       0.96      0.92      0.94       196

        accuracy                           0.94       927
       macro avg       0.83      0.87      0.85       927
    weighted avg       0.95      0.94      0.95       927

Training Loss:
[1.6563, 1.6563, 1.6563, 1.6563, 1.6563, 1.6563, 1.6563, 1.6563, 1.6563, 1.6563, 1.629, 1.629, 1.629, 1.629, 1.629, 1.629, 1.629, 1.629, 1.629, 1.629, 1.5642, 1.5642, 1.5642, 1.5642, 1.5642, 1.5642, 1.5642, 1.5642, 1.5642, 1.5642, 1.4554, 1.4554, 1.4554, 1.4554, 1.4554, 1.4554, 1.4554, 1.4554, 1.4554, 1.4554, 1.4078, 1.4078, 1.4078, 1.4078, 1.4078, 1.4078, 1.4078, 1.4078, 1.4078, 1.4078, 1.2852, 1.2852, 1.2852, 1.2852, 1.2852, 1.2852, 1.2852, 1.2852, 1.2852, 1.2852, 1.1538, 1.1538, 1.1538, 1.1538, 1.1538, 1.1538, 1.1538, 1.1538, 1.1538, 1.1538, 1.2211, 1.2211, 1.2211, 1.2211, 1.2211, 1.2211, 1.2211, 1.2211, 1.2211, 1.2211, 1.1182, 1.1182, 1.1182, 1.1182, 1.1182, 1.1182, 1.1182, 1.1182, 1.1182, 1.1182, 1.0582, 1.0582, 1.0582, 1.0582, 1.0582, 1.0582, 1.0582, 1.0582, 1.0582, 1.0582, 1.0295, 1.0295, 1.0295, 1.0295, 1.0295, 1.0295, 1.0295, 1.0295, 1.0295, 1.0295, 0.9792, 0.9792, 0.9792, 0.9792, 0.9792, 0.9792, 0.9792, 0.9792, 0.9792, 0.9792, 0.7126, 0.7126, 0.7126, 0.7126, 0.7126, 0.7126, 0.7126, 0.7126, 0.7126, 0.7126, 0.6604, 0.6604, 0.6604, 0.6604, 0.6604, 0.6604, 0.6604, 0.6604, 0.6604, 0.6604, 0.7588, 0.7588, 0.7588, 0.7588, 0.7588, 0.7588, 0.7588, 0.7588, 0.7588, 0.7588, 0.6189, 0.6189, 0.6189, 0.6189, 0.6189, 0.6189, 0.6189, 0.6189, 0.6189, 0.6189, 0.6591, 0.6591, 0.6591, 0.6591, 0.6591, 0.6591, 0.6591, 0.6591, 0.6591, 0.6591, 0.6339, 0.6339, 0.6339, 0.6339, 0.6339, 0.6339, 0.6339, 0.6339, 0.6339, 0.6339, 0.7304, 0.7304, 0.7304, 0.7304, 0.7304, 0.7304, 0.7304, 0.7304, 0.7304, 0.7304, 0.689, 0.689, 0.689, 0.689, 0.689, 0.689, 0.689, 0.689, 0.689, 0.689, 0.4886, 0.4886, 0.4886, 0.4886, 0.4886, 0.4886, 0.4886, 0.4886, 0.4886, 0.4886, 0.4066, 0.4066, 0.4066, 0.4066, 0.4066, 0.4066, 0.4066, 0.4066, 0.4066, 0.4066, 0.5422, 0.5422, 0.5422, 0.5422, 0.5422, 0.5422, 0.5422, 0.5422, 0.5422, 0.5422, 0.5393, 0.5393, 0.5393, 0.5393, 0.5393, 0.5393, 0.5393, 0.5393, 0.5393, 0.5393, 0.852, 0.852, 0.852, 0.852, 0.852, 0.852, 0.852, 0.852, 0.852, 0.852, 0.6744, 0.6744, 0.6744, 0.6744, 0.6744, 0.6744, 0.6744, 0.6744, 0.6744, 0.6744, 0.7178, 0.7178, 0.7178, 0.7178, 0.7178, 0.7178, 0.7178, 0.7178, 0.7178, 0.7178, 0.4293, 0.4293, 0.4293, 0.4293, 0.4293, 0.4293, 0.4293, 0.4293, 0.4293, 0.4293, 0.7365, 0.7365, 0.7365, 0.7365, 0.7365, 0.7365, 0.7365, 0.7365, 0.7365, 0.7365, 0.5024, 0.5024, 0.5024, 0.5024, 0.5024, 0.5024, 0.5024, 0.5024, 0.5024, 0.5024, 0.5069, 0.5069, 0.5069, 0.5069, 0.5069, 0.5069, 0.5069, 0.5069, 0.5069, 0.5069, 0.5729, 0.5729, 0.5729, 0.5729, 0.5729, 0.5729, 0.5729, 0.5729, 0.5729, 0.5729, 0.4035, 0.4035, 0.4035, 0.4035, 0.4035, 0.4035, 0.4035, 0.4035, 0.4035, 0.4035, 0.4419, 0.4419, 0.4419, 0.4419, 0.4419, 0.4419, 0.4419, 0.4419, 0.4419, 0.4419, 0.6285, 0.6285, 0.6285, 0.6285, 0.6285, 0.6285, 0.6285, 0.6285, 0.6285, 0.6285, 0.6763, 0.6763, 0.6763, 0.6763, 0.6763, 0.6763, 0.6763, 0.6763, 0.6763, 0.6763, 0.7369, 0.7369, 0.7369, 0.7369, 0.7369, 0.7369, 0.7369, 0.7369, 0.7369, 0.7369, 0.8657, 0.8657, 0.8657, 0.8657, 0.8657, 0.8657, 0.8657, 0.8657, 0.8657, 0.8657, 0.3907, 0.3907, 0.3907, 0.3907, 0.3907, 0.3907, 0.3907, 0.3907, 0.3907, 0.3907, 0.5596, 0.5596, 0.5596, 0.5596, 0.5596, 0.5596, 0.5596, 0.5596, 0.5596, 0.5596, 0.5478, 0.5478, 0.5478, 0.5478, 0.5478, 0.5478, 0.5478, 0.5478, 0.5478, 0.5478, 0.5599, 0.5599, 0.5599, 0.5599, 0.5599, 0.5599, 0.5599, 0.5599, 0.5599, 0.5599, 0.8822, 0.8822, 0.8822, 0.8822, 0.8822, 0.8822, 0.8822, 0.8822, 0.8822, 0.8822, 0.4983, 0.4983, 0.4983, 0.4983, 0.4983, 0.4983, 0.4983, 0.4983, 0.4983, 0.4983, 0.3458, 0.3458, 0.3458, 0.3458, 0.3458, 0.3458, 0.3458, 0.3458, 0.3458, 0.3458, 0.525, 0.525, 0.525, 0.525, 0.525, 0.525, 0.525, 0.525, 0.525, 0.525, 0.7892, 0.7892, 0.7892, 0.7892, 0.7892, 0.7892, 0.7892, 0.7892, 0.7892, 0.7892, 0.5561, 0.5561, 0.5561, 0.5561, 0.5561, 0.5561, 0.5561, 0.5561, 0.5561, 0.5561, 0.7597, 0.7597, 0.7597, 0.7597, 0.7597, 0.7597, 0.7597, 0.7597, 0.7597, 0.7597, 0.7217, 0.7217, 0.7217, 0.7217, 0.7217, 0.7217, 0.7217, 0.7217, 0.7217, 0.7217, 0.329, 0.329, 0.329, 0.329, 0.329, 0.329, 0.329, 0.329, 0.329, 0.329, 0.5052, 0.5052, 0.5052, 0.5052, 0.5052, 0.5052, 0.5052, 0.5052, 0.5052, 0.5052, 0.5383, 0.5383, 0.5383, 0.5383, 0.5383, 0.5383, 0.5383, 0.5383, 0.5383, 0.5383, 0.5547, 0.5547, 0.5547, 0.5547, 0.5547, 0.5547, 0.5547, 0.5547, 0.5547, 0.5547, 0.7347, 0.7347, 0.7347, 0.7347, 0.7347, 0.7347, 0.7347, 0.7347, 0.7347, 0.7347, 0.6977, 0.6977, 0.6977, 0.6977, 0.6977, 0.6977, 0.6977, 0.6977, 0.6977, 0.6977, 0.5004, 0.5004, 0.5004, 0.5004, 0.5004, 0.5004, 0.5004, 0.5004, 0.5004, 0.5004, 0.4666, 0.4666, 0.4666, 0.4666, 0.4666, 0.4666, 0.4666, 0.4666, 0.4666, 0.4666, 0.4419, 0.4419, 0.4419, 0.4419, 0.4419, 0.4419, 0.4419, 0.4419, 0.4419, 0.4419, 0.4602, 0.4602, 0.4602, 0.4602, 0.4602, 0.4602, 0.4602, 0.4602, 0.4602, 0.4602, 0.6824, 0.6824, 0.6824, 0.6824, 0.6824, 0.6824, 0.6824, 0.6824, 0.6824, 0.6824, 0.4998, 0.4998, 0.4998, 0.4998, 0.4998, 0.4998, 0.4998, 0.4998, 0.4998, 0.4998, 0.3947, 0.3947, 0.3947, 0.3947, 0.3947, 0.3947, 0.3947, 0.3947, 0.3947, 0.3947, 0.7664, 0.7664, 0.7664, 0.7664, 0.7664, 0.7664, 0.7664, 0.7664, 0.7664, 0.7664, 0.3487, 0.3487, 0.3487, 0.3487, 0.3487, 0.3487, 0.3487, 0.3487, 0.3487, 0.3487, 0.4787, 0.4787, 0.4787, 0.4787, 0.4787, 0.4787, 0.4787, 0.4787, 0.4787, 0.4787, 0.5516, 0.5516, 0.5516, 0.5516, 0.5516, 0.5516, 0.5516, 0.5516, 0.5516, 0.5516, 0.4058, 0.4058, 0.4058, 0.4058, 0.4058, 0.4058, 0.4058, 0.4058, 0.4058, 0.4058, 0.2727, 0.2727, 0.2727, 0.2727, 0.2727, 0.2727, 0.2727, 0.2727, 0.2727, 0.2727, 0.4035, 0.4035, 0.4035, 0.4035, 0.4035, 0.4035, 0.4035, 0.4035, 0.4035, 0.4035, 0.693, 0.693, 0.693, 0.693, 0.693, 0.693, 0.693, 0.693, 0.693, 0.693, 0.3588, 0.3588, 0.3588, 0.3588, 0.3588, 0.3588, 0.3588, 0.3588, 0.3588, 0.3588, 0.3962, 0.3962, 0.3962, 0.3962, 0.3962, 0.3962, 0.3962, 0.3962, 0.3962, 0.3962, 0.4221, 0.4221, 0.4221, 0.4221, 0.4221, 0.4221, 0.4221, 0.4221, 0.4221, 0.4221, 0.252, 0.252, 0.252, 0.252, 0.252, 0.252, 0.252, 0.252, 0.252, 0.252, 0.5151, 0.5151, 0.5151, 0.5151, 0.5151, 0.5151, 0.5151, 0.5151, 0.5151, 0.5151, 0.8044, 0.8044, 0.8044, 0.8044, 0.8044, 0.8044, 0.8044, 0.8044, 0.8044, 0.8044, 0.3262, 0.3262, 0.3262, 0.3262, 0.3262, 0.3262, 0.3262, 0.3262, 0.3262, 0.3262, 0.4175, 0.4175, 0.4175, 0.4175, 0.4175, 0.4175, 0.4175, 0.4175, 0.4175, 0.4175, 0.5047, 0.5047, 0.5047, 0.5047, 0.5047, 0.5047, 0.5047, 0.5047, 0.5047, 0.5047, 0.4369, 0.4369, 0.4369, 0.4369, 0.4434, 0.4434, 0.4434, 0.4434, 0.4434, 0.4434, 0.4434, 0.4434, 0.4434, 0.4434, 0.6474, 0.6474, 0.6474, 0.6474, 0.6474, 0.6474, 0.6474, 0.6474, 0.6474, 0.6474, 0.2992, 0.2992, 0.2992, 0.2992, 0.2992, 0.2992, 0.2992, 0.2992, 0.2992, 0.2992, 0.4913, 0.4913, 0.4913, 0.4913, 0.4913, 0.4913, 0.4913, 0.4913, 0.4913, 0.4913, 0.294, 0.294, 0.294, 0.294, 0.294, 0.294, 0.294, 0.294, 0.294, 0.294, 0.252, 0.252, 0.252, 0.252, 0.252, 0.252, 0.252, 0.252, 0.252, 0.252, 0.2816, 0.2816, 0.2816, 0.2816, 0.2816, 0.2816, 0.2816, 0.2816, 0.2816, 0.2816, 0.2924, 0.2924, 0.2924, 0.2924, 0.2924, 0.2924, 0.2924, 0.2924, 0.2924, 0.2924, 0.3041, 0.3041, 0.3041, 0.3041, 0.3041, 0.3041, 0.3041, 0.3041, 0.3041, 0.3041, 0.0705, 0.0705, 0.0705, 0.0705, 0.0705, 0.0705, 0.0705, 0.0705, 0.0705, 0.0705, 0.2495, 0.2495, 0.2495, 0.2495, 0.2495, 0.2495, 0.2495, 0.2495, 0.2495, 0.2495, 0.3977, 0.3977, 0.3977, 0.3977, 0.3977, 0.3977, 0.3977, 0.3977, 0.3977, 0.3977, 0.5931, 0.5931, 0.5931, 0.5931, 0.5931, 0.5931, 0.5931, 0.5931, 0.5931, 0.5931, 0.3548, 0.3548, 0.3548, 0.3548, 0.3548, 0.3548, 0.3548, 0.3548, 0.3548, 0.3548, 0.2135, 0.2135, 0.2135, 0.2135, 0.2135, 0.2135, 0.2135, 0.2135, 0.2135, 0.2135, 0.4297, 0.4297, 0.4297, 0.4297, 0.4297, 0.4297, 0.4297, 0.4297, 0.4297, 0.4297, 0.3198, 0.3198, 0.3198, 0.3198, 0.3198, 0.3198, 0.3198, 0.3198, 0.3198, 0.3198, 0.5088, 0.5088, 0.5088, 0.5088, 0.5088, 0.5088, 0.5088, 0.5088, 0.5088, 0.5088, 0.3037, 0.3037, 0.3037, 0.3037, 0.3037, 0.3037, 0.3037, 0.3037, 0.3037, 0.3037, 0.2954, 0.2954, 0.2954, 0.2954, 0.2954, 0.2954, 0.2954, 0.2954, 0.2954, 0.2954, 0.4487, 0.4487, 0.4487, 0.4487, 0.4487, 0.4487, 0.4487, 0.4487, 0.4487, 0.4487, 0.2096, 0.2096, 0.2096, 0.2096, 0.2096, 0.2096, 0.2096, 0.2096, 0.2096, 0.2096, 0.2834, 0.2834, 0.2834, 0.2834, 0.2834, 0.2834, 0.2834, 0.2834, 0.2834, 0.2834, 0.2391, 0.2391, 0.2391, 0.2391, 0.2391, 0.2391, 0.2391, 0.2391, 0.2391, 0.2391, 0.3583, 0.3583, 0.3583, 0.3583, 0.3583, 0.3583, 0.3583, 0.3583, 0.3583, 0.3583, 0.1541, 0.1541, 0.1541, 0.1541, 0.1541, 0.1541, 0.1541, 0.1541, 0.1541, 0.1541, 0.3784, 0.3784, 0.3784, 0.3784, 0.3784, 0.3784, 0.3784, 0.3784, 0.3784, 0.3784, 0.4926, 0.4926, 0.4926, 0.4926, 0.4926, 0.4926, 0.4926, 0.4926, 0.4926, 0.4926, 0.42, 0.42, 0.42, 0.42, 0.42, 0.42, 0.42, 0.42, 0.42, 0.42, 0.4044, 0.4044, 0.4044, 0.4044, 0.4044, 0.4044, 0.4044, 0.4044, 0.4044, 0.4044, 0.2944, 0.2944, 0.2944, 0.2944, 0.2944, 0.2944, 0.2944, 0.2944, 0.2944, 0.2944, 0.4286, 0.4286, 0.4286, 0.4286, 0.4286, 0.4286, 0.4286, 0.4286, 0.4286, 0.4286, 0.2572, 0.2572, 0.2572, 0.2572, 0.2572, 0.2572, 0.2572, 0.2572, 0.2572, 0.2572, 0.2892, 0.2892, 0.2892, 0.2892, 0.2892, 0.2892, 0.2892, 0.2892, 0.2892, 0.2892, 0.3716, 0.3716, 0.3716, 0.3716, 0.3716, 0.3716, 0.3716, 0.3716, 0.3716, 0.3716, 0.3965, 0.3965, 0.3965, 0.3965, 0.3965, 0.3965, 0.3965, 0.3965, 0.3965, 0.3965, 0.5872, 0.5872, 0.5872, 0.5872, 0.5872, 0.5872, 0.5872, 0.5872, 0.5872, 0.5872, 0.3329, 0.3329, 0.3329, 0.3329, 0.3329, 0.3329, 0.3329, 0.3329, 0.3329, 0.3329, 0.2081, 0.2081, 0.2081, 0.2081, 0.2081, 0.2081, 0.2081, 0.2081, 0.2081, 0.2081, 0.3415, 0.3415, 0.3415, 0.3415, 0.3415, 0.3415, 0.3415, 0.3415, 0.3415, 0.3415, 0.2277, 0.2277, 0.2277, 0.2277, 0.2277, 0.2277, 0.2277, 0.2277, 0.2277, 0.2277, 0.3529, 0.3529, 0.3529, 0.3529, 0.3529, 0.3529, 0.3529, 0.3529, 0.3529, 0.3529, 0.2454, 0.2454, 0.2454, 0.2454, 0.2454, 0.2454, 0.2454, 0.2454, 0.2454, 0.2454, 0.1841, 0.1841, 0.1841, 0.1841, 0.1841, 0.1841, 0.1841, 0.1841, 0.1841, 0.1841, 0.8486, 0.8486, 0.8486, 0.8486, 0.8486, 0.8486, 0.8486, 0.8486, 0.8486, 0.8486, 0.1007, 0.1007, 0.1007, 0.1007, 0.1007, 0.1007, 0.1007, 0.1007, 0.1007, 0.1007, 0.1762, 0.1762, 0.1762, 0.1762, 0.1762, 0.1762, 0.1762, 0.1762, 0.1762, 0.1762, 0.4356, 0.4356, 0.4356, 0.4356, 0.4356, 0.4356, 0.4356, 0.4356, 0.4356, 0.4356, 0.4233, 0.4233, 0.4233, 0.4233, 0.4233, 0.4233, 0.4233, 0.4233, 0.4233, 0.4233, 0.3599, 0.3599, 0.3599, 0.3599, 0.3599, 0.3599, 0.3599, 0.3599, 0.3599, 0.3599, 0.3035, 0.3035, 0.3035, 0.3035, 0.3035, 0.3035, 0.3035, 0.3035, 0.3035, 0.3035, 0.5519, 0.5519, 0.5519, 0.5519, 0.5519, 0.5519, 0.5519, 0.5519, 0.5519, 0.5519, 0.0846, 0.0846, 0.0846, 0.0846, 0.0846, 0.0846, 0.0846, 0.0846, 0.0846, 0.0846, 0.2926, 0.2926, 0.2926, 0.2926, 0.2926, 0.2926, 0.2926, 0.2926, 0.2926, 0.2926, 0.4807, 0.4807, 0.4807, 0.4807, 0.4807, 0.4807, 0.4807, 0.4807, 0.4807, 0.4807, 0.2585, 0.2585, 0.2585, 0.2585, 0.2585, 0.2585, 0.2585, 0.2585, 0.2585, 0.2585, 0.7322, 0.7322, 0.7322, 0.7322, 0.7322, 0.7322, 0.7322, 0.7322, 0.7322, 0.7322, 0.2886, 0.2886, 0.2886, 0.2886, 0.2886, 0.2886, 0.2886, 0.2886, 0.2886, 0.2886, 0.4402, 0.4402, 0.4402, 0.4402, 0.4402, 0.4402, 0.4402, 0.4402, 0.4402, 0.4402, 0.2198, 0.2198, 0.2198, 0.2198, 0.2198, 0.2198, 0.2198, 0.2198, 0.2198, 0.2198, 0.2604, 0.2604, 0.2604, 0.2604, 0.2604, 0.2604, 0.2604, 0.2604, 0.2604, 0.2604, 0.4788, 0.4788, 0.4788, 0.4788, 0.4788, 0.4788, 0.4788, 0.4788, 0.4788, 0.4788, 0.1919, 0.1919, 0.1919, 0.1919, 0.1919, 0.1919, 0.1919, 0.1919, 0.1919, 0.1919, 0.3025, 0.3025, 0.3025, 0.3025, 0.3025, 0.3025, 0.3025, 0.3025, 0.3025, 0.3025, 0.391, 0.391, 0.391, 0.391, 0.391, 0.391, 0.391, 0.391, 0.391, 0.391, 0.3601, 0.3601, 0.3601, 0.3601, 0.3601, 0.3601, 0.3601, 0.3601, 0.3601, 0.3601, 0.4617, 0.4617, 0.4617, 0.4617, 0.4617, 0.4617, 0.4617, 0.4617, 0.4617, 0.4617, 0.493, 0.493, 0.493, 0.493, 0.493, 0.493, 0.493, 0.493, 0.493, 0.493, 0.2568, 0.2568, 0.2568, 0.2568, 0.2568, 0.2568, 0.2568, 0.2568, 0.2568, 0.2568, 0.3585, 0.3585, 0.3585, 0.3585, 0.3585, 0.3585, 0.3585, 0.3585, 0.3585, 0.3585, 0.3729, 0.3729, 0.3729, 0.3729, 0.3729, 0.3729, 0.3729, 0.3729, 0.3729, 0.3729, 0.2761, 0.2761, 0.2761, 0.2761, 0.2761, 0.2761, 0.2761, 0.2761, 0.2761, 0.2761, 0.2927, 0.2927, 0.2927, 0.2927, 0.2927, 0.2927, 0.2927, 0.2927, 0.2927, 0.2927, 0.2161, 0.2161, 0.2161, 0.2161, 0.2161, 0.2161, 0.2161, 0.2161, 0.2161, 0.2161, 0.4844, 0.4844, 0.4844, 0.4844, 0.4844, 0.4844, 0.4844, 0.4844, 0.4844, 0.4844, 0.9429, 0.9429, 0.9429, 0.9429, 0.9429, 0.9429, 0.9429, 0.9429, 0.9429, 0.9429, 0.5092, 0.5092, 0.5092, 0.5092, 0.5092, 0.5092, 0.5092, 0.5092, 0.5092, 0.5092, 0.3944, 0.3944, 0.3944, 0.3944, 0.3944, 0.3944, 0.3944, 0.3944, 0.3944, 0.3944, 0.6216, 0.6216, 0.6216, 0.6216, 0.6216, 0.6216, 0.6216, 0.6216, 0.6216, 0.6216, 0.4297, 0.4297, 0.4297, 0.4297, 0.4297, 0.4297, 0.4297, 0.4297, 0.4297, 0.4297, 0.2509, 0.2509, 0.2509, 0.2509, 0.2509, 0.2509, 0.2509, 0.2509, 0.209, 0.209, 0.209, 0.209, 0.209, 0.209, 0.209, 0.209, 0.209, 0.209, 0.3757, 0.3757, 0.3757, 0.3757, 0.3757, 0.3757, 0.3757, 0.3757, 0.3757, 0.3757, 0.1708, 0.1708, 0.1708, 0.1708, 0.1708, 0.1708, 0.1708, 0.1708, 0.1708, 0.1708, 0.2237, 0.2237, 0.2237, 0.2237, 0.2237, 0.2237, 0.2237, 0.2237, 0.2237, 0.2237, 0.2626, 0.2626, 0.2626, 0.2626, 0.2626, 0.2626, 0.2626, 0.2626, 0.2626, 0.2626, 0.2452, 0.2452, 0.2452, 0.2452, 0.2452, 0.2452, 0.2452, 0.2452, 0.2452, 0.2452, 0.3291, 0.3291, 0.3291, 0.3291, 0.3291, 0.3291, 0.3291, 0.3291, 0.3291, 0.3291, 0.2686, 0.2686, 0.2686, 0.2686, 0.2686, 0.2686, 0.2686, 0.2686, 0.2686, 0.2686, 0.488, 0.488, 0.488, 0.488, 0.488, 0.488, 0.488, 0.488, 0.488, 0.488, 0.22, 0.22, 0.22, 0.22, 0.22, 0.22, 0.22, 0.22, 0.22, 0.22, 0.4675, 0.4675, 0.4675, 0.4675, 0.4675, 0.4675, 0.4675, 0.4675, 0.4675, 0.4675, 0.1652, 0.1652, 0.1652, 0.1652, 0.1652, 0.1652, 0.1652, 0.1652, 0.1652, 0.1652, 0.2707, 0.2707, 0.2707, 0.2707, 0.2707, 0.2707, 0.2707, 0.2707, 0.2707, 0.2707, 0.267, 0.267, 0.267, 0.267, 0.267, 0.267, 0.267, 0.267, 0.267, 0.267, 0.145, 0.145, 0.145, 0.145, 0.145, 0.145, 0.145, 0.145, 0.145, 0.145, 0.1476, 0.1476, 0.1476, 0.1476, 0.1476, 0.1476, 0.1476, 0.1476, 0.1476, 0.1476, 0.2023, 0.2023, 0.2023, 0.2023, 0.2023, 0.2023, 0.2023, 0.2023, 0.2023, 0.2023, 0.494, 0.494, 0.494, 0.494, 0.494, 0.494, 0.494, 0.494, 0.494, 0.494, 0.5847, 0.5847, 0.5847, 0.5847, 0.5847, 0.5847, 0.5847, 0.5847, 0.5847, 0.5847, 0.7155, 0.7155, 0.7155, 0.7155, 0.7155, 0.7155, 0.7155, 0.7155, 0.7155, 0.7155, 0.0146, 0.0146, 0.0146, 0.0146, 0.0146, 0.0146, 0.0146, 0.0146, 0.0146, 0.0146, 0.2137, 0.2137, 0.2137, 0.2137, 0.2137, 0.2137, 0.2137, 0.2137, 0.2137, 0.2137, 0.1819, 0.1819, 0.1819, 0.1819, 0.1819, 0.1819, 0.1819, 0.1819, 0.1819, 0.1819, 0.0288, 0.0288, 0.0288, 0.0288, 0.0288, 0.0288, 0.0288, 0.0288, 0.0288, 0.0288, 0.2187, 0.2187, 0.2187, 0.2187, 0.2187, 0.2187, 0.2187, 0.2187, 0.2187, 0.2187, 0.0931, 0.0931, 0.0931, 0.0931, 0.0931, 0.0931, 0.0931, 0.0931, 0.0931, 0.0931, 0.4527, 0.4527, 0.4527, 0.4527, 0.4527, 0.4527, 0.4527, 0.4527, 0.4527, 0.4527, 0.2876, 0.2876, 0.2876, 0.2876, 0.2876, 0.2876, 0.2876, 0.2876, 0.2876, 0.2876, 0.1457, 0.1457, 0.1457, 0.1457, 0.1457, 0.1457, 0.1457, 0.1457, 0.1457, 0.1457, 0.036, 0.036, 0.036, 0.036, 0.036, 0.036, 0.036, 0.036, 0.036, 0.036, 0.0654, 0.0654, 0.0654, 0.0654, 0.0654, 0.0654, 0.0654, 0.0654, 0.0654, 0.0654, 0.2568, 0.2568, 0.2568, 0.2568, 0.2568, 0.2568, 0.2568, 0.2568, 0.2568, 0.2568, 0.3842, 0.3842, 0.3842, 0.3842, 0.3842, 0.3842, 0.3842, 0.3842, 0.3842, 0.3842, 0.1407, 0.1407, 0.1407, 0.1407, 0.1407, 0.1407, 0.1407, 0.1407, 0.1407, 0.1407, 0.2121, 0.2121, 0.2121, 0.2121, 0.2121, 0.2121, 0.2121, 0.2121, 0.2121, 0.2121, 0.3529, 0.3529, 0.3529, 0.3529, 0.3529, 0.3529, 0.3529, 0.3529, 0.3529, 0.3529, 0.4557, 0.4557, 0.4557, 0.4557, 0.4557, 0.4557, 0.4557, 0.4557, 0.4557, 0.4557, 0.2081, 0.2081, 0.2081, 0.2081, 0.2081, 0.2081, 0.2081, 0.2081, 0.2081, 0.2081, 0.146, 0.146, 0.146, 0.146, 0.146, 0.146, 0.146, 0.146, 0.146, 0.146, 0.3703, 0.3703, 0.3703, 0.3703, 0.3703, 0.3703, 0.3703, 0.3703, 0.3703, 0.3703, 0.3458, 0.3458, 0.3458, 0.3458, 0.3458, 0.3458, 0.3458, 0.3458, 0.3458, 0.3458, 0.2579, 0.2579, 0.2579, 0.2579, 0.2579, 0.2579, 0.2579, 0.2579, 0.2579, 0.2579, 0.4082, 0.4082, 0.4082, 0.4082, 0.4082, 0.4082, 0.4082, 0.4082, 0.4082, 0.4082, 0.1535, 0.1535, 0.1535, 0.1535, 0.1535, 0.1535, 0.1535, 0.1535, 0.1535, 0.1535, 0.3642, 0.3642, 0.3642, 0.3642, 0.3642, 0.3642, 0.3642, 0.3642, 0.3642, 0.3642, 0.2026, 0.2026, 0.2026, 0.2026, 0.2026, 0.2026, 0.2026, 0.2026, 0.2026, 0.2026, 0.3196, 0.3196, 0.3196, 0.3196, 0.3196, 0.3196, 0.3196, 0.3196, 0.3196, 0.3196, 0.5575, 0.5575, 0.5575, 0.5575, 0.5575, 0.5575, 0.5575, 0.5575, 0.5575, 0.5575, 0.2581, 0.2581, 0.2581, 0.2581, 0.2581, 0.2581, 0.2581, 0.2581, 0.2581, 0.2581, 0.1963, 0.1963, 0.1963, 0.1963, 0.1963, 0.1963, 0.1963, 0.1963, 0.1963, 0.1963, 0.253, 0.253, 0.253, 0.253, 0.253, 0.253, 0.253, 0.253, 0.253, 0.253, 0.4346, 0.4346, 0.4346, 0.4346, 0.4346, 0.4346, 0.4346, 0.4346, 0.4346, 0.4346, 0.3433, 0.3433, 0.3433, 0.3433, 0.3433, 0.3433, 0.3433, 0.3433, 0.3433, 0.3433, 0.1933, 0.1933, 0.1933, 0.1933, 0.1933, 0.1933, 0.1933, 0.1933, 0.1933, 0.1933, 0.4512, 0.4512, 0.4512, 0.4512, 0.4512, 0.4512, 0.4512, 0.4512, 0.4512, 0.4512, 0.2728, 0.2728, 0.2728, 0.2728, 0.2728, 0.2728, 0.2728, 0.2728, 0.2728, 0.2728, 0.0555, 0.0555, 0.0555, 0.0555, 0.0555, 0.0555, 0.0555, 0.0555, 0.0555, 0.0555, 0.2445, 0.2445, 0.2445, 0.2445, 0.2445, 0.2445, 0.2445, 0.2445, 0.2445, 0.2445, 0.3529, 0.3529, 0.3529, 0.3529, 0.3529, 0.3529, 0.3529, 0.3529, 0.3529, 0.3529, 0.3681, 0.3681, 0.3681, 0.3681, 0.3681, 0.3681, 0.3681, 0.3681, 0.3681, 0.3681, 0.2048, 0.2048, 0.2048, 0.2048, 0.2048, 0.2048, 0.2048, 0.2048, 0.2048, 0.2048, 0.2177, 0.2177, 0.2177, 0.2177, 0.2177, 0.2177, 0.2177, 0.2177, 0.2177, 0.2177, 0.0279, 0.0279, 0.0279, 0.0279, 0.0279, 0.0279, 0.0279, 0.0279, 0.0279, 0.0279, 0.1005, 0.1005, 0.1005, 0.1005, 0.1005, 0.1005, 0.1005, 0.1005, 0.1005, 0.1005, 0.1698, 0.1698, 0.1698, 0.1698, 0.1698, 0.1698, 0.1698, 0.1698, 0.1698, 0.1698, 0.3044, 0.3044, 0.3044, 0.3044, 0.3044, 0.3044, 0.3044, 0.3044, 0.3044, 0.3044, 0.1705, 0.1705, 0.1705, 0.1705, 0.1705, 0.1705, 0.1705, 0.1705, 0.1705, 0.1705, 0.4373, 0.4373, 0.4373, 0.4373, 0.4373, 0.4373, 0.4373, 0.4373, 0.4373, 0.4373, 0.4747, 0.4747, 0.4747, 0.4747, 0.4747, 0.4747, 0.4747, 0.4747, 0.4747, 0.4747, 0.0472, 0.0472, 0.0472, 0.0472, 0.0472, 0.0472, 0.0472, 0.0472, 0.0472, 0.0472, 0.0859, 0.0859, 0.0859, 0.0859, 0.0859, 0.0859, 0.0859, 0.0859, 0.0859, 0.0859, 0.0939, 0.0939, 0.0939, 0.0939, 0.0939, 0.0939, 0.0939, 0.0939, 0.0939, 0.0939, 0.2371, 0.2371, 0.2371, 0.2371, 0.2371, 0.2371, 0.2371, 0.2371, 0.2371, 0.2371, 0.1731, 0.1731, 0.1731, 0.1731, 0.1731, 0.1731, 0.1731, 0.1731, 0.1731, 0.1731, 0.1585, 0.1585, 0.1585, 0.1585, 0.1585, 0.1585, 0.1585, 0.1585, 0.1585, 0.1585, 0.2495, 0.2495, 0.2495, 0.2495, 0.2495, 0.2495, 0.2495, 0.2495, 0.2495, 0.2495, 0.391, 0.391, 0.391, 0.391, 0.391, 0.391, 0.391, 0.391, 0.391, 0.391, 0.3859, 0.3859, 0.3859, 0.3859, 0.3859, 0.3859, 0.3859, 0.3859, 0.3859, 0.3859, 0.2993, 0.2993, 0.2993, 0.2993, 0.2993, 0.2993, 0.2993, 0.2993, 0.2993, 0.2993, 0.1943, 0.1943, 0.1943, 0.1943, 0.1943, 0.1943, 0.1943, 0.1943, 0.1943, 0.1943, 0.1249, 0.1249, 0.1249, 0.1249, 0.1249, 0.1249, 0.1249, 0.1249, 0.1249, 0.1249, 0.2027, 0.2027, 0.1783, 0.1783, 0.1783, 0.1783, 0.1783, 0.1783, 0.1783, 0.1783, 0.1783, 0.1783, 0.2623, 0.2623, 0.2623, 0.2623, 0.2623, 0.2623, 0.2623, 0.2623, 0.2623, 0.2623, 0.1613, 0.1613, 0.1613, 0.1613, 0.1613, 0.1613, 0.1613, 0.1613, 0.1613, 0.1613, 0.0049, 0.0049, 0.0049, 0.0049, 0.0049, 0.0049, 0.0049, 0.0049, 0.0049, 0.0049, 0.1593, 0.1593, 0.1593, 0.1593, 0.1593, 0.1593, 0.1593, 0.1593, 0.1593, 0.1593, 0.2952, 0.2952, 0.2952, 0.2952, 0.2952, 0.2952, 0.2952, 0.2952, 0.2952, 0.2952, 0.343, 0.343, 0.343, 0.343, 0.343, 0.343, 0.343, 0.343, 0.343, 0.343, 0.0817, 0.0817, 0.0817, 0.0817, 0.0817, 0.0817, 0.0817, 0.0817, 0.0817, 0.0817, 0.0796, 0.0796, 0.0796, 0.0796, 0.0796, 0.0796, 0.0796, 0.0796, 0.0796, 0.0796, 0.0665, 0.0665, 0.0665, 0.0665, 0.0665, 0.0665, 0.0665, 0.0665, 0.0665, 0.0665, 0.3188, 0.3188, 0.3188, 0.3188, 0.3188, 0.3188, 0.3188, 0.3188, 0.3188, 0.3188, 0.1206, 0.1206, 0.1206, 0.1206, 0.1206, 0.1206, 0.1206, 0.1206, 0.1206, 0.1206, 0.2626, 0.2626, 0.2626, 0.2626, 0.2626, 0.2626, 0.2626, 0.2626, 0.2626, 0.2626, 0.2571, 0.2571, 0.2571, 0.2571, 0.2571, 0.2571, 0.2571, 0.2571, 0.2571, 0.2571, 0.3134, 0.3134, 0.3134, 0.3134, 0.3134, 0.3134, 0.3134, 0.3134, 0.3134, 0.3134, 0.3029, 0.3029, 0.3029, 0.3029, 0.3029, 0.3029, 0.3029, 0.3029, 0.3029, 0.3029, 0.3776, 0.3776, 0.3776, 0.3776, 0.3776, 0.3776, 0.3776, 0.3776, 0.3776, 0.3776, 0.2078, 0.2078, 0.2078, 0.2078, 0.2078, 0.2078, 0.2078, 0.2078, 0.2078, 0.2078, 0.2555, 0.2555, 0.2555, 0.2555, 0.2555, 0.2555, 0.2555, 0.2555, 0.2555, 0.2555, 0.3058, 0.3058, 0.3058, 0.3058, 0.3058, 0.3058, 0.3058, 0.3058, 0.3058, 0.3058, 0.252, 0.252, 0.252, 0.252, 0.252, 0.252, 0.252, 0.252, 0.252, 0.252, 0.0892, 0.0892, 0.0892, 0.0892, 0.0892, 0.0892, 0.0892, 0.0892, 0.0892, 0.0892, 0.3199, 0.3199, 0.3199, 0.3199, 0.3199, 0.3199, 0.3199, 0.3199, 0.3199, 0.3199, 0.1995, 0.1995, 0.1995, 0.1995, 0.1995, 0.1995, 0.1995, 0.1995, 0.1995, 0.1995, 0.173, 0.173, 0.173, 0.173, 0.173, 0.173, 0.173, 0.173, 0.173, 0.173, 0.2241, 0.2241, 0.2241, 0.2241, 0.2241, 0.2241, 0.2241, 0.2241, 0.2241, 0.2241, 0.1548, 0.1548, 0.1548, 0.1548, 0.1548, 0.1548, 0.1548, 0.1548, 0.1548, 0.1548, 0.0751, 0.0751, 0.0751, 0.0751, 0.0751, 0.0751, 0.0751, 0.0751, 0.0751, 0.0751, 0.004, 0.004, 0.004, 0.004, 0.004, 0.004, 0.004, 0.004, 0.004, 0.004, 0.3789, 0.3789, 0.3789, 0.3789, 0.3789, 0.3789, 0.3789, 0.3789, 0.3789, 0.3789, 0.0964, 0.0964, 0.0964, 0.0964, 0.0964, 0.0964, 0.0964, 0.0964, 0.0964, 0.0964, 0.2299, 0.2299, 0.2299, 0.2299, 0.2299, 0.2299, 0.2299, 0.2299, 0.2299, 0.2299, 0.3311, 0.3311, 0.3311, 0.3311, 0.3311, 0.3311, 0.3311, 0.3311, 0.3311, 0.3311, 0.3835, 0.3835, 0.3835, 0.3835, 0.3835, 0.3835, 0.3835, 0.3835, 0.3835, 0.3835, 0.2273, 0.2273, 0.2273, 0.2273, 0.2273, 0.2273, 0.2273, 0.2273, 0.2273, 0.2273, 0.1237, 0.1237, 0.1237, 0.1237, 0.1237, 0.1237, 0.1237, 0.1237, 0.1237, 0.1237, 0.0521, 0.0521, 0.0521, 0.0521, 0.0521, 0.0521, 0.0521, 0.0521, 0.0521, 0.0521, 0.1438, 0.1438, 0.1438, 0.1438, 0.1438, 0.1438, 0.1438, 0.1438, 0.1438, 0.1438, 0.1687, 0.1687, 0.1687, 0.1687, 0.1687, 0.1687, 0.1687, 0.1687, 0.1687, 0.1687, 0.2609, 0.2609, 0.2609, 0.2609, 0.2609, 0.2609, 0.2609, 0.2609, 0.2609, 0.2609, 0.0312, 0.0312, 0.0312, 0.0312, 0.0312, 0.0312, 0.0312, 0.0312, 0.0312, 0.0312, 0.193, 0.193, 0.193, 0.193, 0.193, 0.193, 0.193, 0.193, 0.193, 0.193, 0.227, 0.227, 0.227, 0.227, 0.227, 0.227, 0.227, 0.227, 0.227, 0.227, 0.1955, 0.1955, 0.1955, 0.1955, 0.1955, 0.1955, 0.1955, 0.1955, 0.1955, 0.1955, 0.1029, 0.1029, 0.1029, 0.1029, 0.1029, 0.1029, 0.1029, 0.1029, 0.1029, 0.1029, 0.3191, 0.3191, 0.3191, 0.3191, 0.3191, 0.3191, 0.3191, 0.3191, 0.3191, 0.3191, 0.2357, 0.2357, 0.2357, 0.2357, 0.2357, 0.2357, 0.2357, 0.2357, 0.2357, 0.2357, 0.1392, 0.1392, 0.1392, 0.1392, 0.1392, 0.1392, 0.1392, 0.1392, 0.1392, 0.1392, 0.476, 0.476, 0.476, 0.476, 0.476, 0.476, 0.476, 0.476, 0.476, 0.476, 0.0297, 0.0297, 0.0297, 0.0297, 0.0297, 0.0297, 0.0297, 0.0297, 0.0297, 0.0297, 0.2312, 0.2312, 0.2312, 0.2312, 0.2312, 0.2312, 0.2312, 0.2312, 0.2312, 0.2312, 0.167, 0.167, 0.167, 0.167, 0.167, 0.167, 0.167, 0.167, 0.167, 0.167, 0.0955, 0.0955, 0.0955, 0.0955, 0.0955, 0.0955, 0.0955, 0.0955, 0.0955, 0.0955, 0.2483, 0.2483, 0.2483, 0.2483, 0.2483, 0.2483, 0.2483, 0.2483, 0.2483, 0.2483, 0.1274, 0.1274, 0.1274, 0.1274, 0.1274, 0.1274, 0.1274, 0.1274, 0.1274, 0.1274, 0.1991, 0.1991, 0.1991, 0.1991, 0.1991, 0.1991, 0.1991, 0.1991, 0.1991, 0.1991, 0.3085, 0.3085, 0.3085, 0.3085, 0.3085, 0.3085, 0.3085, 0.3085, 0.3085, 0.3085, 0.1531, 0.1531, 0.1531, 0.1531, 0.1531, 0.1531, 0.1531, 0.1531, 0.1531, 0.1531, 0.3933, 0.3933, 0.3933, 0.3933, 0.3933, 0.3933, 0.3933, 0.3933, 0.3933, 0.3933, 0.0628, 0.0628, 0.0628, 0.0628, 0.0628, 0.0628, 0.0628, 0.0628, 0.0628, 0.0628, 0.0831, 0.0831, 0.0831, 0.0831, 0.0831, 0.0831, 0.0831, 0.0831, 0.0831, 0.0831, 0.4527, 0.4527, 0.4527, 0.4527, 0.4527, 0.4527, 0.4527, 0.4527, 0.4527, 0.4527, 0.118, 0.118, 0.118, 0.118, 0.118, 0.118, 0.118, 0.118, 0.118, 0.118, 0.0248, 0.0248, 0.0248, 0.0248, 0.0248, 0.0248, 0.0248, 0.0248, 0.0248, 0.0248, 0.2088, 0.2088, 0.2088, 0.2088, 0.2088, 0.2088, 0.2088, 0.2088, 0.2088, 0.2088, 0.1684, 0.1684, 0.1684, 0.1684, 0.1684, 0.1684, 0.1684, 0.1684, 0.1684, 0.1684, 0.243, 0.243, 0.243, 0.243, 0.243, 0.243, 0.243, 0.243, 0.243, 0.243, 0.1345, 0.1345, 0.1345, 0.1345, 0.1345, 0.1345, 0.1345, 0.1345, 0.1345, 0.1345, 0.0529, 0.0529, 0.0529, 0.0529, 0.0529, 0.0529, 0.0529, 0.0529, 0.0529, 0.0529, 0.2357, 0.2357, 0.2357, 0.2357, 0.2357, 0.2357, 0.2357, 0.2357, 0.2357, 0.2357, 0.1434, 0.1434, 0.1434, 0.1434, 0.1434, 0.1434, 0.1434, 0.1434, 0.1434, 0.1434, 0.2217, 0.2217, 0.2217, 0.2217, 0.2217, 0.2217, 0.2217, 0.2217, 0.2217, 0.2217, 0.5615, 0.5615, 0.5615, 0.5615, 0.5615, 0.5615, 0.5615, 0.5615, 0.5615, 0.5615, 0.3398, 0.3398, 0.3398, 0.3398, 0.3398, 0.3398, 0.3398, 0.3398, 0.3398, 0.3398, 0.2704, 0.2704, 0.2704, 0.2704, 0.2704, 0.2704, 0.2704, 0.2704, 0.2704, 0.2704, 0.371, 0.371, 0.371, 0.371, 0.371, 0.371, 0.371, 0.371, 0.371, 0.371, 0.2086, 0.2086, 0.2086, 0.2086, 0.2086, 0.2086, 0.2086, 0.2086, 0.2086, 0.2086, 0.2485, 0.2485, 0.2485, 0.2485, 0.2485, 0.2485, 0.2485, 0.2485, 0.2485, 0.2485, 0.2069, 0.2069, 0.2069, 0.2069, 0.2069, 0.2069, 0.2069, 0.2069, 0.2069, 0.2069, 0.073, 0.073, 0.073, 0.073, 0.073, 0.073, 0.073, 0.073, 0.073, 0.073, 0.0748, 0.0748, 0.0748, 0.0748, 0.0748, 0.0748, 0.0835, 0.0835, 0.0835, 0.0835, 0.0835, 0.0835, 0.0835, 0.0835, 0.0835, 0.0835, 0.0022, 0.0022, 0.0022, 0.0022, 0.0022, 0.0022, 0.0022, 0.0022, 0.0022, 0.0022, 0.002, 0.002, 0.002, 0.002, 0.002, 0.002, 0.002, 0.002, 0.002, 0.002, 0.1983, 0.1983, 0.1983, 0.1983, 0.1983, 0.1983, 0.1983, 0.1983, 0.1983, 0.1983, 0.2644, 0.2644, 0.2644, 0.2644, 0.2644, 0.2644, 0.2644, 0.2644, 0.2644, 0.2644, 0.0404, 0.0404, 0.0404, 0.0404, 0.0404, 0.0404, 0.0404, 0.0404, 0.0404, 0.0404, 0.133, 0.133, 0.133, 0.133, 0.133, 0.133, 0.133, 0.133, 0.133, 0.133, 0.0893, 0.0893, 0.0893, 0.0893, 0.0893, 0.0893, 0.0893, 0.0893, 0.0893, 0.0893, 0.2601, 0.2601, 0.2601, 0.2601, 0.2601, 0.2601, 0.2601, 0.2601, 0.2601, 0.2601, 0.042, 0.042, 0.042, 0.042, 0.042, 0.042, 0.042, 0.042, 0.042, 0.042, 0.4199, 0.4199, 0.4199, 0.4199, 0.4199, 0.4199, 0.4199, 0.4199, 0.4199, 0.4199, 0.2054, 0.2054, 0.2054, 0.2054, 0.2054, 0.2054, 0.2054, 0.2054, 0.2054, 0.2054, 0.0065, 0.0065, 0.0065, 0.0065, 0.0065, 0.0065, 0.0065, 0.0065, 0.0065, 0.0065, 0.1954, 0.1954, 0.1954, 0.1954, 0.1954, 0.1954, 0.1954, 0.1954, 0.1954, 0.1954, 0.106, 0.106, 0.106, 0.106, 0.106, 0.106, 0.106, 0.106, 0.106, 0.106, 0.3491, 0.3491, 0.3491, 0.3491, 0.3491, 0.3491, 0.3491, 0.3491, 0.3491, 0.3491, 0.0033, 0.0033, 0.0033, 0.0033, 0.0033, 0.0033, 0.0033, 0.0033, 0.0033, 0.0033, 0.0886, 0.0886, 0.0886, 0.0886, 0.0886, 0.0886, 0.0886, 0.0886, 0.0886, 0.0886, 0.061, 0.061, 0.061, 0.061, 0.061, 0.061, 0.061, 0.061, 0.061, 0.061, 0.0077, 0.0077, 0.0077, 0.0077, 0.0077, 0.0077, 0.0077, 0.0077, 0.0077, 0.0077, 0.1088, 0.1088, 0.1088, 0.1088, 0.1088, 0.1088, 0.1088, 0.1088, 0.1088, 0.1088, 0.073, 0.073, 0.073, 0.073, 0.073, 0.073, 0.073, 0.073, 0.073, 0.073, 0.233, 0.233, 0.233, 0.233, 0.233, 0.233, 0.233, 0.233, 0.233, 0.233, 0.1146, 0.1146, 0.1146, 0.1146, 0.1146, 0.1146, 0.1146, 0.1146, 0.1146, 0.1146, 0.3677, 0.3677, 0.3677, 0.3677, 0.3677, 0.3677, 0.3677, 0.3677, 0.3677, 0.3677, 0.1428, 0.1428, 0.1428, 0.1428, 0.1428, 0.1428, 0.1428, 0.1428, 0.1428, 0.1428, 0.0026, 0.0026, 0.0026, 0.0026, 0.0026, 0.0026, 0.0026, 0.0026, 0.0026, 0.0026, 0.4128, 0.4128, 0.4128, 0.4128, 0.4128, 0.4128, 0.4128, 0.4128, 0.4128, 0.4128, 0.1873, 0.1873, 0.1873, 0.1873, 0.1873, 0.1873, 0.1873, 0.1873, 0.1873, 0.1873, 0.2341, 0.2341, 0.2341, 0.2341, 0.2341, 0.2341, 0.2341, 0.2341, 0.2341, 0.2341, 0.0052, 0.0052, 0.0052, 0.0052, 0.0052, 0.0052, 0.0052, 0.0052, 0.0052, 0.0052, 0.0759, 0.0759, 0.0759, 0.0759, 0.0759, 0.0759, 0.0759, 0.0759, 0.0759, 0.0759, 0.2612, 0.2612, 0.2612, 0.2612, 0.2612, 0.2612, 0.2612, 0.2612, 0.2612, 0.2612, 0.096, 0.096, 0.096, 0.096, 0.096, 0.096, 0.096, 0.096, 0.096, 0.096, 0.0466, 0.0466, 0.0466, 0.0466, 0.0466, 0.0466, 0.0466, 0.0466, 0.0466, 0.0466, 0.1903, 0.1903, 0.1903, 0.1903, 0.1903, 0.1903, 0.1903, 0.1903, 0.1903, 0.1903, 0.0054, 0.0054, 0.0054, 0.0054, 0.0054, 0.0054, 0.0054, 0.0054, 0.0054, 0.0054, 0.1434, 0.1434, 0.1434, 0.1434, 0.1434, 0.1434, 0.1434, 0.1434, 0.1434, 0.1434, 0.0025, 0.0025, 0.0025, 0.0025, 0.0025, 0.0025, 0.0025, 0.0025, 0.0025, 0.0025, 0.0972, 0.0972, 0.0972, 0.0972, 0.0972, 0.0972, 0.0972, 0.0972, 0.0972, 0.0972, 0.1706, 0.1706, 0.1706, 0.1706, 0.1706, 0.1706, 0.1706, 0.1706, 0.1706, 0.1706, 0.4229, 0.4229, 0.4229, 0.4229, 0.4229, 0.4229, 0.4229, 0.4229, 0.4229, 0.4229, 0.1019, 0.1019, 0.1019, 0.1019, 0.1019, 0.1019, 0.1019, 0.1019, 0.1019, 0.1019, 0.0025, 0.0025, 0.0025, 0.0025, 0.0025, 0.0025, 0.0025, 0.0025, 0.0025, 0.0025, 0.2398, 0.2398, 0.2398, 0.2398, 0.2398, 0.2398, 0.2398, 0.2398, 0.2398, 0.2398, 0.377, 0.377, 0.377, 0.377, 0.377, 0.377, 0.377, 0.377, 0.377, 0.377, 0.1784, 0.1784, 0.1784, 0.1784, 0.1784, 0.1784, 0.1784, 0.1784, 0.1784, 0.1784, 0.2524, 0.2524, 0.2524, 0.2524, 0.2524, 0.2524, 0.2524, 0.2524, 0.2524, 0.2524, 0.0773, 0.0773, 0.0773, 0.0773, 0.0773, 0.0773, 0.0773, 0.0773, 0.0773, 0.0773, 0.2044, 0.2044, 0.2044, 0.2044, 0.2044, 0.2044, 0.2044, 0.2044, 0.2044, 0.2044, 0.2156, 0.2156, 0.2156, 0.2156, 0.2156, 0.2156, 0.2156, 0.2156, 0.2156, 0.2156, 0.1766, 0.1766, 0.1766, 0.1766, 0.1766, 0.1766, 0.1766, 0.1766, 0.1766, 0.1766, 0.2668, 0.2668, 0.2668, 0.2668, 0.2668, 0.2668, 0.2668, 0.2668, 0.2668, 0.2668, 0.0629, 0.0629, 0.0629, 0.0629, 0.0629, 0.0629, 0.0629, 0.0629, 0.0629, 0.0629, 0.2225, 0.2225, 0.2225, 0.2225, 0.2225, 0.2225, 0.2225, 0.2225, 0.2225, 0.2225, 0.1263, 0.1263, 0.1263, 0.1263, 0.1263, 0.1263, 0.1263, 0.1263, 0.1263, 0.1263, 0.2472, 0.2472, 0.2472, 0.2472, 0.2472, 0.2472, 0.2472, 0.2472, 0.2472, 0.2472, 0.1563, 0.1563, 0.1563, 0.1563, 0.1563, 0.1563, 0.1563, 0.1563, 0.1563, 0.1563, 0.2922, 0.2922, 0.2922, 0.2922, 0.2922, 0.2922, 0.2922, 0.2922, 0.2922, 0.2922, 0.2749, 0.2749, 0.2749, 0.2749, 0.2749, 0.2749, 0.2749, 0.2749, 0.2749, 0.2749, 0.0836, 0.0836, 0.0836, 0.0836, 0.0836, 0.0836, 0.0836, 0.0836, 0.0836, 0.0836, 0.2197, 0.2197, 0.2197, 0.2197, 0.2197, 0.2197, 0.2197, 0.2197, 0.2197, 0.2197, 0.102, 0.102, 0.102, 0.102, 0.102, 0.102, 0.102, 0.102, 0.102, 0.102, 0.0059, 0.0059, 0.0059, 0.0059, 0.0059, 0.0059, 0.0059, 0.0059, 0.0059, 0.0059, 0.1962, 0.1962, 0.1962, 0.1962, 0.1962, 0.1962, 0.1962, 0.1962, 0.1962, 0.1962, 0.1566, 0.1566, 0.1566, 0.1566, 0.1566, 0.1566, 0.1566, 0.1566, 0.1566, 0.1566, 0.0893, 0.0893, 0.0893, 0.0893, 0.0893, 0.0893, 0.0893, 0.0893, 0.0893, 0.0893, 0.1877, 0.1877, 0.1877, 0.1877, 0.1877, 0.1877, 0.1877, 0.1877, 0.1877, 0.1877, 0.1488, 0.1488, 0.1488, 0.1488, 0.1488, 0.1488, 0.1488, 0.1488, 0.1488, 0.1488, 0.0024, 0.0024, 0.0024, 0.0024, 0.0024, 0.0024, 0.0024, 0.0024, 0.0024, 0.0024, 0.1106, 0.1106, 0.1106, 0.1106, 0.1106, 0.1106, 0.1106, 0.1106, 0.1106, 0.1106, 0.2315, 0.2315, 0.2315, 0.2315, 0.2315, 0.2315, 0.2315, 0.2315, 0.2315, 0.2315, 0.428, 0.428, 0.428, 0.428, 0.428, 0.428, 0.428, 0.428, 0.428, 0.428, 0.0048, 0.0048, 0.0048, 0.0048, 0.0048, 0.0048, 0.0048, 0.0048, 0.0048, 0.0048, 0.2519, 0.2519, 0.2519, 0.2519, 0.2519, 0.2519, 0.2519, 0.2519, 0.2519, 0.2519, 0.1873, 0.1873, 0.1873, 0.1873, 0.1873, 0.1873, 0.1873, 0.1873, 0.1873, 0.1873, 0.1008, 0.1008, 0.1008, 0.1008, 0.1008, 0.1008, 0.1008, 0.1008, 0.1008, 0.1008, 0.3462, 0.3462, 0.3462, 0.3462, 0.3462, 0.3462, 0.3462, 0.3462, 0.3462, 0.3462, 0.0959, 0.0959, 0.0959, 0.0959, 0.0959, 0.0959, 0.0959, 0.0959, 0.0959, 0.0959, 0.165, 0.165, 0.165, 0.165, 0.165, 0.165, 0.165, 0.165, 0.165, 0.165, 0.2443, 0.2443, 0.2443, 0.2443, 0.2443, 0.2443, 0.2443, 0.2443, 0.2443, 0.2443, 0.0941, 0.0941, 0.0941, 0.0941, 0.0941, 0.0941, 0.0941, 0.0941, 0.0941, 0.0941, 0.1105, 0.1105, 0.1105, 0.1105, 0.1105, 0.1105, 0.1105, 0.1105, 0.1105, 0.1105, 0.1495, 0.1495, 0.1495, 0.1495, 0.1495, 0.1495, 0.1495, 0.1495, 0.1495, 0.1495, 0.32, 0.32, 0.32, 0.32, 0.32, 0.32, 0.32, 0.32, 0.32, 0.32, 0.0232, 0.0232, 0.0232, 0.0232, 0.0232, 0.0232, 0.0232, 0.0232, 0.0232, 0.0232, 0.0271, 0.0271, 0.0271, 0.0271, 0.0271, 0.0271, 0.0271, 0.0271, 0.0271, 0.0271, 0.1966, 0.1966, 0.1966, 0.1966, 0.1966, 0.1966, 0.1966, 0.1966, 0.1966, 0.1966, 0.002, 0.002, 0.002, 0.002, 0.002, 0.002, 0.002, 0.002, 0.002, 0.002, 0.0352, 0.0352, 0.0352, 0.0352, 0.0352, 0.0352, 0.0352, 0.0352, 0.0352, 0.0352, 0.002, 0.002, 0.002, 0.002, 0.002, 0.002, 0.002, 0.002, 0.002, 0.002, 0.0671, 0.0671, 0.0671, 0.0671, 0.0671, 0.0671, 0.0671, 0.0671, 0.0671, 0.0671, 0.0999, 0.0999, 0.0999, 0.0999, 0.0999, 0.0999, 0.0999, 0.0999, 0.0999, 0.0999, 0.0142, 0.0142, 0.0142, 0.0142, 0.0142, 0.0142, 0.0142, 0.0142, 0.0142, 0.0142, 0.0094, 0.0094, 0.0094, 0.0094, 0.0094, 0.0094, 0.0094, 0.0094, 0.0094, 0.0094, 0.2264, 0.2264, 0.2264, 0.2264, 0.2264, 0.2264, 0.2264, 0.2264, 0.2264, 0.2264, 0.0054, 0.0054, 0.0054, 0.0054, 0.0054, 0.0054, 0.0054, 0.0054, 0.0054, 0.0054, 0.1188, 0.1188, 0.1188, 0.1188, 0.1188, 0.1188, 0.1188, 0.1188, 0.1188, 0.1188, 0.125, 0.125, 0.125, 0.125, 0.125, 0.125, 0.125, 0.125, 0.125, 0.125, 0.1527, 0.1527, 0.1527, 0.1527, 0.1527, 0.1527, 0.1527, 0.1527, 0.1527, 0.1527, 0.1112, 0.1112, 0.1112, 0.1112, 0.1112, 0.1112, 0.1112, 0.1112, 0.1112, 0.1112, 0.1293, 0.1293, 0.1293, 0.1293, 0.1293, 0.1293, 0.1293, 0.1293, 0.1293, 0.1293, 0.3441, 0.3441, 0.3441, 0.3441, 0.3441, 0.3441, 0.3441, 0.3441, 0.3441, 0.3441, 0.2955, 0.2955, 0.2955, 0.2955, 0.2955, 0.2955, 0.2955, 0.2955, 0.2955, 0.2955, 0.2184, 0.2184, 0.2184, 0.2184, 0.2184, 0.2184, 0.2184, 0.2184, 0.2184, 0.2184, 0.1474, 0.1474, 0.1474, 0.1474, 0.1474, 0.1474, 0.1474, 0.1474, 0.1474, 0.1474, 0.1217, 0.1217, 0.1217, 0.1217, 0.1217, 0.1217, 0.1217, 0.1217, 0.1217, 0.1217, 0.0201, 0.0201, 0.0201, 0.0201, 0.0201, 0.0201, 0.0201, 0.0201, 0.0201, 0.0201, 0.1018, 0.1018, 0.1018, 0.1018, 0.1018, 0.1018, 0.1018, 0.1018, 0.1018, 0.1018, 0.13, 0.13, 0.13, 0.13, 0.13, 0.13, 0.13, 0.13, 0.13, 0.13, 0.4947, 0.4947, 0.4947, 0.4947, 0.4947, 0.4947, 0.4947, 0.4947, 0.4947, 0.4947, 0.1, 0.1, 0.1, 0.1, 0.1, 0.1, 0.1, 0.1, 0.1, 0.1, 0.1788, 0.1788, 0.1788, 0.1788, 0.1788, 0.1788, 0.1788, 0.1788, 0.1788, 0.1788, 0.4652, 0.4652, 0.4652, 0.4652, 0.4652, 0.4652, 0.4652, 0.4652, 0.4652, 0.4652, 0.0052, 0.0052, 0.0052, 0.0052, 0.0052, 0.0052, 0.0052, 0.0052, 0.0052, 0.0052, 0.1693, 0.1693, 0.1693, 0.1693, 0.1693, 0.1693, 0.1693, 0.1693, 0.1693, 0.1693, 0.161, 0.161, 0.161, 0.161, 0.161, 0.161, 0.161, 0.161, 0.161, 0.161, 0.1032, 0.1032, 0.1032, 0.1032, 0.1032, 0.1032, 0.1032, 0.1032, 0.1032, 0.1032, 0.2246, 0.2246, 0.2246, 0.2246, 0.2246, 0.2246, 0.2246, 0.2246, 0.2246, 0.2246, 0.0027, 0.0027, 0.0027, 0.0027, 0.0027, 0.0027, 0.0027, 0.0027, 0.0027, 0.0027, 0.0071, 0.0071, 0.0071, 0.0071, 0.0071, 0.0071, 0.0071, 0.0071, 0.0071, 0.0071, 0.1622, 0.1622, 0.1622, 0.1622, 0.1622, 0.1622, 0.1622, 0.1622, 0.1622, 0.1622, 0.2423, 0.2423, 0.2423, 0.2423, 0.2423, 0.2423, 0.2423, 0.2423, 0.2423, 0.2423, 0.2052, 0.2052, 0.2052, 0.2052, 0.2052, 0.2052, 0.2052, 0.2052, 0.2052, 0.2052, 0.0917, 0.0917, 0.0917, 0.0917, 0.0917, 0.0917, 0.0917, 0.0917, 0.0917, 0.0917, 0.0033, 0.0033, 0.0033, 0.0033, 0.0033, 0.0033, 0.0033, 0.0033, 0.0033, 0.0033, 0.0019, 0.0019, 0.0019, 0.0019, 0.0019, 0.0019, 0.0019, 0.0019, 0.0019, 0.0019, 0.1203, 0.1203, 0.1203, 0.1203, 0.1203, 0.1203, 0.1203, 0.1203, 0.1203, 0.1203, 0.0015, 0.0015, 0.0015, 0.0015, 0.0015, 0.0015, 0.0015, 0.0015, 0.0015, 0.0015, 0.0606, 0.0606, 0.0606, 0.0606, 0.0606, 0.0606, 0.0606, 0.0606, 0.0606, 0.0606, 0.0015, 0.0015, 0.0015, 0.0015, 0.0015, 0.0015, 0.0015, 0.0015, 0.0015, 0.0015, 0.2003, 0.2003, 0.2003, 0.2003, 0.2003, 0.2003, 0.2003, 0.2003, 0.2003, 0.2003, 0.0024, 0.0024, 0.0024, 0.0024, 0.0024, 0.0024, 0.0024, 0.0024, 0.0024, 0.0024, 0.106, 0.106, 0.106, 0.106, 0.106, 0.106, 0.106, 0.106, 0.106, 0.106, 0.0538, 0.0538, 0.0538, 0.0538, 0.0538, 0.0538, 0.0538, 0.0538, 0.0538, 0.0538, 0.0657, 0.0657, 0.0657, 0.0657, 0.0657, 0.0657, 0.0657, 0.0657, 0.0657, 0.0657, 0.0934, 0.0934, 0.0934, 0.0934, 0.0934, 0.0934, 0.0934, 0.0934, 0.0934, 0.0934, 0.198, 0.198, 0.198, 0.198, 0.198, 0.198, 0.198, 0.198, 0.198, 0.198, 0.0136, 0.0136, 0.0136, 0.0136, 0.0136, 0.0136, 0.0136, 0.0136, 0.0136, 0.0136, 0.0366, 0.0366, 0.0366, 0.0366, 0.0366, 0.0366, 0.0366, 0.0366, 0.0366, 0.0366, 0.2694, 0.2694, 0.2694, 0.2694, 0.2694, 0.2694, 0.2694, 0.2694, 0.2694, 0.2694, 0.1121, 0.1121, 0.1121, 0.1121, 0.1121, 0.1121, 0.1121, 0.1121, 0.1121, 0.1121, 0.0829, 0.0829, 0.0829, 0.0829, 0.0829, 0.0829, 0.0829, 0.0829, 0.0829, 0.0829, 0.1102, 0.1102, 0.1102, 0.1102, 0.1102, 0.1102, 0.1102, 0.1102, 0.1102, 0.1102, 0.1004, 0.1004, 0.1004, 0.1004, 0.1004, 0.1004, 0.1004, 0.1004, 0.1004, 0.1004, 0.0387, 0.0387, 0.0387, 0.0387, 0.0387, 0.0387, 0.0387, 0.0387, 0.0387, 0.0387, 0.2702, 0.2702, 0.2702, 0.2702, 0.2702, 0.2702, 0.2702, 0.2702, 0.2702, 0.2702, 0.175, 0.175, 0.175, 0.175, 0.175, 0.175, 0.175, 0.175, 0.175, 0.175, 0.1101, 0.1101, 0.1101, 0.1101, 0.1101, 0.1101, 0.1101, 0.1101, 0.1101, 0.1101, 0.1153, 0.1153, 0.1153, 0.1153, 0.1153, 0.1153, 0.1153, 0.1153, 0.1153, 0.1153, 0.0016, 0.0016, 0.0016, 0.0016, 0.0016, 0.0016, 0.0016, 0.0016, 0.0016, 0.0016, 0.3103, 0.3103, 0.3103, 0.3103, 0.3103, 0.3103, 0.3103, 0.3103, 0.3103, 0.3103, 0.1105, 0.1105, 0.1105, 0.1105, 0.1105, 0.1105, 0.1105, 0.1105, 0.1105, 0.1105, 0.337, 0.337, 0.337, 0.337, 0.337, 0.337, 0.337, 0.337, 0.337, 0.337, 0.1456, 0.1456, 0.1456, 0.1456, 0.1456, 0.1456, 0.1456, 0.1456, 0.1456, 0.1456, 0.0355, 0.0355, 0.0355, 0.0355, 0.0355, 0.0355, 0.0355, 0.0355, 0.0355, 0.0355, 0.4535, 0.4535, 0.4535, 0.4535, 0.4535, 0.4535, 0.4535, 0.4535, 0.4535, 0.4535, 0.0701, 0.0701, 0.0701, 0.0701, 0.0701, 0.0701, 0.0701, 0.0701, 0.0701, 0.0701, 0.0946, 0.0946, 0.0946, 0.0946, 0.0946, 0.0946, 0.0946, 0.0946, 0.0946, 0.0946, 0.0789, 0.0789, 0.0789, 0.0789, 0.0789, 0.0789, 0.0789, 0.0789, 0.0789, 0.0789, 0.0022, 0.0022, 0.0022, 0.0022, 0.0022, 0.0022, 0.0022, 0.0022, 0.0022, 0.0022, 0.1063, 0.1063, 0.1063, 0.1063, 0.0017, 0.0017, 0.0017, 0.0017, 0.0017, 0.0017, 0.0017, 0.0017, 0.0017, 0.0017, 0.0784, 0.0784, 0.0784, 0.0784, 0.0784, 0.0784, 0.0784, 0.0784, 0.0784, 0.0784, 0.0021, 0.0021, 0.0021, 0.0021, 0.0021, 0.0021, 0.0021, 0.0021, 0.0021, 0.0021, 0.0821, 0.0821, 0.0821, 0.0821, 0.0821, 0.0821, 0.0821, 0.0821, 0.0821, 0.0821, 0.2733, 0.2733, 0.2733, 0.2733, 0.2733, 0.2733, 0.2733, 0.2733, 0.2733, 0.2733, 0.0137, 0.0137, 0.0137, 0.0137, 0.0137, 0.0137, 0.0137, 0.0137, 0.0137, 0.0137, 0.0015, 0.0015, 0.0015, 0.0015, 0.0015, 0.0015, 0.0015, 0.0015, 0.0015, 0.0015, 0.1681, 0.1681, 0.1681, 0.1681, 0.1681, 0.1681, 0.1681, 0.1681, 0.1681, 0.1681, 0.0874, 0.0874, 0.0874, 0.0874, 0.0874, 0.0874, 0.0874, 0.0874, 0.0874, 0.0874, 0.0021, 0.0021, 0.0021, 0.0021, 0.0021, 0.0021, 0.0021, 0.0021, 0.0021, 0.0021, 0.0556, 0.0556, 0.0556, 0.0556, 0.0556, 0.0556, 0.0556, 0.0556, 0.0556, 0.0556, 0.0886, 0.0886, 0.0886, 0.0886, 0.0886, 0.0886, 0.0886, 0.0886, 0.0886, 0.0886, 0.0674, 0.0674, 0.0674, 0.0674, 0.0674, 0.0674, 0.0674, 0.0674, 0.0674, 0.0674, 0.1443, 0.1443, 0.1443, 0.1443, 0.1443, 0.1443, 0.1443, 0.1443, 0.1443, 0.1443, 0.0494, 0.0494, 0.0494, 0.0494, 0.0494, 0.0494, 0.0494, 0.0494, 0.0494, 0.0494, 0.1169, 0.1169, 0.1169, 0.1169, 0.1169, 0.1169, 0.1169, 0.1169, 0.1169, 0.1169, 0.0691, 0.0691, 0.0691, 0.0691, 0.0691, 0.0691, 0.0691, 0.0691, 0.0691, 0.0691, 0.0187, 0.0187, 0.0187, 0.0187, 0.0187, 0.0187, 0.0187, 0.0187, 0.0187, 0.0187, 0.0218, 0.0218, 0.0218, 0.0218, 0.0218, 0.0218, 0.0218, 0.0218, 0.0218, 0.0218, 0.0011, 0.0011, 0.0011, 0.0011, 0.0011, 0.0011, 0.0011, 0.0011, 0.0011, 0.0011, 0.0957, 0.0957, 0.0957, 0.0957, 0.0957, 0.0957, 0.0957, 0.0957, 0.0957, 0.0957, 0.0009, 0.0009, 0.0009, 0.0009, 0.0009, 0.0009, 0.0009, 0.0009, 0.0009, 0.0009, 0.0492, 0.0492, 0.0492, 0.0492, 0.0492, 0.0492, 0.0492, 0.0492, 0.0492, 0.0492, 0.0122, 0.0122, 0.0122, 0.0122, 0.0122, 0.0122, 0.0122, 0.0122, 0.0122, 0.0122, 0.0791, 0.0791, 0.0791, 0.0791, 0.0791, 0.0791, 0.0791, 0.0791, 0.0791, 0.0791, 0.0009, 0.0009, 0.0009, 0.0009, 0.0009, 0.0009, 0.0009, 0.0009, 0.0009, 0.0009, 0.2687, 0.2687, 0.2687, 0.2687, 0.2687, 0.2687, 0.2687, 0.2687, 0.2687, 0.2687, 0.0014, 0.0014, 0.0014, 0.0014, 0.0014, 0.0014, 0.0014, 0.0014, 0.0014, 0.0014, 0.0947, 0.0947, 0.0947, 0.0947, 0.0947, 0.0947, 0.0947, 0.0947, 0.0947, 0.0947, 0.0564, 0.0564, 0.0564, 0.0564, 0.0564, 0.0564, 0.0564, 0.0564, 0.0564, 0.0564, 0.1329, 0.1329, 0.1329, 0.1329, 0.1329, 0.1329, 0.1329, 0.1329, 0.1329, 0.1329, 0.0211, 0.0211, 0.0211, 0.0211, 0.0211, 0.0211, 0.0211, 0.0211, 0.0211, 0.0211, 0.291, 0.291, 0.291, 0.291, 0.291, 0.291, 0.291, 0.291, 0.291, 0.291, 0.219, 0.219, 0.219, 0.219, 0.219, 0.219, 0.219, 0.219, 0.219, 0.219, 0.174, 0.174, 0.174, 0.174, 0.174, 0.174, 0.174, 0.174, 0.174, 0.174, 0.244, 0.244, 0.244, 0.244, 0.244, 0.244, 0.244, 0.244, 0.244, 0.244, 0.0157, 0.0157, 0.0157, 0.0157, 0.0157, 0.0157, 0.0157, 0.0157, 0.0157, 0.0157, 0.1225, 0.1225, 0.1225, 0.1225, 0.1225, 0.1225, 0.1225, 0.1225, 0.1225, 0.1225, 0.1765, 0.1765, 0.1765, 0.1765, 0.1765, 0.1765, 0.1765, 0.1765, 0.1765, 0.1765, 0.171, 0.171, 0.171, 0.171, 0.171, 0.171, 0.171, 0.171, 0.171, 0.171, 0.0382, 0.0382, 0.0382, 0.0382, 0.0382, 0.0382, 0.0382, 0.0382, 0.0382, 0.0382, 0.08, 0.08, 0.08, 0.08, 0.08, 0.08, 0.08, 0.08, 0.08, 0.08, 0.0127, 0.0127, 0.0127, 0.0127, 0.0127, 0.0127, 0.0127, 0.0127, 0.0127, 0.0127, 0.1987, 0.1987, 0.1987, 0.1987, 0.1987, 0.1987, 0.1987, 0.1987, 0.1987, 0.1987, 0.0014, 0.0014, 0.0014, 0.0014, 0.0014, 0.0014, 0.0014, 0.0014, 0.0014, 0.0014, 0.1131, 0.1131, 0.1131, 0.1131, 0.1131, 0.1131, 0.1131, 0.1131, 0.1131, 0.1131, 0.1208, 0.1208, 0.1208, 0.1208, 0.1208, 0.1208, 0.1208, 0.1208, 0.1208, 0.1208, 0.2063, 0.2063, 0.2063, 0.2063, 0.2063, 0.2063, 0.2063, 0.2063, 0.2063, 0.2063, 0.1231, 0.1231, 0.1231, 0.1231, 0.1231, 0.1231, 0.1231, 0.1231, 0.1231, 0.1231, 0.0985, 0.0985, 0.0985, 0.0985, 0.0985, 0.0985, 0.0985, 0.0985, 0.0985, 0.0985, 0.1543, 0.1543, 0.1543, 0.1543, 0.1543, 0.1543, 0.1543, 0.1543, 0.1543, 0.1543, 0.1009, 0.1009, 0.1009, 0.1009, 0.1009, 0.1009, 0.1009, 0.1009, 0.1009, 0.1009, 0.0195, 0.0195, 0.0195, 0.0195, 0.0195, 0.0195, 0.0195, 0.0195, 0.0195, 0.0195, 0.0606, 0.0606, 0.0606, 0.0606, 0.0606, 0.0606, 0.0606, 0.0606, 0.0606, 0.0606, 0.0097, 0.0097, 0.0097, 0.0097, 0.0097, 0.0097, 0.0097, 0.0097, 0.0097, 0.0097, 0.0016, 0.0016, 0.0016, 0.0016, 0.0016, 0.0016, 0.0016, 0.0016, 0.0016, 0.0016, 0.0128, 0.0128, 0.0128, 0.0128, 0.0128, 0.0128, 0.0128, 0.0128, 0.0128, 0.0128, 0.0012, 0.0012, 0.0012, 0.0012, 0.0012, 0.0012, 0.0012, 0.0012, 0.0012, 0.0012, 0.1049, 0.1049, 0.1049, 0.1049, 0.1049, 0.1049, 0.1049, 0.1049, 0.1049, 0.1049, 0.078, 0.078, 0.078, 0.078, 0.078, 0.078, 0.078, 0.078, 0.078, 0.078, 0.1044, 0.1044, 0.1044, 0.1044, 0.1044, 0.1044, 0.1044, 0.1044, 0.1044, 0.1044, 0.0011, 0.0011, 0.0011, 0.0011, 0.0011, 0.0011, 0.0011, 0.0011, 0.0011, 0.0011, 0.0179, 0.0179, 0.0179, 0.0179, 0.0179, 0.0179, 0.0179, 0.0179, 0.0179, 0.0179, 0.0624, 0.0624, 0.0624, 0.0624, 0.0624, 0.0624, 0.0624, 0.0624, 0.0624, 0.0624, 0.0011, 0.0011, 0.0011, 0.0011, 0.0011, 0.0011, 0.0011, 0.0011, 0.0011, 0.0011, 0.0011, 0.0011, 0.0011, 0.0011, 0.0011, 0.0011, 0.0011, 0.0011, 0.0011, 0.0011, 0.0984, 0.0984, 0.0984, 0.0984, 0.0984, 0.0984, 0.0984, 0.0984, 0.0984, 0.0984, 0.1582, 0.1582, 0.1582, 0.1582, 0.1582, 0.1582, 0.1582, 0.1582, 0.1582, 0.1582, 0.112, 0.112, 0.112, 0.112, 0.112, 0.112, 0.112, 0.112, 0.112, 0.112, 0.0011, 0.0011, 0.0011, 0.0011, 0.0011, 0.0011, 0.0011, 0.0011, 0.0011, 0.0011, 0.0742, 0.0742, 0.0742, 0.0742, 0.0742, 0.0742, 0.0742, 0.0742, 0.0742, 0.0742, 0.0016, 0.0016, 0.0016, 0.0016, 0.0016, 0.0016, 0.0016, 0.0016, 0.0016, 0.0016, 0.0437, 0.0437, 0.0437, 0.0437, 0.0437, 0.0437, 0.0437, 0.0437, 0.0437, 0.0437, 0.1625, 0.1625, 0.1625, 0.1625, 0.1625, 0.1625, 0.1625, 0.1625, 0.1625, 0.1625, 0.1043, 0.1043, 0.1043, 0.1043, 0.1043, 0.1043, 0.1043, 0.1043, 0.1043, 0.1043, 0.012, 0.012, 0.012, 0.012, 0.012, 0.012, 0.012, 0.012, 0.012, 0.012, 0.0919, 0.0919, 0.0919, 0.0919, 0.0919, 0.0919, 0.0919, 0.0919, 0.0919, 0.0919, 0.0044, 0.0044, 0.0044, 0.0044, 0.0044, 0.0044, 0.0044, 0.0044, 0.0044, 0.0044, 0.1982, 0.1982, 0.1982, 0.1982, 0.1982, 0.1982, 0.1982, 0.1982, 0.1982, 0.1982, 0.0675, 0.0675, 0.0675, 0.0675, 0.0675, 0.0675, 0.0675, 0.0675, 0.0675, 0.0675, 0.0294, 0.0294, 0.0294, 0.0294, 0.0294, 0.0294, 0.0294, 0.0294, 0.0263, 0.0263, 0.0263, 0.0263, 0.0263, 0.0263, 0.0263, 0.0263, 0.0263, 0.0263, 0.0781, 0.0781, 0.0781, 0.0781, 0.0781, 0.0781, 0.0781, 0.0781, 0.0781, 0.0781, 0.3023, 0.3023, 0.3023, 0.3023, 0.3023, 0.3023, 0.3023, 0.3023, 0.3023, 0.3023, 0.0008, 0.0008, 0.0008, 0.0008, 0.0008, 0.0008, 0.0008, 0.0008, 0.0008, 0.0008, 0.0017, 0.0017, 0.0017, 0.0017, 0.0017, 0.0017, 0.0017, 0.0017, 0.0017, 0.0017, 0.2682, 0.2682, 0.2682, 0.2682, 0.2682, 0.2682, 0.2682, 0.2682, 0.2682, 0.2682, 0.0165, 0.0165, 0.0165, 0.0165, 0.0165, 0.0165, 0.0165, 0.0165, 0.0165, 0.0165, 0.1163, 0.1163, 0.1163, 0.1163, 0.1163, 0.1163, 0.1163, 0.1163, 0.1163, 0.1163, 0.0017, 0.0017, 0.0017, 0.0017, 0.0017, 0.0017, 0.0017, 0.0017, 0.0017, 0.0017, 0.0635, 0.0635, 0.0635, 0.0635, 0.0635, 0.0635, 0.0635, 0.0635, 0.0635, 0.0635, 0.1083, 0.1083, 0.1083, 0.1083, 0.1083, 0.1083, 0.1083, 0.1083, 0.1083, 0.1083, 0.0617, 0.0617, 0.0617, 0.0617, 0.0617, 0.0617, 0.0617, 0.0617, 0.0617, 0.0617, 0.0364, 0.0364, 0.0364, 0.0364, 0.0364, 0.0364, 0.0364, 0.0364, 0.0364, 0.0364, 0.0051, 0.0051, 0.0051, 0.0051, 0.0051, 0.0051, 0.0051, 0.0051, 0.0051, 0.0051, 0.1048, 0.1048, 0.1048, 0.1048, 0.1048, 0.1048, 0.1048, 0.1048, 0.1048, 0.1048, 0.0541, 0.0541, 0.0541, 0.0541, 0.0541, 0.0541, 0.0541, 0.0541, 0.0541, 0.0541, 0.0011, 0.0011, 0.0011, 0.0011, 0.0011, 0.0011, 0.0011, 0.0011, 0.0011, 0.0011, 0.0011, 0.0011, 0.0011, 0.0011, 0.0011, 0.0011, 0.0011, 0.0011, 0.0011, 0.0011, 0.0011, 0.0011, 0.0011, 0.0011, 0.0011, 0.0011, 0.0011, 0.0011, 0.0011, 0.0011, 0.003, 0.003, 0.003, 0.003, 0.003, 0.003, 0.003, 0.003, 0.003, 0.003, 0.1038, 0.1038, 0.1038, 0.1038, 0.1038, 0.1038, 0.1038, 0.1038, 0.1038, 0.1038, 0.0515, 0.0515, 0.0515, 0.0515, 0.0515, 0.0515, 0.0515, 0.0515, 0.0515, 0.0515, 0.001, 0.001, 0.001, 0.001, 0.001, 0.001, 0.001, 0.001, 0.001, 0.001, 0.1174, 0.1174, 0.1174, 0.1174, 0.1174, 0.1174, 0.1174, 0.1174, 0.1174, 0.1174, 0.093, 0.093, 0.093, 0.093, 0.093, 0.093, 0.093, 0.093, 0.093, 0.093, 0.0022, 0.0022, 0.0022, 0.0022, 0.0022, 0.0022, 0.0022, 0.0022, 0.0022, 0.0022, 0.0893, 0.0893, 0.0893, 0.0893, 0.0893, 0.0893, 0.0893, 0.0893, 0.0893, 0.0893, 0.0011, 0.0011, 0.0011, 0.0011, 0.0011, 0.0011, 0.0011, 0.0011, 0.0011, 0.0011, 0.1279, 0.1279, 0.1279, 0.1279, 0.1279, 0.1279, 0.1279, 0.1279, 0.1279, 0.1279, 0.0733, 0.0733, 0.0733, 0.0733, 0.0733, 0.0733, 0.0733, 0.0733, 0.0733, 0.0733, 0.0008, 0.0008, 0.0008, 0.0008, 0.0008, 0.0008, 0.0008, 0.0008, 0.0008, 0.0008, 0.1016, 0.1016, 0.1016, 0.1016, 0.1016, 0.1016, 0.1016, 0.1016, 0.1016, 0.1016, 0.0133, 0.0133, 0.0133, 0.0133, 0.0133, 0.0133, 0.0133, 0.0133, 0.0133, 0.0133, 0.0692, 0.0692, 0.0692, 0.0692, 0.0692, 0.0692, 0.0692, 0.0692, 0.0692, 0.0692, 0.0826, 0.0826, 0.0826, 0.0826, 0.0826, 0.0826, 0.0826, 0.0826, 0.0826, 0.0826, 0.0016, 0.0016, 0.0016, 0.0016, 0.0016, 0.0016, 0.0016, 0.0016, 0.0016, 0.0016, 0.0041, 0.0041, 0.0041, 0.0041, 0.0041, 0.0041, 0.0041, 0.0041, 0.0041, 0.0041, 0.0017, 0.0017, 0.0017, 0.0017, 0.0017, 0.0017, 0.0017, 0.0017, 0.0017, 0.0017, 0.1544, 0.1544, 0.1544, 0.1544, 0.1544, 0.1544, 0.1544, 0.1544, 0.1544, 0.1544, 0.0008, 0.0008, 0.0008, 0.0008, 0.0008, 0.0008, 0.0008, 0.0008, 0.0008, 0.0008, 0.0013, 0.0013, 0.0013, 0.0013, 0.0013, 0.0013, 0.0013, 0.0013, 0.0013, 0.0013, 0.0007, 0.0007, 0.0007, 0.0007, 0.0007, 0.0007, 0.0007, 0.0007, 0.0007, 0.0007, 0.0943, 0.0943, 0.0943, 0.0943, 0.0943, 0.0943, 0.0943, 0.0943, 0.0943, 0.0943, 0.0007, 0.0007, 0.0007, 0.0007, 0.0007, 0.0007, 0.0007, 0.0007, 0.0007, 0.0007, 0.0043, 0.0043, 0.0043, 0.0043, 0.0043, 0.0043, 0.0043, 0.0043, 0.0043, 0.0043, 0.0007, 0.0007, 0.0007, 0.0007, 0.0007, 0.0007, 0.0007, 0.0007, 0.0007, 0.0007, 0.0007, 0.0007, 0.0007, 0.0007, 0.0007, 0.0007, 0.0007, 0.0007, 0.0007, 0.0007, 0.0007, 0.0007, 0.0007, 0.0007, 0.0007, 0.0007, 0.0007, 0.0007, 0.0007, 0.0007, 0.0992, 0.0992, 0.0992, 0.0992, 0.0992, 0.0992, 0.0992, 0.0992, 0.0992, 0.0992, 0.0992, 0.0992, 0.0992, 0.0992, 0.0992, 0.0992, 0.0992, 0.0992, 0.0992, 0.0992, 0.0815, 0.0815, 0.0815, 0.0815, 0.0815, 0.0815, 0.0815, 0.0815, 0.0815, 0.0815, 0.0007, 0.0007, 0.0007, 0.0007, 0.0007, 0.0007, 0.0007, 0.0007, 0.0007, 0.0007, 0.0008, 0.0008, 0.0008, 0.0008, 0.0008, 0.0008, 0.0008, 0.0008, 0.0008, 0.0008, 0.1338, 0.1338, 0.1338, 0.1338, 0.1338, 0.1338, 0.1338, 0.1338, 0.1338, 0.1338, 0.0007, 0.0007, 0.0007, 0.0007, 0.0007, 0.0007, 0.0007, 0.0007, 0.0007, 0.0007, 0.0008, 0.0008, 0.0008, 0.0008, 0.0008, 0.0008, 0.0008, 0.0008, 0.0008, 0.0008, 0.0856, 0.0856, 0.0856, 0.0856, 0.0856, 0.0856, 0.0856, 0.0856, 0.0856, 0.0856, 0.0032, 0.0032, 0.0032, 0.0032, 0.0032, 0.0032, 0.0032, 0.0032, 0.0032, 0.0032, 0.0899, 0.0899, 0.0899, 0.0899, 0.0899, 0.0899, 0.0899, 0.0899, 0.0899, 0.0899, 0.0007, 0.0007, 0.0007, 0.0007, 0.0007, 0.0007, 0.0007, 0.0007, 0.0007, 0.0007, 0.2392, 0.2392, 0.2392, 0.2392, 0.2392, 0.2392, 0.2392, 0.2392, 0.2392, 0.2392, 0.0007, 0.0007, 0.0007, 0.0007, 0.0007, 0.0007, 0.0007, 0.0007, 0.0007, 0.0007, 0.0007, 0.0007, 0.0007, 0.0007, 0.0007, 0.0007, 0.0007, 0.0007, 0.0007, 0.0007, 0.1062, 0.1062, 0.1062, 0.1062, 0.1062, 0.1062, 0.1062, 0.1062, 0.1062, 0.1062, 0.1733, 0.1733, 0.1733, 0.1733, 0.1733, 0.1733, 0.1733, 0.1733, 0.1733, 0.1733, 0.0007, 0.0007, 0.0007, 0.0007, 0.0007, 0.0007, 0.0007, 0.0007, 0.0007, 0.0007, 0.0528, 0.0528, 0.0528, 0.0528, 0.0528, 0.0528, 0.0528, 0.0528, 0.0528, 0.0528, 0.0732, 0.0732, 0.0732, 0.0732, 0.0732, 0.0732, 0.0732, 0.0732, 0.0732, 0.0732, 0.0007, 0.0007, 0.0007, 0.0007, 0.0007, 0.0007, 0.0007, 0.0007, 0.0007, 0.0007, 0.1021, 0.1021, 0.1021, 0.1021, 0.1021, 0.1021, 0.1021, 0.1021, 0.1021, 0.1021, 0.0043, 0.0043, 0.0043, 0.0043, 0.0043, 0.0043, 0.0043, 0.0043, 0.0043, 0.0043, 0.0008, 0.0008, 0.0008, 0.0008, 0.0008, 0.0008, 0.0008, 0.0008, 0.0008, 0.0008, 0.1036, 0.1036, 0.1036, 0.1036, 0.1036, 0.1036, 0.1036, 0.1036, 0.1036, 0.1036, 0.0248, 0.0248, 0.0248, 0.0248, 0.0248, 0.0248, 0.0248, 0.0248, 0.0248, 0.0248, 0.0009, 0.0009, 0.0009, 0.0009, 0.0009, 0.0009, 0.0009, 0.0009, 0.0009, 0.0009, 0.0107, 0.0107, 0.0107, 0.0107, 0.0107, 0.0107, 0.0107, 0.0107, 0.0107, 0.0107, 0.1459, 0.1459, 0.1459, 0.1459, 0.1459, 0.1459, 0.1459, 0.1459, 0.1459, 0.1459, 0.0463, 0.0463, 0.0463, 0.0463, 0.0463, 0.0463, 0.0463, 0.0463, 0.0463, 0.0463, 0.099, 0.099, 0.099, 0.099, 0.099, 0.099, 0.099, 0.099, 0.099, 0.099, 0.0009, 0.0009, 0.0009, 0.0009, 0.0009, 0.0009, 0.0009, 0.0009, 0.0009, 0.0009, 0.0141, 0.0141, 0.0141, 0.0141, 0.0141, 0.0141, 0.0141, 0.0141, 0.0141, 0.0141, 0.074, 0.074, 0.0017, 0.0017, 0.0017, 0.0017, 0.0017, 0.0017, 0.0017, 0.0017, 0.0017, 0.0017, 0.0007, 0.0007, 0.0007, 0.0007, 0.0007, 0.0007, 0.0007, 0.0007, 0.0007, 0.0007, 0.0006, 0.0006, 0.0006, 0.0006, 0.0006, 0.0006, 0.0006, 0.0006, 0.0006, 0.0006, 0.0006, 0.0006, 0.0006, 0.0006, 0.0006, 0.0006, 0.0006, 0.0006, 0.0006, 0.0006, 0.0006, 0.0006, 0.0006, 0.0006, 0.0006, 0.0006, 0.0006, 0.0006, 0.0006, 0.0006, 0.0006, 0.0006, 0.0006, 0.0006, 0.0006, 0.0006, 0.0006, 0.0006, 0.0006, 0.0006, 0.0006, 0.0006, 0.0006, 0.0006, 0.0006, 0.0006, 0.0006, 0.0006, 0.0006, 0.0006, 0.0006, 0.0006, 0.0006, 0.0006, 0.0006, 0.0006, 0.0006, 0.0006, 0.0006, 0.0006, 0.0006, 0.0006, 0.0006, 0.0006, 0.0006, 0.0006, 0.0006, 0.0006, 0.0006, 0.0006, 0.105, 0.105, 0.105, 0.105, 0.105, 0.105, 0.105, 0.105, 0.105, 0.105, 0.0005, 0.0005, 0.0005, 0.0005, 0.0005, 0.0005, 0.0005, 0.0005, 0.0005, 0.0005, 0.1504, 0.1504, 0.1504, 0.1504, 0.1504, 0.1504, 0.1504, 0.1504, 0.1504, 0.1504, 0.0006, 0.0006, 0.0006, 0.0006, 0.0006, 0.0006, 0.0006, 0.0006, 0.0006, 0.0006, 0.1031, 0.1031, 0.1031, 0.1031, 0.1031, 0.1031, 0.1031, 0.1031, 0.1031, 0.1031, 0.0007, 0.0007, 0.0007, 0.0007, 0.0007, 0.0007, 0.0007, 0.0007, 0.0007, 0.0007, 0.0547, 0.0547, 0.0547, 0.0547, 0.0547, 0.0547, 0.0547, 0.0547, 0.0547, 0.0547, 0.0006, 0.0006, 0.0006, 0.0006, 0.0006, 0.0006, 0.0006, 0.0006, 0.0006, 0.0006, 0.014, 0.014, 0.014, 0.014, 0.014, 0.014, 0.014, 0.014, 0.014, 0.014, 0.0006, 0.0006, 0.0006, 0.0006, 0.0006, 0.0006, 0.0006, 0.0006, 0.0006, 0.0006, 0.1529, 0.1529, 0.1529, 0.1529, 0.1529, 0.1529, 0.1529, 0.1529, 0.1529, 0.1529, 0.0007, 0.0007, 0.0007, 0.0007, 0.0007, 0.0007, 0.0007, 0.0007, 0.0007, 0.0007, 0.0007, 0.0007, 0.0007, 0.0007, 0.0007, 0.0007, 0.0007, 0.0007, 0.0007, 0.0007, 0.0007, 0.0007, 0.0007, 0.0007, 0.0007, 0.0007, 0.0007, 0.0007, 0.0007, 0.0007, 0.0006, 0.0006, 0.0006, 0.0006, 0.0006, 0.0006, 0.0006, 0.0006, 0.0006, 0.0006, 0.0007, 0.0007, 0.0007, 0.0007, 0.0007, 0.0007, 0.0007, 0.0007, 0.0007, 0.0007, 0.0006, 0.0006, 0.0006, 0.0006, 0.0006, 0.0006, 0.0006, 0.0006, 0.0006, 0.0006, 0.0007, 0.0007, 0.0007, 0.0007, 0.0007, 0.0007, 0.0007, 0.0007, 0.0007, 0.0007, 0.0007, 0.0007, 0.0007, 0.0007, 0.0007, 0.0007, 0.0007, 0.0007, 0.0007, 0.0007, 0.009, 0.009, 0.009, 0.009, 0.009, 0.009, 0.009, 0.009, 0.009, 0.009, 0.0015, 0.0015, 0.0015, 0.0015, 0.0015, 0.0015, 0.0015, 0.0015, 0.0015, 0.0015, 0.0006, 0.0006, 0.0006, 0.0006, 0.0006, 0.0006, 0.0006, 0.0006, 0.0006, 0.0006, 0.0095, 0.0095, 0.0095, 0.0095, 0.0095, 0.0095, 0.0095, 0.0095, 0.0095, 0.0095, 0.0006, 0.0006, 0.0006, 0.0006, 0.0006, 0.0006, 0.0006, 0.0006, 0.0006, 0.0006, 0.0006, 0.0006, 0.0006, 0.0006, 0.0006, 0.0006, 0.0006, 0.0006, 0.0006, 0.0006, 0.0006, 0.0006, 0.0006, 0.0006, 0.0006, 0.0006, 0.0006, 0.0006, 0.0006, 0.0006, 0.0006, 0.0006, 0.0006, 0.0006, 0.0006, 0.0006, 0.0006, 0.0006, 0.0006, 0.0006, 0.2295, 0.2295, 0.2295, 0.2295, 0.2295, 0.2295, 0.2295, 0.2295, 0.2295, 0.2295, 0.0005, 0.0005, 0.0005, 0.0005, 0.0005, 0.0005, 0.0005, 0.0005, 0.0005, 0.0005, 0.0005, 0.0005, 0.0005, 0.0005, 0.0005, 0.0005, 0.0005, 0.0005, 0.0005, 0.0005, 0.0006, 0.0006, 0.0006, 0.0006, 0.0006, 0.0006, 0.0006, 0.0006, 0.0006, 0.0006, 0.0018, 0.0018, 0.0018, 0.0018, 0.0018, 0.0018, 0.0018, 0.0018, 0.0018, 0.0018, 0.0006, 0.0006, 0.0006, 0.0006, 0.0006, 0.0006, 0.0006, 0.0006, 0.0006, 0.0006, 0.0007, 0.0007, 0.0007, 0.0007, 0.0007, 0.0007, 0.0007, 0.0007, 0.0007, 0.0007, 0.0982, 0.0982, 0.0982, 0.0982, 0.0982, 0.0982, 0.0982, 0.0982, 0.0982, 0.0982, 0.1122, 0.1122, 0.1122, 0.1122, 0.1122, 0.1122, 0.1122, 0.1122, 0.1122, 0.1122, 0.094, 0.094, 0.094, 0.094, 0.094, 0.094, 0.094, 0.094, 0.094, 0.094, 0.0013, 0.0013, 0.0013, 0.0013, 0.0013, 0.0013, 0.0013, 0.0013, 0.0013, 0.0013, 0.1032, 0.1032, 0.1032, 0.1032, 0.1032, 0.1032, 0.1032, 0.1032, 0.1032, 0.1032, 0.0006, 0.0006, 0.0006, 0.0006, 0.0006, 0.0006, 0.0006, 0.0006, 0.0006, 0.0006, 0.0005, 0.0005, 0.0005, 0.0005, 0.0005, 0.0005, 0.0005, 0.0005, 0.0005, 0.0005, 0.0976, 0.0976, 0.0976, 0.0976, 0.0976, 0.0976, 0.0976, 0.0976, 0.0976, 0.0976, 0.0007, 0.0007, 0.0007, 0.0007, 0.0007, 0.0007, 0.0007, 0.0007, 0.0007, 0.0007, 0.097, 0.097, 0.097, 0.097, 0.097, 0.097, 0.097, 0.097, 0.097, 0.097, 0.0007, 0.0007, 0.0007, 0.0007, 0.0007, 0.0007, 0.0007, 0.0007, 0.0007, 0.0007, 0.0006, 0.0006, 0.0006, 0.0006, 0.0006, 0.0006, 0.0006, 0.0006, 0.0006, 0.0006, 0.0006, 0.0006, 0.0006, 0.0006, 0.0006, 0.0006, 0.0006, 0.0006, 0.0006, 0.0006, 0.0007, 0.0007, 0.0007, 0.0007, 0.0007, 0.0007, 0.0007, 0.0007, 0.0007, 0.0007, 0.0499, 0.0499, 0.0499, 0.0499, 0.0499, 0.0499, 0.0499, 0.0499, 0.0499, 0.0499, 0.0282, 0.0282, 0.0282, 0.0282, 0.0282, 0.0282, 0.0282, 0.0282, 0.0282, 0.0282, 0.0019, 0.0019, 0.0019, 0.0019, 0.0019, 0.0019, 0.0019, 0.0019, 0.0019, 0.0019, 0.0005, 0.0005, 0.0005, 0.0005, 0.0005, 0.0005, 0.0005, 0.0005, 0.0005, 0.0005, 0.0006, 0.0006, 0.0006, 0.0006, 0.0006, 0.0006, 0.0006, 0.0006, 0.0006, 0.0006, 0.0006, 0.0006, 0.0006, 0.0006, 0.0006, 0.0006, 0.0006, 0.0006, 0.0006, 0.0006, 0.0005, 0.0005, 0.0005, 0.0005, 0.0005, 0.0005, 0.0005, 0.0005, 0.0005, 0.0005, 0.0006, 0.0006, 0.0006, 0.0006, 0.0006, 0.0006, 0.0006, 0.0006, 0.0006, 0.0006, 0.0006, 0.0006, 0.0006, 0.0006, 0.0006, 0.0006, 0.0006, 0.0006, 0.0006, 0.0006, 0.0007, 0.0007, 0.0007, 0.0007, 0.0007, 0.0007, 0.0007, 0.0007, 0.0007, 0.0007, 0.0005, 0.0005, 0.0005, 0.0005, 0.0005, 0.0005, 0.0005, 0.0005, 0.0005, 0.0005, 0.0021, 0.0021, 0.0021, 0.0021, 0.0021, 0.0021, 0.0021, 0.0021, 0.0021, 0.0021, 0.0681, 0.0681, 0.0681, 0.0681, 0.0681, 0.0681, 0.0681, 0.0681, 0.0681, 0.0681, 0.096, 0.096, 0.096, 0.096, 0.096, 0.096, 0.096, 0.096, 0.096, 0.096, 0.0988, 0.0988, 0.0988, 0.0988, 0.0988, 0.0988, 0.0988, 0.0988, 0.0988, 0.0988, 0.0006, 0.0006, 0.0006, 0.0006, 0.0006, 0.0006, 0.0006, 0.0006, 0.0006, 0.0006, 0.0006, 0.0006, 0.0006, 0.0006, 0.0006, 0.0006, 0.0006, 0.0006, 0.0006, 0.0006, 0.2204, 0.2204, 0.2204, 0.2204, 0.2204, 0.2204, 0.2204, 0.2204, 0.2204, 0.2204, 0.0447, 0.0447, 0.0447, 0.0447, 0.0447, 0.0447, 0.0447, 0.0447, 0.0447, 0.0447, 0.092, 0.092, 0.092, 0.092, 0.092, 0.092, 0.092, 0.092, 0.092, 0.092, 0.212, 0.212, 0.212, 0.212, 0.212, 0.212, 0.212, 0.212, 0.212, 0.212, 0.0008, 0.0008, 0.0008, 0.0008, 0.0008, 0.0008, 0.0008, 0.0008, 0.0008, 0.0008, 0.0245, 0.0245, 0.0245, 0.0245, 0.0245, 0.0245, 0.0245, 0.0245, 0.0245, 0.0245, 0.0083, 0.0083, 0.0083, 0.0083, 0.0083, 0.0083, 0.0013, 0.0013, 0.0013, 0.0013, 0.0013, 0.0013, 0.0013, 0.0013, 0.0013, 0.0013, 0.0007, 0.0007, 0.0007, 0.0007, 0.0007, 0.0007, 0.0007, 0.0007, 0.0007, 0.0007, 0.0006, 0.0006, 0.0006, 0.0006, 0.0006, 0.0006, 0.0006, 0.0006, 0.0006, 0.0006, 0.0007, 0.0007, 0.0007, 0.0007, 0.0007, 0.0007, 0.0007, 0.0007, 0.0007, 0.0007, 0.116, 0.116, 0.116, 0.116, 0.116, 0.116, 0.116, 0.116, 0.116, 0.116, 0.0007, 0.0007, 0.0007, 0.0007, 0.0007, 0.0007, 0.0007, 0.0007, 0.0007, 0.0007, 0.0006, 0.0006, 0.0006, 0.0006, 0.0006, 0.0006, 0.0006, 0.0006, 0.0006, 0.0006, 0.0007, 0.0007, 0.0007, 0.0007, 0.0007, 0.0007, 0.0007, 0.0007, 0.0007, 0.0007, 0.0006, 0.0006, 0.0006, 0.0006, 0.0006, 0.0006, 0.0006, 0.0006, 0.0006, 0.0006, 0.0007, 0.0007, 0.0007, 0.0007, 0.0007, 0.0007, 0.0007, 0.0007, 0.0007, 0.0007, 0.0007, 0.0007, 0.0007, 0.0007, 0.0007, 0.0007, 0.0007, 0.0007, 0.0007, 0.0007, 0.0006, 0.0006, 0.0006, 0.0006, 0.0006, 0.0006, 0.0006, 0.0006, 0.0006, 0.0006, 0.0951, 0.0951, 0.0951, 0.0951, 0.0951, 0.0951, 0.0951, 0.0951, 0.0951, 0.0951, 0.0006, 0.0006, 0.0006, 0.0006, 0.0006, 0.0006, 0.0006, 0.0006, 0.0006, 0.0006, 0.1036, 0.1036, 0.1036, 0.1036, 0.1036, 0.1036, 0.1036, 0.1036, 0.1036, 0.1036, 0.0006, 0.0006, 0.0006, 0.0006, 0.0006, 0.0006, 0.0006, 0.0006, 0.0006, 0.0006, 0.0006, 0.0006, 0.0006, 0.0006, 0.0006, 0.0006, 0.0006, 0.0006, 0.0006, 0.0006, 0.2019, 0.2019, 0.2019, 0.2019, 0.2019, 0.2019, 0.2019, 0.2019, 0.2019, 0.2019, 0.0007, 0.0007, 0.0007, 0.0007, 0.0007, 0.0007, 0.0007, 0.0007, 0.0007, 0.0007, 0.0006, 0.0006, 0.0006, 0.0006, 0.0006, 0.0006, 0.0006, 0.0006, 0.0006, 0.0006, 0.0008, 0.0008, 0.0008, 0.0008, 0.0008, 0.0008, 0.0008, 0.0008, 0.0008, 0.0008, 0.1058, 0.1058, 0.1058, 0.1058, 0.1058, 0.1058, 0.1058, 0.1058, 0.1058, 0.1058, 0.0007, 0.0007, 0.0007, 0.0007, 0.0007, 0.0007, 0.0007, 0.0007, 0.0007, 0.0007, 0.0008, 0.0008, 0.0008, 0.0008, 0.0008, 0.0008, 0.0008, 0.0008, 0.0008, 0.0008, 0.0115, 0.0115, 0.0115, 0.0115, 0.0115, 0.0115, 0.0115, 0.0115, 0.0115, 0.0115, 0.0007, 0.0007, 0.0007, 0.0007, 0.0007, 0.0007, 0.0007, 0.0007, 0.0007, 0.0007, 0.1392, 0.1392, 0.1392, 0.1392, 0.1392, 0.1392, 0.1392, 0.1392, 0.1392, 0.1392, 0.0007, 0.0007, 0.0007, 0.0007, 0.0007, 0.0007, 0.0007, 0.0007, 0.0007, 0.0007, 0.0953, 0.0953, 0.0953, 0.0953, 0.0953, 0.0953, 0.0953, 0.0953, 0.0953, 0.0953, 0.1086, 0.1086, 0.1086, 0.1086, 0.1086, 0.1086, 0.1086, 0.1086, 0.1086, 0.1086, 0.0007, 0.0007, 0.0007, 0.0007, 0.0007, 0.0007, 0.0007, 0.0007, 0.0007, 0.0007, 0.0007, 0.0007, 0.0007, 0.0007, 0.0007, 0.0007, 0.0007, 0.0007, 0.0007, 0.0007, 0.0008, 0.0008, 0.0008, 0.0008, 0.0008, 0.0008, 0.0008, 0.0008, 0.0008, 0.0008, 0.0006, 0.0006, 0.0006, 0.0006, 0.0006, 0.0006, 0.0006, 0.0006, 0.0006, 0.0006, 0.0007, 0.0007, 0.0007, 0.0007, 0.0007, 0.0007, 0.0007, 0.0007, 0.0007, 0.0007, 0.0006, 0.0006, 0.0006, 0.0006, 0.0006, 0.0006, 0.0006, 0.0006, 0.0006, 0.0006, 0.0918, 0.0918, 0.0918, 0.0918, 0.0918, 0.0918, 0.0918, 0.0918, 0.0918, 0.0918, 0.092, 0.092, 0.092, 0.092, 0.092, 0.092, 0.092, 0.092, 0.092, 0.092, 0.0024, 0.0024, 0.0024, 0.0024, 0.0024, 0.0024, 0.0024, 0.0024, 0.0024, 0.0024, 0.0008, 0.0008, 0.0008, 0.0008, 0.0008, 0.0008, 0.0008, 0.0008, 0.0008, 0.0008, 0.0007, 0.0007, 0.0007, 0.0007, 0.0007, 0.0007, 0.0007, 0.0007, 0.0007, 0.0007, 0.0006, 0.0006, 0.0006, 0.0006, 0.0006, 0.0006, 0.0006, 0.0006, 0.0006, 0.0006, 0.0008, 0.0008, 0.0008, 0.0008, 0.0008, 0.0008, 0.0008, 0.0008, 0.0008, 0.0008, 0.0008, 0.0008, 0.0008, 0.0008, 0.0008, 0.0008, 0.0008, 0.0008, 0.0008, 0.0008, 0.0007, 0.0007, 0.0007, 0.0007, 0.0007, 0.0007, 0.0007, 0.0007, 0.0007, 0.0007, 0.0007, 0.0007, 0.0007, 0.0007, 0.0007, 0.0007, 0.0007, 0.0007, 0.0007, 0.0007, 0.0007, 0.0007, 0.0007, 0.0007, 0.0007, 0.0007, 0.0007, 0.0007, 0.0007, 0.0007, 0.0007, 0.0007, 0.0007, 0.0007, 0.0007, 0.0007, 0.0007, 0.0007, 0.0007, 0.0007, 0.0006, 0.0006, 0.0006, 0.0006, 0.0006, 0.0006, 0.0006, 0.0006, 0.0006, 0.0006, 0.014, 0.014, 0.014, 0.014, 0.014, 0.014, 0.014, 0.014, 0.014, 0.014, 0.0007, 0.0007, 0.0007, 0.0007, 0.0007, 0.0007, 0.0007, 0.0007, 0.0007, 0.0007, 0.0007, 0.0007, 0.0007, 0.0007, 0.0007, 0.0007, 0.0007, 0.0007, 0.0007, 0.0007, 0.0006, 0.0006, 0.0006, 0.0006, 0.0006, 0.0006, 0.0006, 0.0006, 0.0006, 0.0006, 0.0098, 0.0098, 0.0098, 0.0098, 0.0098, 0.0098, 0.0098, 0.0098, 0.0098, 0.0098, 0.0006, 0.0006, 0.0006, 0.0006, 0.0006, 0.0006, 0.0006, 0.0006, 0.0006, 0.0006, 0.0006, 0.0006, 0.0006, 0.0006, 0.0006, 0.0006, 0.0006, 0.0006, 0.0006, 0.0006, 0.01, 0.01, 0.01, 0.01, 0.01, 0.01, 0.01, 0.01, 0.01, 0.01, 0.0006, 0.0006, 0.0006, 0.0006, 0.0006, 0.0006, 0.0006, 0.0006, 0.0006, 0.0006, 0.0007, 0.0007, 0.0007, 0.0007, 0.0007, 0.0007, 0.0007, 0.0007, 0.0007, 0.0007, 0.0584, 0.0584, 0.0584, 0.0584, 0.0584, 0.0584, 0.0584, 0.0584, 0.0584, 0.0584, 0.0007, 0.0007, 0.0007, 0.0007, 0.0007, 0.0007, 0.0007, 0.0007, 0.0007, 0.0007, 0.0006, 0.0006, 0.0006, 0.0006, 0.0006, 0.0006, 0.0006, 0.0006, 0.0006, 0.0006, 0.0006, 0.0006, 0.0006, 0.0006, 0.0006, 0.0006, 0.0006, 0.0006, 0.0006, 0.0006, 0.0006, 0.0006, 0.0006, 0.0006, 0.0006, 0.0006, 0.0006, 0.0006, 0.0006, 0.0006, 0.0006, 0.0006, 0.0006, 0.0006, 0.0006, 0.0006, 0.0006, 0.0006, 0.0006, 0.0006, 0.0006, 0.0006, 0.0006, 0.0006, 0.0006, 0.0006, 0.0006, 0.0006, 0.0006, 0.0006, 0.0008, 0.0008, 0.0008, 0.0008, 0.0008, 0.0008, 0.0008, 0.0008, 0.0008, 0.0008, 0.1024, 0.1024, 0.1024, 0.1024, 0.1024, 0.1024, 0.1024, 0.1024, 0.1024, 0.1024, 0.0354, 0.0354, 0.0354, 0.0354, 0.0354, 0.0354, 0.0354, 0.0354, 0.0354, 0.0354, 0.0006, 0.0006, 0.0006, 0.0006, 0.0006, 0.0006, 0.0006, 0.0006, 0.0006, 0.0006, 0.0007, 0.0007, 0.0007, 0.0007, 0.0007, 0.0007, 0.0007, 0.0007, 0.0007, 0.0007, 0.0509, 0.0509, 0.0509, 0.0509, 0.0509, 0.0509, 0.0509, 0.0509, 0.0509, 0.0509, 0.0006, 0.0006, 0.0006, 0.0006, 0.0006, 0.0006, 0.0006, 0.0006, 0.0006, 0.0006, 0.0914, 0.0914, 0.0914, 0.0914, 0.0914, 0.0914, 0.0914, 0.0914, 0.0914, 0.0914, 0.0006, 0.0006, 0.0006, 0.0006, 0.0006, 0.0006, 0.0006, 0.0006, 0.0006, 0.0006, 0.0937, 0.0937, 0.0937, 0.0937, 0.0937, 0.0937, 0.0937, 0.0937, 0.0937, 0.0937, 0.0007, 0.0007, 0.0007, 0.0007, 0.0007, 0.0007, 0.0007, 0.0007, 0.0007, 0.0007, 0.0009, 0.0009, 0.0009, 0.0009, 0.0009, 0.0009, 0.0009, 0.0009, 0.0009, 0.0009, 0.0007, 0.0007, 0.0007, 0.0007, 0.0007, 0.0007, 0.0007, 0.0007, 0.0007, 0.0007, 0.0915, 0.0915, 0.0915, 0.0915, 0.0915, 0.0915, 0.0915, 0.0915, 0.0915, 0.0915, 0.0097, 0.0097, 0.0097, 0.0097, 0.0097, 0.0097, 0.0097, 0.0097, 0.0097, 0.0097]
Validation Loss:
[0.4533342123031616, 0.3091053068637848, 0.2761856019496918, 0.286596417427063, 0.251273512840271, 0.27981069684028625, 0.29348790645599365, 0.3294804096221924, 0.356123685836792, 0.36765584349632263]
Train, Validation, Test split:
Train: 6506
Validation: 1836
Test: 927
