Accuracy: 0.9503775620280475
Classification Report:
                  precision    recall  f1-score   support

        Archival       0.97      0.97      0.97       411
          Letter       0.94      0.97      0.95       208
        Literary       0.33      0.40      0.36        10
Royal/Monumental       0.92      0.93      0.93       102
      Scientific       0.96      0.94      0.95       196

        accuracy                           0.95       927
       macro avg       0.83      0.84      0.83       927
    weighted avg       0.95      0.95      0.95       927

Training Loss:
[1.6309, 1.6309, 1.6309, 1.6309, 1.6309, 1.6309, 1.6309, 1.6309, 1.6309, 1.6309, 1.587, 1.587, 1.587, 1.587, 1.587, 1.587, 1.587, 1.587, 1.587, 1.587, 1.4482, 1.4482, 1.4482, 1.4482, 1.4482, 1.4482, 1.4482, 1.4482, 1.4482, 1.4482, 1.3433, 1.3433, 1.3433, 1.3433, 1.3433, 1.3433, 1.3433, 1.3433, 1.3433, 1.3433, 1.4063, 1.4063, 1.4063, 1.4063, 1.4063, 1.4063, 1.4063, 1.4063, 1.4063, 1.4063, 1.2537, 1.2537, 1.2537, 1.2537, 1.2537, 1.2537, 1.2537, 1.2537, 1.2537, 1.2537, 1.1716, 1.1716, 1.1716, 1.1716, 1.1716, 1.1716, 1.1716, 1.1716, 1.1716, 1.1716, 1.2813, 1.2813, 1.2813, 1.2813, 1.2813, 1.2813, 1.2813, 1.2813, 1.2813, 1.2813, 1.1749, 1.1749, 1.1749, 1.1749, 1.1749, 1.1749, 1.1749, 1.1749, 1.1749, 1.1749, 1.1754, 1.1754, 1.1754, 1.1754, 1.1754, 1.1754, 1.1754, 1.1754, 1.1754, 1.1754, 1.1558, 1.1558, 1.1558, 1.1558, 1.1558, 1.1558, 1.1558, 1.1558, 1.1558, 1.1558, 1.0434, 1.0434, 1.0434, 1.0434, 1.0434, 1.0434, 1.0434, 1.0434, 1.0434, 1.0434, 1.0537, 1.0537, 1.0537, 1.0537, 1.0537, 1.0537, 1.0537, 1.0537, 1.0537, 1.0537, 0.9415, 0.9415, 0.9415, 0.9415, 0.9415, 0.9415, 0.9415, 0.9415, 0.9415, 0.9415, 0.8864, 0.8864, 0.8864, 0.8864, 0.8864, 0.8864, 0.8864, 0.8864, 0.8864, 0.8864, 0.7673, 0.7673, 0.7673, 0.7673, 0.7673, 0.7673, 0.7673, 0.7673, 0.7673, 0.7673, 0.8039, 0.8039, 0.8039, 0.8039, 0.8039, 0.8039, 0.8039, 0.8039, 0.8039, 0.8039, 0.723, 0.723, 0.723, 0.723, 0.723, 0.723, 0.723, 0.723, 0.723, 0.723, 0.9192, 0.9192, 0.9192, 0.9192, 0.9192, 0.9192, 0.9192, 0.9192, 0.9192, 0.9192, 0.8919, 0.8919, 0.8919, 0.8919, 0.8919, 0.8919, 0.8919, 0.8919, 0.8919, 0.8919, 0.6728, 0.6728, 0.6728, 0.6728, 0.6728, 0.6728, 0.6728, 0.6728, 0.6728, 0.6728, 0.9185, 0.9185, 0.9185, 0.9185, 0.9185, 0.9185, 0.9185, 0.9185, 0.9185, 0.9185, 0.6058, 0.6058, 0.6058, 0.6058, 0.6058, 0.6058, 0.6058, 0.6058, 0.6058, 0.6058, 0.5551, 0.5551, 0.5551, 0.5551, 0.5551, 0.5551, 0.5551, 0.5551, 0.5551, 0.5551, 0.9125, 0.9125, 0.9125, 0.9125, 0.9125, 0.9125, 0.9125, 0.9125, 0.9125, 0.9125, 0.7656, 0.7656, 0.7656, 0.7656, 0.7656, 0.7656, 0.7656, 0.7656, 0.7656, 0.7656, 0.808, 0.808, 0.808, 0.808, 0.808, 0.808, 0.808, 0.808, 0.808, 0.808, 0.9414, 0.9414, 0.9414, 0.9414, 0.9414, 0.9414, 0.9414, 0.9414, 0.9414, 0.9414, 0.8378, 0.8378, 0.8378, 0.8378, 0.8378, 0.8378, 0.8378, 0.8378, 0.8378, 0.8378, 0.7153, 0.7153, 0.7153, 0.7153, 0.7153, 0.7153, 0.7153, 0.7153, 0.7153, 0.7153, 0.7087, 0.7087, 0.7087, 0.7087, 0.7087, 0.7087, 0.7087, 0.7087, 0.7087, 0.7087, 0.8501, 0.8501, 0.8501, 0.8501, 0.8501, 0.8501, 0.8501, 0.8501, 0.8501, 0.8501, 0.523, 0.523, 0.523, 0.523, 0.523, 0.523, 0.523, 0.523, 0.523, 0.523, 0.6549, 0.6549, 0.6549, 0.6549, 0.6549, 0.6549, 0.6549, 0.6549, 0.6549, 0.6549, 0.7734, 0.7734, 0.7734, 0.7734, 0.7734, 0.7734, 0.7734, 0.7734, 0.7734, 0.7734, 0.8331, 0.8331, 0.8331, 0.8331, 0.8331, 0.8331, 0.8331, 0.8331, 0.8331, 0.8331, 0.7088, 0.7088, 0.7088, 0.7088, 0.7088, 0.7088, 0.7088, 0.7088, 0.7088, 0.7088, 0.9706, 0.9706, 0.9706, 0.9706, 0.9706, 0.9706, 0.9706, 0.9706, 0.9706, 0.9706, 0.8025, 0.8025, 0.8025, 0.8025, 0.8025, 0.8025, 0.8025, 0.8025, 0.8025, 0.8025, 0.7361, 0.7361, 0.7361, 0.7361, 0.7361, 0.7361, 0.7361, 0.7361, 0.7361, 0.7361, 0.6765, 0.6765, 0.6765, 0.6765, 0.6765, 0.6765, 0.6765, 0.6765, 0.6765, 0.6765, 0.7124, 0.7124, 0.7124, 0.7124, 0.7124, 0.7124, 0.7124, 0.7124, 0.7124, 0.7124, 0.4644, 0.4644, 0.4644, 0.4644, 0.4644, 0.4644, 0.4644, 0.4644, 0.4644, 0.4644, 0.5916, 0.5916, 0.5916, 0.5916, 0.5916, 0.5916, 0.5916, 0.5916, 0.5916, 0.5916, 0.4591, 0.4591, 0.4591, 0.4591, 0.4591, 0.4591, 0.4591, 0.4591, 0.4591, 0.4591, 0.879, 0.879, 0.879, 0.879, 0.879, 0.879, 0.879, 0.879, 0.879, 0.879, 0.8196, 0.8196, 0.8196, 0.8196, 0.8196, 0.8196, 0.8196, 0.8196, 0.8196, 0.8196, 0.4266, 0.4266, 0.4266, 0.4266, 0.4266, 0.4266, 0.4266, 0.4266, 0.4266, 0.4266, 0.8969, 0.8969, 0.8969, 0.8969, 0.8969, 0.8969, 0.8969, 0.8969, 0.8969, 0.8969, 0.701, 0.701, 0.701, 0.701, 0.701, 0.701, 0.701, 0.701, 0.701, 0.701, 0.5243, 0.5243, 0.5243, 0.5243, 0.5243, 0.5243, 0.5243, 0.5243, 0.5243, 0.5243, 0.6536, 0.6536, 0.6536, 0.6536, 0.6536, 0.6536, 0.6536, 0.6536, 0.6536, 0.6536, 0.4884, 0.4884, 0.4884, 0.4884, 0.4884, 0.4884, 0.4884, 0.4884, 0.4884, 0.4884, 0.4415, 0.4415, 0.4415, 0.4415, 0.4415, 0.4415, 0.4415, 0.4415, 0.4415, 0.4415, 0.5209, 0.5209, 0.5209, 0.5209, 0.5209, 0.5209, 0.5209, 0.5209, 0.5209, 0.5209, 0.6233, 0.6233, 0.6233, 0.6233, 0.6233, 0.6233, 0.6233, 0.6233, 0.6233, 0.6233, 0.5782, 0.5782, 0.5782, 0.5782, 0.5782, 0.5782, 0.5782, 0.5782, 0.5782, 0.5782, 0.3667, 0.3667, 0.3667, 0.3667, 0.3667, 0.3667, 0.3667, 0.3667, 0.3667, 0.3667, 0.3673, 0.3673, 0.3673, 0.3673, 0.3673, 0.3673, 0.3673, 0.3673, 0.3673, 0.3673, 0.777, 0.777, 0.777, 0.777, 0.777, 0.777, 0.777, 0.777, 0.777, 0.777, 0.7547, 0.7547, 0.7547, 0.7547, 0.7547, 0.7547, 0.7547, 0.7547, 0.7547, 0.7547, 0.4129, 0.4129, 0.4129, 0.4129, 0.4129, 0.4129, 0.4129, 0.4129, 0.4129, 0.4129, 0.5882, 0.5882, 0.5882, 0.5882, 0.5882, 0.5882, 0.5882, 0.5882, 0.5882, 0.5882, 0.4037, 0.4037, 0.4037, 0.4037, 0.4037, 0.4037, 0.4037, 0.4037, 0.4037, 0.4037, 0.305, 0.305, 0.305, 0.305, 0.305, 0.305, 0.305, 0.305, 0.305, 0.305, 0.5252, 0.5252, 0.5252, 0.5252, 0.5252, 0.5252, 0.5252, 0.5252, 0.5252, 0.5252, 0.5935, 0.5935, 0.5935, 0.5935, 0.5935, 0.5935, 0.5935, 0.5935, 0.5935, 0.5935, 0.6474, 0.6474, 0.6474, 0.6474, 0.6474, 0.6474, 0.6474, 0.6474, 0.6474, 0.6474, 0.455, 0.455, 0.455, 0.455, 0.455, 0.455, 0.455, 0.455, 0.455, 0.455, 0.6268, 0.6268, 0.6268, 0.6268, 0.6268, 0.6268, 0.6268, 0.6268, 0.6268, 0.6268, 0.6381, 0.6381, 0.6381, 0.6381, 0.6381, 0.6381, 0.6381, 0.6381, 0.6381, 0.6381, 0.5528, 0.5528, 0.5528, 0.5528, 0.5528, 0.5528, 0.5528, 0.5528, 0.5528, 0.5528, 0.8271, 0.8271, 0.8271, 0.8271, 0.8271, 0.8271, 0.8271, 0.8271, 0.8271, 0.8271, 0.7533, 0.7533, 0.7533, 0.7533, 0.7533, 0.7533, 0.7533, 0.7533, 0.7533, 0.7533, 0.3806, 0.3806, 0.3806, 0.3806, 0.3806, 0.3806, 0.3806, 0.3806, 0.3806, 0.3806, 0.4675, 0.4675, 0.4675, 0.4675, 0.4675, 0.4675, 0.4675, 0.4675, 0.4675, 0.4675, 0.5454, 0.5454, 0.5454, 0.5454, 0.5454, 0.5454, 0.5454, 0.5454, 0.5454, 0.5454, 0.5572, 0.5572, 0.5572, 0.5572, 0.5572, 0.5572, 0.5572, 0.5572, 0.5572, 0.5572, 0.6774, 0.6774, 0.6774, 0.6774, 0.6774, 0.6774, 0.6774, 0.6774, 0.6774, 0.6774, 0.2864, 0.2864, 0.2864, 0.2864, 0.2864, 0.2864, 0.2864, 0.2864, 0.2864, 0.2864, 0.4073, 0.4073, 0.4073, 0.4073, 0.3316, 0.3316, 0.3316, 0.3316, 0.3316, 0.3316, 0.3316, 0.3316, 0.3316, 0.3316, 0.3627, 0.3627, 0.3627, 0.3627, 0.3627, 0.3627, 0.3627, 0.3627, 0.3627, 0.3627, 0.3248, 0.3248, 0.3248, 0.3248, 0.3248, 0.3248, 0.3248, 0.3248, 0.3248, 0.3248, 0.6159, 0.6159, 0.6159, 0.6159, 0.6159, 0.6159, 0.6159, 0.6159, 0.6159, 0.6159, 0.3236, 0.3236, 0.3236, 0.3236, 0.3236, 0.3236, 0.3236, 0.3236, 0.3236, 0.3236, 0.4424, 0.4424, 0.4424, 0.4424, 0.4424, 0.4424, 0.4424, 0.4424, 0.4424, 0.4424, 0.5391, 0.5391, 0.5391, 0.5391, 0.5391, 0.5391, 0.5391, 0.5391, 0.5391, 0.5391, 0.2814, 0.2814, 0.2814, 0.2814, 0.2814, 0.2814, 0.2814, 0.2814, 0.2814, 0.2814, 0.5736, 0.5736, 0.5736, 0.5736, 0.5736, 0.5736, 0.5736, 0.5736, 0.5736, 0.5736, 0.179, 0.179, 0.179, 0.179, 0.179, 0.179, 0.179, 0.179, 0.179, 0.179, 0.2336, 0.2336, 0.2336, 0.2336, 0.2336, 0.2336, 0.2336, 0.2336, 0.2336, 0.2336, 0.4722, 0.4722, 0.4722, 0.4722, 0.4722, 0.4722, 0.4722, 0.4722, 0.4722, 0.4722, 0.3617, 0.3617, 0.3617, 0.3617, 0.3617, 0.3617, 0.3617, 0.3617, 0.3617, 0.3617, 0.413, 0.413, 0.413, 0.413, 0.413, 0.413, 0.413, 0.413, 0.413, 0.413, 0.4551, 0.4551, 0.4551, 0.4551, 0.4551, 0.4551, 0.4551, 0.4551, 0.4551, 0.4551, 0.3174, 0.3174, 0.3174, 0.3174, 0.3174, 0.3174, 0.3174, 0.3174, 0.3174, 0.3174, 0.2593, 0.2593, 0.2593, 0.2593, 0.2593, 0.2593, 0.2593, 0.2593, 0.2593, 0.2593, 0.4087, 0.4087, 0.4087, 0.4087, 0.4087, 0.4087, 0.4087, 0.4087, 0.4087, 0.4087, 0.4664, 0.4664, 0.4664, 0.4664, 0.4664, 0.4664, 0.4664, 0.4664, 0.4664, 0.4664, 0.3079, 0.3079, 0.3079, 0.3079, 0.3079, 0.3079, 0.3079, 0.3079, 0.3079, 0.3079, 0.3797, 0.3797, 0.3797, 0.3797, 0.3797, 0.3797, 0.3797, 0.3797, 0.3797, 0.3797, 0.4461, 0.4461, 0.4461, 0.4461, 0.4461, 0.4461, 0.4461, 0.4461, 0.4461, 0.4461, 0.2181, 0.2181, 0.2181, 0.2181, 0.2181, 0.2181, 0.2181, 0.2181, 0.2181, 0.2181, 0.1276, 0.1276, 0.1276, 0.1276, 0.1276, 0.1276, 0.1276, 0.1276, 0.1276, 0.1276, 0.163, 0.163, 0.163, 0.163, 0.163, 0.163, 0.163, 0.163, 0.163, 0.163, 0.4239, 0.4239, 0.4239, 0.4239, 0.4239, 0.4239, 0.4239, 0.4239, 0.4239, 0.4239, 0.1733, 0.1733, 0.1733, 0.1733, 0.1733, 0.1733, 0.1733, 0.1733, 0.1733, 0.1733, 0.5053, 0.5053, 0.5053, 0.5053, 0.5053, 0.5053, 0.5053, 0.5053, 0.5053, 0.5053, 0.3088, 0.3088, 0.3088, 0.3088, 0.3088, 0.3088, 0.3088, 0.3088, 0.3088, 0.3088, 0.3349, 0.3349, 0.3349, 0.3349, 0.3349, 0.3349, 0.3349, 0.3349, 0.3349, 0.3349, 0.2868, 0.2868, 0.2868, 0.2868, 0.2868, 0.2868, 0.2868, 0.2868, 0.2868, 0.2868, 0.4759, 0.4759, 0.4759, 0.4759, 0.4759, 0.4759, 0.4759, 0.4759, 0.4759, 0.4759, 0.3452, 0.3452, 0.3452, 0.3452, 0.3452, 0.3452, 0.3452, 0.3452, 0.3452, 0.3452, 0.321, 0.321, 0.321, 0.321, 0.321, 0.321, 0.321, 0.321, 0.321, 0.321, 0.0737, 0.0737, 0.0737, 0.0737, 0.0737, 0.0737, 0.0737, 0.0737, 0.0737, 0.0737, 0.2359, 0.2359, 0.2359, 0.2359, 0.2359, 0.2359, 0.2359, 0.2359, 0.2359, 0.2359, 0.5965, 0.5965, 0.5965, 0.5965, 0.5965, 0.5965, 0.5965, 0.5965, 0.5965, 0.5965, 0.315, 0.315, 0.315, 0.315, 0.315, 0.315, 0.315, 0.315, 0.315, 0.315, 0.6017, 0.6017, 0.6017, 0.6017, 0.6017, 0.6017, 0.6017, 0.6017, 0.6017, 0.6017, 0.6245, 0.6245, 0.6245, 0.6245, 0.6245, 0.6245, 0.6245, 0.6245, 0.6245, 0.6245, 0.4158, 0.4158, 0.4158, 0.4158, 0.4158, 0.4158, 0.4158, 0.4158, 0.4158, 0.4158, 0.3603, 0.3603, 0.3603, 0.3603, 0.3603, 0.3603, 0.3603, 0.3603, 0.3603, 0.3603, 0.3642, 0.3642, 0.3642, 0.3642, 0.3642, 0.3642, 0.3642, 0.3642, 0.3642, 0.3642, 0.3166, 0.3166, 0.3166, 0.3166, 0.3166, 0.3166, 0.3166, 0.3166, 0.3166, 0.3166, 0.3828, 0.3828, 0.3828, 0.3828, 0.3828, 0.3828, 0.3828, 0.3828, 0.3828, 0.3828, 0.0727, 0.0727, 0.0727, 0.0727, 0.0727, 0.0727, 0.0727, 0.0727, 0.0727, 0.0727, 0.3588, 0.3588, 0.3588, 0.3588, 0.3588, 0.3588, 0.3588, 0.3588, 0.3588, 0.3588, 0.5147, 0.5147, 0.5147, 0.5147, 0.5147, 0.5147, 0.5147, 0.5147, 0.5147, 0.5147, 0.3485, 0.3485, 0.3485, 0.3485, 0.3485, 0.3485, 0.3485, 0.3485, 0.3485, 0.3485, 0.2909, 0.2909, 0.2909, 0.2909, 0.2909, 0.2909, 0.2909, 0.2909, 0.2909, 0.2909, 0.2878, 0.2878, 0.2878, 0.2878, 0.2878, 0.2878, 0.2878, 0.2878, 0.2878, 0.2878, 0.4388, 0.4388, 0.4388, 0.4388, 0.4388, 0.4388, 0.4388, 0.4388, 0.4388, 0.4388, 0.2015, 0.2015, 0.2015, 0.2015, 0.2015, 0.2015, 0.2015, 0.2015, 0.2015, 0.2015, 0.3663, 0.3663, 0.3663, 0.3663, 0.3663, 0.3663, 0.3663, 0.3663, 0.3663, 0.3663, 0.4187, 0.4187, 0.4187, 0.4187, 0.4187, 0.4187, 0.4187, 0.4187, 0.4187, 0.4187, 0.2718, 0.2718, 0.2718, 0.2718, 0.2718, 0.2718, 0.2718, 0.2718, 0.2718, 0.2718, 0.545, 0.545, 0.545, 0.545, 0.545, 0.545, 0.545, 0.545, 0.545, 0.545, 0.2233, 0.2233, 0.2233, 0.2233, 0.2233, 0.2233, 0.2233, 0.2233, 0.2233, 0.2233, 0.2407, 0.2407, 0.2407, 0.2407, 0.2407, 0.2407, 0.2407, 0.2407, 0.2407, 0.2407, 0.2665, 0.2665, 0.2665, 0.2665, 0.2665, 0.2665, 0.2665, 0.2665, 0.2665, 0.2665, 0.2902, 0.2902, 0.2902, 0.2902, 0.2902, 0.2902, 0.2902, 0.2902, 0.2902, 0.2902, 0.4232, 0.4232, 0.4232, 0.4232, 0.4232, 0.4232, 0.4232, 0.4232, 0.4232, 0.4232, 0.138, 0.138, 0.138, 0.138, 0.138, 0.138, 0.138, 0.138, 0.138, 0.138, 0.4207, 0.4207, 0.4207, 0.4207, 0.4207, 0.4207, 0.4207, 0.4207, 0.4207, 0.4207, 0.4816, 0.4816, 0.4816, 0.4816, 0.4816, 0.4816, 0.4816, 0.4816, 0.4816, 0.4816, 0.3137, 0.3137, 0.3137, 0.3137, 0.3137, 0.3137, 0.3137, 0.3137, 0.3137, 0.3137, 0.4705, 0.4705, 0.4705, 0.4705, 0.4705, 0.4705, 0.4705, 0.4705, 0.4705, 0.4705, 0.3981, 0.3981, 0.3981, 0.3981, 0.3981, 0.3981, 0.3981, 0.3981, 0.3981, 0.3981, 0.2666, 0.2666, 0.2666, 0.2666, 0.2666, 0.2666, 0.2666, 0.2666, 0.2666, 0.2666, 0.2739, 0.2739, 0.2739, 0.2739, 0.2739, 0.2739, 0.2739, 0.2739, 0.2739, 0.2739, 0.3006, 0.3006, 0.3006, 0.3006, 0.3006, 0.3006, 0.3006, 0.3006, 0.3006, 0.3006, 0.287, 0.287, 0.287, 0.287, 0.287, 0.287, 0.287, 0.287, 0.287, 0.287, 0.2611, 0.2611, 0.2611, 0.2611, 0.2611, 0.2611, 0.2611, 0.2611, 0.2611, 0.2611, 0.1907, 0.1907, 0.1907, 0.1907, 0.1907, 0.1907, 0.1907, 0.1907, 0.1907, 0.1907, 0.4664, 0.4664, 0.4664, 0.4664, 0.4664, 0.4664, 0.4664, 0.4664, 0.4664, 0.4664, 0.8657, 0.8657, 0.8657, 0.8657, 0.8657, 0.8657, 0.8657, 0.8657, 0.8657, 0.8657, 0.5769, 0.5769, 0.5769, 0.5769, 0.5769, 0.5769, 0.5769, 0.5769, 0.5769, 0.5769, 0.4963, 0.4963, 0.4963, 0.4963, 0.4963, 0.4963, 0.4963, 0.4963, 0.4963, 0.4963, 0.4783, 0.4783, 0.4783, 0.4783, 0.4783, 0.4783, 0.4783, 0.4783, 0.4783, 0.4783, 0.4069, 0.4069, 0.4069, 0.4069, 0.4069, 0.4069, 0.4069, 0.4069, 0.4069, 0.4069, 0.585, 0.585, 0.585, 0.585, 0.585, 0.585, 0.585, 0.585, 0.5238, 0.5238, 0.5238, 0.5238, 0.5238, 0.5238, 0.5238, 0.5238, 0.5238, 0.5238, 0.2382, 0.2382, 0.2382, 0.2382, 0.2382, 0.2382, 0.2382, 0.2382, 0.2382, 0.2382, 0.2551, 0.2551, 0.2551, 0.2551, 0.2551, 0.2551, 0.2551, 0.2551, 0.2551, 0.2551, 0.1664, 0.1664, 0.1664, 0.1664, 0.1664, 0.1664, 0.1664, 0.1664, 0.1664, 0.1664, 0.1813, 0.1813, 0.1813, 0.1813, 0.1813, 0.1813, 0.1813, 0.1813, 0.1813, 0.1813, 0.34, 0.34, 0.34, 0.34, 0.34, 0.34, 0.34, 0.34, 0.34, 0.34, 0.3752, 0.3752, 0.3752, 0.3752, 0.3752, 0.3752, 0.3752, 0.3752, 0.3752, 0.3752, 0.4077, 0.4077, 0.4077, 0.4077, 0.4077, 0.4077, 0.4077, 0.4077, 0.4077, 0.4077, 0.2297, 0.2297, 0.2297, 0.2297, 0.2297, 0.2297, 0.2297, 0.2297, 0.2297, 0.2297, 0.2811, 0.2811, 0.2811, 0.2811, 0.2811, 0.2811, 0.2811, 0.2811, 0.2811, 0.2811, 0.609, 0.609, 0.609, 0.609, 0.609, 0.609, 0.609, 0.609, 0.609, 0.609, 0.0218, 0.0218, 0.0218, 0.0218, 0.0218, 0.0218, 0.0218, 0.0218, 0.0218, 0.0218, 0.1672, 0.1672, 0.1672, 0.1672, 0.1672, 0.1672, 0.1672, 0.1672, 0.1672, 0.1672, 0.1995, 0.1995, 0.1995, 0.1995, 0.1995, 0.1995, 0.1995, 0.1995, 0.1995, 0.1995, 0.0682, 0.0682, 0.0682, 0.0682, 0.0682, 0.0682, 0.0682, 0.0682, 0.0682, 0.0682, 0.2343, 0.2343, 0.2343, 0.2343, 0.2343, 0.2343, 0.2343, 0.2343, 0.2343, 0.2343, 0.4359, 0.4359, 0.4359, 0.4359, 0.4359, 0.4359, 0.4359, 0.4359, 0.4359, 0.4359, 0.404, 0.404, 0.404, 0.404, 0.404, 0.404, 0.404, 0.404, 0.404, 0.404, 0.7188, 0.7188, 0.7188, 0.7188, 0.7188, 0.7188, 0.7188, 0.7188, 0.7188, 0.7188, 0.4845, 0.4845, 0.4845, 0.4845, 0.4845, 0.4845, 0.4845, 0.4845, 0.4845, 0.4845, 0.0585, 0.0585, 0.0585, 0.0585, 0.0585, 0.0585, 0.0585, 0.0585, 0.0585, 0.0585, 0.3223, 0.3223, 0.3223, 0.3223, 0.3223, 0.3223, 0.3223, 0.3223, 0.3223, 0.3223, 0.3152, 0.3152, 0.3152, 0.3152, 0.3152, 0.3152, 0.3152, 0.3152, 0.3152, 0.3152, 0.1036, 0.1036, 0.1036, 0.1036, 0.1036, 0.1036, 0.1036, 0.1036, 0.1036, 0.1036, 0.2392, 0.2392, 0.2392, 0.2392, 0.2392, 0.2392, 0.2392, 0.2392, 0.2392, 0.2392, 0.1792, 0.1792, 0.1792, 0.1792, 0.1792, 0.1792, 0.1792, 0.1792, 0.1792, 0.1792, 0.3473, 0.3473, 0.3473, 0.3473, 0.3473, 0.3473, 0.3473, 0.3473, 0.3473, 0.3473, 0.1469, 0.1469, 0.1469, 0.1469, 0.1469, 0.1469, 0.1469, 0.1469, 0.1469, 0.1469, 0.2048, 0.2048, 0.2048, 0.2048, 0.2048, 0.2048, 0.2048, 0.2048, 0.2048, 0.2048, 0.061, 0.061, 0.061, 0.061, 0.061, 0.061, 0.061, 0.061, 0.061, 0.061, 0.1886, 0.1886, 0.1886, 0.1886, 0.1886, 0.1886, 0.1886, 0.1886, 0.1886, 0.1886, 0.2914, 0.2914, 0.2914, 0.2914, 0.2914, 0.2914, 0.2914, 0.2914, 0.2914, 0.2914, 0.402, 0.402, 0.402, 0.402, 0.402, 0.402, 0.402, 0.402, 0.402, 0.402, 0.2251, 0.2251, 0.2251, 0.2251, 0.2251, 0.2251, 0.2251, 0.2251, 0.2251, 0.2251, 0.2946, 0.2946, 0.2946, 0.2946, 0.2946, 0.2946, 0.2946, 0.2946, 0.2946, 0.2946, 0.3525, 0.3525, 0.3525, 0.3525, 0.3525, 0.3525, 0.3525, 0.3525, 0.3525, 0.3525, 0.2538, 0.2538, 0.2538, 0.2538, 0.2538, 0.2538, 0.2538, 0.2538, 0.2538, 0.2538, 0.0083, 0.0083, 0.0083, 0.0083, 0.0083, 0.0083, 0.0083, 0.0083, 0.0083, 0.0083, 0.3, 0.3, 0.3, 0.3, 0.3, 0.3, 0.3, 0.3, 0.3, 0.3, 0.4343, 0.4343, 0.4343, 0.4343, 0.4343, 0.4343, 0.4343, 0.4343, 0.4343, 0.4343, 0.3813, 0.3813, 0.3813, 0.3813, 0.3813, 0.3813, 0.3813, 0.3813, 0.3813, 0.3813, 0.2456, 0.2456, 0.2456, 0.2456, 0.2456, 0.2456, 0.2456, 0.2456, 0.2456, 0.2456, 0.2063, 0.2063, 0.2063, 0.2063, 0.2063, 0.2063, 0.2063, 0.2063, 0.2063, 0.2063, 0.0713, 0.0713, 0.0713, 0.0713, 0.0713, 0.0713, 0.0713, 0.0713, 0.0713, 0.0713, 0.268, 0.268, 0.268, 0.268, 0.268, 0.268, 0.268, 0.268, 0.268, 0.268, 0.0871, 0.0871, 0.0871, 0.0871, 0.0871, 0.0871, 0.0871, 0.0871, 0.0871, 0.0871, 0.1947, 0.1947, 0.1947, 0.1947, 0.1947, 0.1947, 0.1947, 0.1947, 0.1947, 0.1947, 0.378, 0.378, 0.378, 0.378, 0.378, 0.378, 0.378, 0.378, 0.378, 0.378, 0.233, 0.233, 0.233, 0.233, 0.233, 0.233, 0.233, 0.233, 0.233, 0.233, 0.2052, 0.2052, 0.2052, 0.2052, 0.2052, 0.2052, 0.2052, 0.2052, 0.2052, 0.2052, 0.3103, 0.3103, 0.3103, 0.3103, 0.3103, 0.3103, 0.3103, 0.3103, 0.3103, 0.3103, 0.2838, 0.2838, 0.2838, 0.2838, 0.2838, 0.2838, 0.2838, 0.2838, 0.2838, 0.2838, 0.4229, 0.4229, 0.4229, 0.4229, 0.4229, 0.4229, 0.4229, 0.4229, 0.4229, 0.4229, 0.1018, 0.1018, 0.1018, 0.1018, 0.1018, 0.1018, 0.1018, 0.1018, 0.1018, 0.1018, 0.3103, 0.3103, 0.3103, 0.3103, 0.3103, 0.3103, 0.3103, 0.3103, 0.3103, 0.3103, 0.4832, 0.4832, 0.4832, 0.4832, 0.4832, 0.4832, 0.4832, 0.4832, 0.4832, 0.4832, 0.0391, 0.0391, 0.0391, 0.0391, 0.0391, 0.0391, 0.0391, 0.0391, 0.0391, 0.0391, 0.4117, 0.4117, 0.4117, 0.4117, 0.4117, 0.4117, 0.4117, 0.4117, 0.4117, 0.4117, 0.2933, 0.2933, 0.2933, 0.2933, 0.2933, 0.2933, 0.2933, 0.2933, 0.2933, 0.2933, 0.154, 0.154, 0.154, 0.154, 0.154, 0.154, 0.154, 0.154, 0.154, 0.154, 0.0071, 0.0071, 0.0071, 0.0071, 0.0071, 0.0071, 0.0071, 0.0071, 0.0071, 0.0071, 0.0036, 0.0036, 0.0036, 0.0036, 0.0036, 0.0036, 0.0036, 0.0036, 0.0036, 0.0036, 0.1115, 0.1115, 0.1115, 0.1115, 0.1115, 0.1115, 0.1115, 0.1115, 0.1115, 0.1115, 0.0753, 0.0753, 0.0753, 0.0753, 0.0753, 0.0753, 0.0753, 0.0753, 0.0753, 0.0753, 0.1967, 0.1967, 0.1967, 0.1967, 0.1967, 0.1967, 0.1967, 0.1967, 0.1967, 0.1967, 0.2205, 0.2205, 0.2205, 0.2205, 0.2205, 0.2205, 0.2205, 0.2205, 0.2205, 0.2205, 0.1728, 0.1728, 0.1728, 0.1728, 0.1728, 0.1728, 0.1728, 0.1728, 0.1728, 0.1728, 0.2766, 0.2766, 0.2766, 0.2766, 0.2766, 0.2766, 0.2766, 0.2766, 0.2766, 0.2766, 0.3634, 0.3634, 0.3634, 0.3634, 0.3634, 0.3634, 0.3634, 0.3634, 0.3634, 0.3634, 0.2928, 0.2928, 0.2928, 0.2928, 0.2928, 0.2928, 0.2928, 0.2928, 0.2928, 0.2928, 0.023, 0.023, 0.023, 0.023, 0.023, 0.023, 0.023, 0.023, 0.023, 0.023, 0.1612, 0.1612, 0.1612, 0.1612, 0.1612, 0.1612, 0.1612, 0.1612, 0.1612, 0.1612, 0.3435, 0.3435, 0.3435, 0.3435, 0.3435, 0.3435, 0.3435, 0.3435, 0.3435, 0.3435, 0.3157, 0.3157, 0.3157, 0.3157, 0.3157, 0.3157, 0.3157, 0.3157, 0.3157, 0.3157, 0.4827, 0.4827, 0.4827, 0.4827, 0.4827, 0.4827, 0.4827, 0.4827, 0.4827, 0.4827, 0.2593, 0.2593, 0.2593, 0.2593, 0.2593, 0.2593, 0.2593, 0.2593, 0.2593, 0.2593, 0.2311, 0.2311, 0.2311, 0.2311, 0.2311, 0.2311, 0.2311, 0.2311, 0.2311, 0.2311, 0.197, 0.197, 0.197, 0.197, 0.197, 0.197, 0.197, 0.197, 0.197, 0.197, 0.1441, 0.1441, 0.1441, 0.1441, 0.1441, 0.1441, 0.1441, 0.1441, 0.1441, 0.1441, 0.1954, 0.1954, 0.1954, 0.1954, 0.1954, 0.1954, 0.1954, 0.1954, 0.1954, 0.1954, 0.256, 0.256, 0.256, 0.256, 0.256, 0.256, 0.256, 0.256, 0.256, 0.256, 0.0105, 0.0105, 0.2022, 0.2022, 0.2022, 0.2022, 0.2022, 0.2022, 0.2022, 0.2022, 0.2022, 0.2022, 0.2074, 0.2074, 0.2074, 0.2074, 0.2074, 0.2074, 0.2074, 0.2074, 0.2074, 0.2074, 0.0364, 0.0364, 0.0364, 0.0364, 0.0364, 0.0364, 0.0364, 0.0364, 0.0364, 0.0364, 0.0019, 0.0019, 0.0019, 0.0019, 0.0019, 0.0019, 0.0019, 0.0019, 0.0019, 0.0019, 0.103, 0.103, 0.103, 0.103, 0.103, 0.103, 0.103, 0.103, 0.103, 0.103, 0.259, 0.259, 0.259, 0.259, 0.259, 0.259, 0.259, 0.259, 0.259, 0.259, 0.0846, 0.0846, 0.0846, 0.0846, 0.0846, 0.0846, 0.0846, 0.0846, 0.0846, 0.0846, 0.034, 0.034, 0.034, 0.034, 0.034, 0.034, 0.034, 0.034, 0.034, 0.034, 0.0823, 0.0823, 0.0823, 0.0823, 0.0823, 0.0823, 0.0823, 0.0823, 0.0823, 0.0823, 0.0023, 0.0023, 0.0023, 0.0023, 0.0023, 0.0023, 0.0023, 0.0023, 0.0023, 0.0023, 0.4255, 0.4255, 0.4255, 0.4255, 0.4255, 0.4255, 0.4255, 0.4255, 0.4255, 0.4255, 0.059, 0.059, 0.059, 0.059, 0.059, 0.059, 0.059, 0.059, 0.059, 0.059, 0.1837, 0.1837, 0.1837, 0.1837, 0.1837, 0.1837, 0.1837, 0.1837, 0.1837, 0.1837, 0.2565, 0.2565, 0.2565, 0.2565, 0.2565, 0.2565, 0.2565, 0.2565, 0.2565, 0.2565, 0.3218, 0.3218, 0.3218, 0.3218, 0.3218, 0.3218, 0.3218, 0.3218, 0.3218, 0.3218, 0.335, 0.335, 0.335, 0.335, 0.335, 0.335, 0.335, 0.335, 0.335, 0.335, 0.2181, 0.2181, 0.2181, 0.2181, 0.2181, 0.2181, 0.2181, 0.2181, 0.2181, 0.2181, 0.1799, 0.1799, 0.1799, 0.1799, 0.1799, 0.1799, 0.1799, 0.1799, 0.1799, 0.1799, 0.2177, 0.2177, 0.2177, 0.2177, 0.2177, 0.2177, 0.2177, 0.2177, 0.2177, 0.2177, 0.1951, 0.1951, 0.1951, 0.1951, 0.1951, 0.1951, 0.1951, 0.1951, 0.1951, 0.1951, 0.3117, 0.3117, 0.3117, 0.3117, 0.3117, 0.3117, 0.3117, 0.3117, 0.3117, 0.3117, 0.1352, 0.1352, 0.1352, 0.1352, 0.1352, 0.1352, 0.1352, 0.1352, 0.1352, 0.1352, 0.131, 0.131, 0.131, 0.131, 0.131, 0.131, 0.131, 0.131, 0.131, 0.131, 0.1041, 0.1041, 0.1041, 0.1041, 0.1041, 0.1041, 0.1041, 0.1041, 0.1041, 0.1041, 0.2311, 0.2311, 0.2311, 0.2311, 0.2311, 0.2311, 0.2311, 0.2311, 0.2311, 0.2311, 0.0769, 0.0769, 0.0769, 0.0769, 0.0769, 0.0769, 0.0769, 0.0769, 0.0769, 0.0769, 0.0914, 0.0914, 0.0914, 0.0914, 0.0914, 0.0914, 0.0914, 0.0914, 0.0914, 0.0914, 0.0957, 0.0957, 0.0957, 0.0957, 0.0957, 0.0957, 0.0957, 0.0957, 0.0957, 0.0957, 0.0083, 0.0083, 0.0083, 0.0083, 0.0083, 0.0083, 0.0083, 0.0083, 0.0083, 0.0083, 0.2378, 0.2378, 0.2378, 0.2378, 0.2378, 0.2378, 0.2378, 0.2378, 0.2378, 0.2378, 0.0015, 0.0015, 0.0015, 0.0015, 0.0015, 0.0015, 0.0015, 0.0015, 0.0015, 0.0015, 0.1079, 0.1079, 0.1079, 0.1079, 0.1079, 0.1079, 0.1079, 0.1079, 0.1079, 0.1079, 0.407, 0.407, 0.407, 0.407, 0.407, 0.407, 0.407, 0.407, 0.407, 0.407, 0.0999, 0.0999, 0.0999, 0.0999, 0.0999, 0.0999, 0.0999, 0.0999, 0.0999, 0.0999, 0.1593, 0.1593, 0.1593, 0.1593, 0.1593, 0.1593, 0.1593, 0.1593, 0.1593, 0.1593, 0.0739, 0.0739, 0.0739, 0.0739, 0.0739, 0.0739, 0.0739, 0.0739, 0.0739, 0.0739, 0.2453, 0.2453, 0.2453, 0.2453, 0.2453, 0.2453, 0.2453, 0.2453, 0.2453, 0.2453, 0.148, 0.148, 0.148, 0.148, 0.148, 0.148, 0.148, 0.148, 0.148, 0.148, 0.1146, 0.1146, 0.1146, 0.1146, 0.1146, 0.1146, 0.1146, 0.1146, 0.1146, 0.1146, 0.1646, 0.1646, 0.1646, 0.1646, 0.1646, 0.1646, 0.1646, 0.1646, 0.1646, 0.1646, 0.1202, 0.1202, 0.1202, 0.1202, 0.1202, 0.1202, 0.1202, 0.1202, 0.1202, 0.1202, 0.0267, 0.0267, 0.0267, 0.0267, 0.0267, 0.0267, 0.0267, 0.0267, 0.0267, 0.0267, 0.2181, 0.2181, 0.2181, 0.2181, 0.2181, 0.2181, 0.2181, 0.2181, 0.2181, 0.2181, 0.1611, 0.1611, 0.1611, 0.1611, 0.1611, 0.1611, 0.1611, 0.1611, 0.1611, 0.1611, 0.0703, 0.0703, 0.0703, 0.0703, 0.0703, 0.0703, 0.0703, 0.0703, 0.0703, 0.0703, 0.1574, 0.1574, 0.1574, 0.1574, 0.1574, 0.1574, 0.1574, 0.1574, 0.1574, 0.1574, 0.0958, 0.0958, 0.0958, 0.0958, 0.0958, 0.0958, 0.0958, 0.0958, 0.0958, 0.0958, 0.2076, 0.2076, 0.2076, 0.2076, 0.2076, 0.2076, 0.2076, 0.2076, 0.2076, 0.2076, 0.2827, 0.2827, 0.2827, 0.2827, 0.2827, 0.2827, 0.2827, 0.2827, 0.2827, 0.2827, 0.216, 0.216, 0.216, 0.216, 0.216, 0.216, 0.216, 0.216, 0.216, 0.216, 0.091, 0.091, 0.091, 0.091, 0.091, 0.091, 0.091, 0.091, 0.091, 0.091, 0.1345, 0.1345, 0.1345, 0.1345, 0.1345, 0.1345, 0.1345, 0.1345, 0.1345, 0.1345, 0.2011, 0.2011, 0.2011, 0.2011, 0.2011, 0.2011, 0.2011, 0.2011, 0.2011, 0.2011, 0.087, 0.087, 0.087, 0.087, 0.087, 0.087, 0.087, 0.087, 0.087, 0.087, 0.074, 0.074, 0.074, 0.074, 0.074, 0.074, 0.074, 0.074, 0.074, 0.074, 0.173, 0.173, 0.173, 0.173, 0.173, 0.173, 0.173, 0.173, 0.173, 0.173, 0.3402, 0.3402, 0.3402, 0.3402, 0.3402, 0.3402, 0.3402, 0.3402, 0.3402, 0.3402, 0.1948, 0.1948, 0.1948, 0.1948, 0.1948, 0.1948, 0.1948, 0.1948, 0.1948, 0.1948, 0.252, 0.252, 0.252, 0.252, 0.252, 0.252, 0.252, 0.252, 0.252, 0.252, 0.1071, 0.1071, 0.1071, 0.1071, 0.1071, 0.1071, 0.1071, 0.1071, 0.1071, 0.1071, 0.1028, 0.1028, 0.1028, 0.1028, 0.1028, 0.1028, 0.1028, 0.1028, 0.1028, 0.1028, 0.5851, 0.5851, 0.5851, 0.5851, 0.5851, 0.5851, 0.5851, 0.5851, 0.5851, 0.5851, 0.2578, 0.2578, 0.2578, 0.2578, 0.2578, 0.2578, 0.2578, 0.2578, 0.2578, 0.2578, 0.0487, 0.0487, 0.0487, 0.0487, 0.0487, 0.0487, 0.0487, 0.0487, 0.0487, 0.0487, 0.1456, 0.1456, 0.1456, 0.1456, 0.1456, 0.1456, 0.1456, 0.1456, 0.1456, 0.1456, 0.0447, 0.0447, 0.0447, 0.0447, 0.0447, 0.0447, 0.0447, 0.0447, 0.0447, 0.0447, 0.1013, 0.1013, 0.1013, 0.1013, 0.1013, 0.1013, 0.1013, 0.1013, 0.1013, 0.1013, 0.0028, 0.0028, 0.0028, 0.0028, 0.0028, 0.0028, 0.0028, 0.0028, 0.0028, 0.0028, 0.0896, 0.0896, 0.0896, 0.0896, 0.0896, 0.0896, 0.0896, 0.0896, 0.0896, 0.0896, 0.1006, 0.1006, 0.1006, 0.1006, 0.1006, 0.1006, 0.1006, 0.1006, 0.1006, 0.1006, 0.167, 0.167, 0.167, 0.167, 0.167, 0.167, 0.167, 0.167, 0.167, 0.167, 0.3185, 0.3185, 0.3185, 0.3185, 0.3185, 0.3185, 0.3185, 0.3185, 0.3185, 0.3185, 0.4194, 0.4194, 0.4194, 0.4194, 0.4194, 0.4194, 0.4194, 0.4194, 0.4194, 0.4194, 0.0351, 0.0351, 0.0351, 0.0351, 0.0351, 0.0351, 0.0351, 0.0351, 0.0351, 0.0351, 0.1281, 0.1281, 0.1281, 0.1281, 0.1281, 0.1281, 0.1281, 0.1281, 0.1281, 0.1281, 0.1792, 0.1792, 0.1792, 0.1792, 0.1792, 0.1792, 0.1792, 0.1792, 0.1792, 0.1792, 0.1794, 0.1794, 0.1794, 0.1794, 0.1794, 0.1794, 0.1794, 0.1794, 0.1794, 0.1794, 0.1336, 0.1336, 0.1336, 0.1336, 0.1336, 0.1336, 0.1336, 0.1336, 0.1336, 0.1336, 0.2615, 0.2615, 0.2615, 0.2615, 0.2615, 0.2615, 0.2615, 0.2615, 0.2615, 0.2615, 0.2605, 0.2605, 0.2605, 0.2605, 0.2605, 0.2605, 0.2605, 0.2605, 0.2605, 0.2605, 0.0035, 0.0035, 0.0035, 0.0035, 0.0035, 0.0035, 0.0028, 0.0028, 0.0028, 0.0028, 0.0028, 0.0028, 0.0028, 0.0028, 0.0028, 0.0028, 0.0014, 0.0014, 0.0014, 0.0014, 0.0014, 0.0014, 0.0014, 0.0014, 0.0014, 0.0014, 0.0011, 0.0011, 0.0011, 0.0011, 0.0011, 0.0011, 0.0011, 0.0011, 0.0011, 0.0011, 0.3227, 0.3227, 0.3227, 0.3227, 0.3227, 0.3227, 0.3227, 0.3227, 0.3227, 0.3227, 0.1316, 0.1316, 0.1316, 0.1316, 0.1316, 0.1316, 0.1316, 0.1316, 0.1316, 0.1316, 0.0918, 0.0918, 0.0918, 0.0918, 0.0918, 0.0918, 0.0918, 0.0918, 0.0918, 0.0918, 0.0025, 0.0025, 0.0025, 0.0025, 0.0025, 0.0025, 0.0025, 0.0025, 0.0025, 0.0025, 0.3694, 0.3694, 0.3694, 0.3694, 0.3694, 0.3694, 0.3694, 0.3694, 0.3694, 0.3694, 0.0381, 0.0381, 0.0381, 0.0381, 0.0381, 0.0381, 0.0381, 0.0381, 0.0381, 0.0381, 0.0672, 0.0672, 0.0672, 0.0672, 0.0672, 0.0672, 0.0672, 0.0672, 0.0672, 0.0672, 0.2429, 0.2429, 0.2429, 0.2429, 0.2429, 0.2429, 0.2429, 0.2429, 0.2429, 0.2429, 0.13, 0.13, 0.13, 0.13, 0.13, 0.13, 0.13, 0.13, 0.13, 0.13, 0.0031, 0.0031, 0.0031, 0.0031, 0.0031, 0.0031, 0.0031, 0.0031, 0.0031, 0.0031, 0.0718, 0.0718, 0.0718, 0.0718, 0.0718, 0.0718, 0.0718, 0.0718, 0.0718, 0.0718, 0.1306, 0.1306, 0.1306, 0.1306, 0.1306, 0.1306, 0.1306, 0.1306, 0.1306, 0.1306, 0.3224, 0.3224, 0.3224, 0.3224, 0.3224, 0.3224, 0.3224, 0.3224, 0.3224, 0.3224, 0.1885, 0.1885, 0.1885, 0.1885, 0.1885, 0.1885, 0.1885, 0.1885, 0.1885, 0.1885, 0.0042, 0.0042, 0.0042, 0.0042, 0.0042, 0.0042, 0.0042, 0.0042, 0.0042, 0.0042, 0.0745, 0.0745, 0.0745, 0.0745, 0.0745, 0.0745, 0.0745, 0.0745, 0.0745, 0.0745, 0.0331, 0.0331, 0.0331, 0.0331, 0.0331, 0.0331, 0.0331, 0.0331, 0.0331, 0.0331, 0.0018, 0.0018, 0.0018, 0.0018, 0.0018, 0.0018, 0.0018, 0.0018, 0.0018, 0.0018, 0.0014, 0.0014, 0.0014, 0.0014, 0.0014, 0.0014, 0.0014, 0.0014, 0.0014, 0.0014, 0.0013, 0.0013, 0.0013, 0.0013, 0.0013, 0.0013, 0.0013, 0.0013, 0.0013, 0.0013, 0.2186, 0.2186, 0.2186, 0.2186, 0.2186, 0.2186, 0.2186, 0.2186, 0.2186, 0.2186, 0.141, 0.141, 0.141, 0.141, 0.141, 0.141, 0.141, 0.141, 0.141, 0.141, 0.0744, 0.0744, 0.0744, 0.0744, 0.0744, 0.0744, 0.0744, 0.0744, 0.0744, 0.0744, 0.0018, 0.0018, 0.0018, 0.0018, 0.0018, 0.0018, 0.0018, 0.0018, 0.0018, 0.0018, 0.3866, 0.3866, 0.3866, 0.3866, 0.3866, 0.3866, 0.3866, 0.3866, 0.3866, 0.3866, 0.0784, 0.0784, 0.0784, 0.0784, 0.0784, 0.0784, 0.0784, 0.0784, 0.0784, 0.0784, 0.0899, 0.0899, 0.0899, 0.0899, 0.0899, 0.0899, 0.0899, 0.0899, 0.0899, 0.0899, 0.0197, 0.0197, 0.0197, 0.0197, 0.0197, 0.0197, 0.0197, 0.0197, 0.0197, 0.0197, 0.1188, 0.1188, 0.1188, 0.1188, 0.1188, 0.1188, 0.1188, 0.1188, 0.1188, 0.1188, 0.0725, 0.0725, 0.0725, 0.0725, 0.0725, 0.0725, 0.0725, 0.0725, 0.0725, 0.0725, 0.0681, 0.0681, 0.0681, 0.0681, 0.0681, 0.0681, 0.0681, 0.0681, 0.0681, 0.0681, 0.1451, 0.1451, 0.1451, 0.1451, 0.1451, 0.1451, 0.1451, 0.1451, 0.1451, 0.1451, 0.0034, 0.0034, 0.0034, 0.0034, 0.0034, 0.0034, 0.0034, 0.0034, 0.0034, 0.0034, 0.1289, 0.1289, 0.1289, 0.1289, 0.1289, 0.1289, 0.1289, 0.1289, 0.1289, 0.1289, 0.001, 0.001, 0.001, 0.001, 0.001, 0.001, 0.001, 0.001, 0.001, 0.001, 0.0028, 0.0028, 0.0028, 0.0028, 0.0028, 0.0028, 0.0028, 0.0028, 0.0028, 0.0028, 0.2036, 0.2036, 0.2036, 0.2036, 0.2036, 0.2036, 0.2036, 0.2036, 0.2036, 0.2036, 0.1561, 0.1561, 0.1561, 0.1561, 0.1561, 0.1561, 0.1561, 0.1561, 0.1561, 0.1561, 0.246, 0.246, 0.246, 0.246, 0.246, 0.246, 0.246, 0.246, 0.246, 0.246, 0.2273, 0.2273, 0.2273, 0.2273, 0.2273, 0.2273, 0.2273, 0.2273, 0.2273, 0.2273, 0.002, 0.002, 0.002, 0.002, 0.002, 0.002, 0.002, 0.002, 0.002, 0.002, 0.1471, 0.1471, 0.1471, 0.1471, 0.1471, 0.1471, 0.1471, 0.1471, 0.1471, 0.1471, 0.1256, 0.1256, 0.1256, 0.1256, 0.1256, 0.1256, 0.1256, 0.1256, 0.1256, 0.1256, 0.1164, 0.1164, 0.1164, 0.1164, 0.1164, 0.1164, 0.1164, 0.1164, 0.1164, 0.1164, 0.4174, 0.4174, 0.4174, 0.4174, 0.4174, 0.4174, 0.4174, 0.4174, 0.4174, 0.4174, 0.0905, 0.0905, 0.0905, 0.0905, 0.0905, 0.0905, 0.0905, 0.0905, 0.0905, 0.0905, 0.066, 0.066, 0.066, 0.066, 0.066, 0.066, 0.066, 0.066, 0.066, 0.066, 0.1423, 0.1423, 0.1423, 0.1423, 0.1423, 0.1423, 0.1423, 0.1423, 0.1423, 0.1423, 0.0328, 0.0328, 0.0328, 0.0328, 0.0328, 0.0328, 0.0328, 0.0328, 0.0328, 0.0328, 0.1148, 0.1148, 0.1148, 0.1148, 0.1148, 0.1148, 0.1148, 0.1148, 0.1148, 0.1148, 0.0896, 0.0896, 0.0896, 0.0896, 0.0896, 0.0896, 0.0896, 0.0896, 0.0896, 0.0896, 0.2135, 0.2135, 0.2135, 0.2135, 0.2135, 0.2135, 0.2135, 0.2135, 0.2135, 0.2135, 0.199, 0.199, 0.199, 0.199, 0.199, 0.199, 0.199, 0.199, 0.199, 0.199, 0.1833, 0.1833, 0.1833, 0.1833, 0.1833, 0.1833, 0.1833, 0.1833, 0.1833, 0.1833, 0.2108, 0.2108, 0.2108, 0.2108, 0.2108, 0.2108, 0.2108, 0.2108, 0.2108, 0.2108, 0.0753, 0.0753, 0.0753, 0.0753, 0.0753, 0.0753, 0.0753, 0.0753, 0.0753, 0.0753, 0.1274, 0.1274, 0.1274, 0.1274, 0.1274, 0.1274, 0.1274, 0.1274, 0.1274, 0.1274, 0.252, 0.252, 0.252, 0.252, 0.252, 0.252, 0.252, 0.252, 0.252, 0.252, 0.3135, 0.3135, 0.3135, 0.3135, 0.3135, 0.3135, 0.3135, 0.3135, 0.3135, 0.3135, 0.0672, 0.0672, 0.0672, 0.0672, 0.0672, 0.0672, 0.0672, 0.0672, 0.0672, 0.0672, 0.0674, 0.0674, 0.0674, 0.0674, 0.0674, 0.0674, 0.0674, 0.0674, 0.0674, 0.0674, 0.0514, 0.0514, 0.0514, 0.0514, 0.0514, 0.0514, 0.0514, 0.0514, 0.0514, 0.0514, 0.0636, 0.0636, 0.0636, 0.0636, 0.0636, 0.0636, 0.0636, 0.0636, 0.0636, 0.0636, 0.034, 0.034, 0.034, 0.034, 0.034, 0.034, 0.034, 0.034, 0.034, 0.034, 0.1121, 0.1121, 0.1121, 0.1121, 0.1121, 0.1121, 0.1121, 0.1121, 0.1121, 0.1121, 0.0985, 0.0985, 0.0985, 0.0985, 0.0985, 0.0985, 0.0985, 0.0985, 0.0985, 0.0985, 0.0347, 0.0347, 0.0347, 0.0347, 0.0347, 0.0347, 0.0347, 0.0347, 0.0347, 0.0347, 0.0655, 0.0655, 0.0655, 0.0655, 0.0655, 0.0655, 0.0655, 0.0655, 0.0655, 0.0655, 0.0919, 0.0919, 0.0919, 0.0919, 0.0919, 0.0919, 0.0919, 0.0919, 0.0919, 0.0919, 0.1536, 0.1536, 0.1536, 0.1536, 0.1536, 0.1536, 0.1536, 0.1536, 0.1536, 0.1536, 0.0047, 0.0047, 0.0047, 0.0047, 0.0047, 0.0047, 0.0047, 0.0047, 0.0047, 0.0047, 0.0109, 0.0109, 0.0109, 0.0109, 0.0109, 0.0109, 0.0109, 0.0109, 0.0109, 0.0109, 0.2608, 0.2608, 0.2608, 0.2608, 0.2608, 0.2608, 0.2608, 0.2608, 0.2608, 0.2608, 0.001, 0.001, 0.001, 0.001, 0.001, 0.001, 0.001, 0.001, 0.001, 0.001, 0.1268, 0.1268, 0.1268, 0.1268, 0.1268, 0.1268, 0.1268, 0.1268, 0.1268, 0.1268, 0.0013, 0.0013, 0.0013, 0.0013, 0.0013, 0.0013, 0.0013, 0.0013, 0.0013, 0.0013, 0.0506, 0.0506, 0.0506, 0.0506, 0.0506, 0.0506, 0.0506, 0.0506, 0.0506, 0.0506, 0.1109, 0.1109, 0.1109, 0.1109, 0.1109, 0.1109, 0.1109, 0.1109, 0.1109, 0.1109, 0.0634, 0.0634, 0.0634, 0.0634, 0.0634, 0.0634, 0.0634, 0.0634, 0.0634, 0.0634, 0.0006, 0.0006, 0.0006, 0.0006, 0.0006, 0.0006, 0.0006, 0.0006, 0.0006, 0.0006, 0.1083, 0.1083, 0.1083, 0.1083, 0.1083, 0.1083, 0.1083, 0.1083, 0.1083, 0.1083, 0.0013, 0.0013, 0.0013, 0.0013, 0.0013, 0.0013, 0.0013, 0.0013, 0.0013, 0.0013, 0.0921, 0.0921, 0.0921, 0.0921, 0.0921, 0.0921, 0.0921, 0.0921, 0.0921, 0.0921, 0.0005, 0.0005, 0.0005, 0.0005, 0.0005, 0.0005, 0.0005, 0.0005, 0.0005, 0.0005, 0.2037, 0.2037, 0.2037, 0.2037, 0.2037, 0.2037, 0.2037, 0.2037, 0.2037, 0.2037, 0.0007, 0.0007, 0.0007, 0.0007, 0.0007, 0.0007, 0.0007, 0.0007, 0.0007, 0.0007, 0.1417, 0.1417, 0.1417, 0.1417, 0.1417, 0.1417, 0.1417, 0.1417, 0.1417, 0.1417, 0.0008, 0.0008, 0.0008, 0.0008, 0.0008, 0.0008, 0.0008, 0.0008, 0.0008, 0.0008, 0.1233, 0.1233, 0.1233, 0.1233, 0.1233, 0.1233, 0.1233, 0.1233, 0.1233, 0.1233, 0.0184, 0.0184, 0.0184, 0.0184, 0.0184, 0.0184, 0.0184, 0.0184, 0.0184, 0.0184, 0.0006, 0.0006, 0.0006, 0.0006, 0.0006, 0.0006, 0.0006, 0.0006, 0.0006, 0.0006, 0.0901, 0.0901, 0.0901, 0.0901, 0.0901, 0.0901, 0.0901, 0.0901, 0.0901, 0.0901, 0.2457, 0.2457, 0.2457, 0.2457, 0.2457, 0.2457, 0.2457, 0.2457, 0.2457, 0.2457, 0.0071, 0.0071, 0.0071, 0.0071, 0.0071, 0.0071, 0.0071, 0.0071, 0.0071, 0.0071, 0.1012, 0.1012, 0.1012, 0.1012, 0.1012, 0.1012, 0.1012, 0.1012, 0.1012, 0.1012, 0.0031, 0.0031, 0.0031, 0.0031, 0.0031, 0.0031, 0.0031, 0.0031, 0.0031, 0.0031, 0.0027, 0.0027, 0.0027, 0.0027, 0.0027, 0.0027, 0.0027, 0.0027, 0.0027, 0.0027, 0.0017, 0.0017, 0.0017, 0.0017, 0.0017, 0.0017, 0.0017, 0.0017, 0.0017, 0.0017, 0.0111, 0.0111, 0.0111, 0.0111, 0.0111, 0.0111, 0.0111, 0.0111, 0.0111, 0.0111, 0.1168, 0.1168, 0.1168, 0.1168, 0.1168, 0.1168, 0.1168, 0.1168, 0.1168, 0.1168, 0.0655, 0.0655, 0.0655, 0.0655, 0.0655, 0.0655, 0.0655, 0.0655, 0.0655, 0.0655, 0.051, 0.051, 0.051, 0.051, 0.051, 0.051, 0.051, 0.051, 0.051, 0.051, 0.0049, 0.0049, 0.0049, 0.0049, 0.0049, 0.0049, 0.0049, 0.0049, 0.0049, 0.0049, 0.0072, 0.0072, 0.0072, 0.0072, 0.0072, 0.0072, 0.0072, 0.0072, 0.0072, 0.0072, 0.002, 0.002, 0.002, 0.002, 0.002, 0.002, 0.002, 0.002, 0.002, 0.002, 0.0004, 0.0004, 0.0004, 0.0004, 0.0004, 0.0004, 0.0004, 0.0004, 0.0004, 0.0004, 0.1904, 0.1904, 0.1904, 0.1904, 0.1904, 0.1904, 0.1904, 0.1904, 0.1904, 0.1904, 0.1875, 0.1875, 0.1875, 0.1875, 0.1875, 0.1875, 0.1875, 0.1875, 0.1875, 0.1875, 0.1517, 0.1517, 0.1517, 0.1517, 0.1517, 0.1517, 0.1517, 0.1517, 0.1517, 0.1517, 0.096, 0.096, 0.096, 0.096, 0.096, 0.096, 0.096, 0.096, 0.096, 0.096, 0.4062, 0.4062, 0.4062, 0.4062, 0.4062, 0.4062, 0.4062, 0.4062, 0.4062, 0.4062, 0.0293, 0.0293, 0.0293, 0.0293, 0.0293, 0.0293, 0.0293, 0.0293, 0.0293, 0.0293, 0.1007, 0.1007, 0.1007, 0.1007, 0.1007, 0.1007, 0.1007, 0.1007, 0.1007, 0.1007, 0.0069, 0.0069, 0.0069, 0.0069, 0.0069, 0.0069, 0.0069, 0.0069, 0.0069, 0.0069, 0.0016, 0.0016, 0.0016, 0.0016, 0.0016, 0.0016, 0.0016, 0.0016, 0.0016, 0.0016, 0.1818, 0.1818, 0.1818, 0.1818, 0.1818, 0.1818, 0.1818, 0.1818, 0.1818, 0.1818, 0.0756, 0.0756, 0.0756, 0.0756, 0.0756, 0.0756, 0.0756, 0.0756, 0.0756, 0.0756, 0.0006, 0.0006, 0.0006, 0.0006, 0.0006, 0.0006, 0.0006, 0.0006, 0.0006, 0.0006, 0.1486, 0.1486, 0.1486, 0.1486, 0.1486, 0.1486, 0.1486, 0.1486, 0.1486, 0.1486, 0.1818, 0.1818, 0.1818, 0.1818, 0.1818, 0.1818, 0.1818, 0.1818, 0.1818, 0.1818, 0.0009, 0.0009, 0.0009, 0.0009, 0.0009, 0.0009, 0.0009, 0.0009, 0.0009, 0.0009, 0.1669, 0.1669, 0.1669, 0.1669, 0.1669, 0.1669, 0.1669, 0.1669, 0.1669, 0.1669, 0.1168, 0.1168, 0.1168, 0.1168, 0.1168, 0.1168, 0.1168, 0.1168, 0.1168, 0.1168, 0.0341, 0.0341, 0.0341, 0.0341, 0.0341, 0.0341, 0.0341, 0.0341, 0.0341, 0.0341, 0.1617, 0.1617, 0.1617, 0.1617, 0.1617, 0.1617, 0.1617, 0.1617, 0.1617, 0.1617, 0.0007, 0.0007, 0.0007, 0.0007, 0.0007, 0.0007, 0.0007, 0.0007, 0.0007, 0.0007, 0.1395, 0.1395, 0.1395, 0.1395, 0.1395, 0.1395, 0.1395, 0.1395, 0.1395, 0.1395, 0.0015, 0.0015, 0.0015, 0.0015, 0.0015, 0.0015, 0.0015, 0.0015, 0.0015, 0.0015, 0.2035, 0.2035, 0.2035, 0.2035, 0.2035, 0.2035, 0.2035, 0.2035, 0.2035, 0.2035, 0.0018, 0.0018, 0.0018, 0.0018, 0.0018, 0.0018, 0.0018, 0.0018, 0.0018, 0.0018, 0.0011, 0.0011, 0.0011, 0.0011, 0.0011, 0.0011, 0.0011, 0.0011, 0.0011, 0.0011, 0.0936, 0.0936, 0.0936, 0.0936, 0.0936, 0.0936, 0.0936, 0.0936, 0.0936, 0.0936, 0.0008, 0.0008, 0.0008, 0.0008, 0.0008, 0.0008, 0.0008, 0.0008, 0.0008, 0.0008, 0.0987, 0.0987, 0.0987, 0.0987, 0.0987, 0.0987, 0.0987, 0.0987, 0.0987, 0.0987, 0.2324, 0.2324, 0.2324, 0.2324, 0.2324, 0.2324, 0.2324, 0.2324, 0.2324, 0.2324, 0.0009, 0.0009, 0.0009, 0.0009, 0.0009, 0.0009, 0.0009, 0.0009, 0.0009, 0.0009, 0.0145, 0.0145, 0.0145, 0.0145, 0.0145, 0.0145, 0.0145, 0.0145, 0.0145, 0.0145, 0.1928, 0.1928, 0.1928, 0.1928, 0.1928, 0.1928, 0.1928, 0.1928, 0.1928, 0.1928, 0.1638, 0.1638, 0.1638, 0.1638, 0.1638, 0.1638, 0.1638, 0.1638, 0.1638, 0.1638, 0.1557, 0.1557, 0.1557, 0.1557, 0.1557, 0.1557, 0.1557, 0.1557, 0.1557, 0.1557, 0.1096, 0.1096, 0.1096, 0.1096, 0.1096, 0.1096, 0.1096, 0.1096, 0.1096, 0.1096, 0.0007, 0.0007, 0.0007, 0.0007, 0.0007, 0.0007, 0.0007, 0.0007, 0.0007, 0.0007, 0.1137, 0.1137, 0.1137, 0.1137, 0.1137, 0.1137, 0.1137, 0.1137, 0.1137, 0.1137, 0.2951, 0.2951, 0.2951, 0.2951, 0.2951, 0.2951, 0.2951, 0.2951, 0.2951, 0.2951, 0.0774, 0.0774, 0.0774, 0.0774, 0.0774, 0.0774, 0.0774, 0.0774, 0.0774, 0.0774, 0.0686, 0.0686, 0.0686, 0.0686, 0.0686, 0.0686, 0.0686, 0.0686, 0.0686, 0.0686, 0.1598, 0.1598, 0.1598, 0.1598, 0.1598, 0.1598, 0.1598, 0.1598, 0.1598, 0.1598, 0.0106, 0.0106, 0.0106, 0.0106, 0.0106, 0.0106, 0.0106, 0.0106, 0.0106, 0.0106, 0.1502, 0.1502, 0.1502, 0.1502, 0.1502, 0.1502, 0.1502, 0.1502, 0.1502, 0.1502, 0.1347, 0.1347, 0.1347, 0.1347, 0.1347, 0.1347, 0.1347, 0.1347, 0.1347, 0.1347, 0.0254, 0.0254, 0.0254, 0.0254, 0.0254, 0.0254, 0.0254, 0.0254, 0.0254, 0.0254, 0.0563, 0.0563, 0.0563, 0.0563, 0.0563, 0.0563, 0.0563, 0.0563, 0.0563, 0.0563, 0.1027, 0.1027, 0.1027, 0.1027, 0.1027, 0.1027, 0.1027, 0.1027, 0.1027, 0.1027, 0.2003, 0.2003, 0.2003, 0.2003, 0.2003, 0.2003, 0.2003, 0.2003, 0.2003, 0.2003, 0.0045, 0.0045, 0.0045, 0.0045, 0.0045, 0.0045, 0.0045, 0.0045, 0.0045, 0.0045, 0.0861, 0.0861, 0.0861, 0.0861, 0.0861, 0.0861, 0.0861, 0.0861, 0.0861, 0.0861, 0.1138, 0.1138, 0.1138, 0.1138, 0.1138, 0.1138, 0.1138, 0.1138, 0.1138, 0.1138, 0.0642, 0.0642, 0.0642, 0.0642, 0.0642, 0.0642, 0.0642, 0.0642, 0.0642, 0.0642, 0.0011, 0.0011, 0.0011, 0.0011, 0.0008, 0.0008, 0.0008, 0.0008, 0.0008, 0.0008, 0.0008, 0.0008, 0.0008, 0.0008, 0.0441, 0.0441, 0.0441, 0.0441, 0.0441, 0.0441, 0.0441, 0.0441, 0.0441, 0.0441, 0.0009, 0.0009, 0.0009, 0.0009, 0.0009, 0.0009, 0.0009, 0.0009, 0.0009, 0.0009, 0.0012, 0.0012, 0.0012, 0.0012, 0.0012, 0.0012, 0.0012, 0.0012, 0.0012, 0.0012, 0.1505, 0.1505, 0.1505, 0.1505, 0.1505, 0.1505, 0.1505, 0.1505, 0.1505, 0.1505, 0.1547, 0.1547, 0.1547, 0.1547, 0.1547, 0.1547, 0.1547, 0.1547, 0.1547, 0.1547, 0.1311, 0.1311, 0.1311, 0.1311, 0.1311, 0.1311, 0.1311, 0.1311, 0.1311, 0.1311, 0.1002, 0.1002, 0.1002, 0.1002, 0.1002, 0.1002, 0.1002, 0.1002, 0.1002, 0.1002, 0.0011, 0.0011, 0.0011, 0.0011, 0.0011, 0.0011, 0.0011, 0.0011, 0.0011, 0.0011, 0.0011, 0.0011, 0.0011, 0.0011, 0.0011, 0.0011, 0.0011, 0.0011, 0.0011, 0.0011, 0.0008, 0.0008, 0.0008, 0.0008, 0.0008, 0.0008, 0.0008, 0.0008, 0.0008, 0.0008, 0.1124, 0.1124, 0.1124, 0.1124, 0.1124, 0.1124, 0.1124, 0.1124, 0.1124, 0.1124, 0.1434, 0.1434, 0.1434, 0.1434, 0.1434, 0.1434, 0.1434, 0.1434, 0.1434, 0.1434, 0.1053, 0.1053, 0.1053, 0.1053, 0.1053, 0.1053, 0.1053, 0.1053, 0.1053, 0.1053, 0.1614, 0.1614, 0.1614, 0.1614, 0.1614, 0.1614, 0.1614, 0.1614, 0.1614, 0.1614, 0.0843, 0.0843, 0.0843, 0.0843, 0.0843, 0.0843, 0.0843, 0.0843, 0.0843, 0.0843, 0.0017, 0.0017, 0.0017, 0.0017, 0.0017, 0.0017, 0.0017, 0.0017, 0.0017, 0.0017, 0.0397, 0.0397, 0.0397, 0.0397, 0.0397, 0.0397, 0.0397, 0.0397, 0.0397, 0.0397, 0.0009, 0.0009, 0.0009, 0.0009, 0.0009, 0.0009, 0.0009, 0.0009, 0.0009, 0.0009, 0.0432, 0.0432, 0.0432, 0.0432, 0.0432, 0.0432, 0.0432, 0.0432, 0.0432, 0.0432, 0.1076, 0.1076, 0.1076, 0.1076, 0.1076, 0.1076, 0.1076, 0.1076, 0.1076, 0.1076, 0.0555, 0.0555, 0.0555, 0.0555, 0.0555, 0.0555, 0.0555, 0.0555, 0.0555, 0.0555, 0.0005, 0.0005, 0.0005, 0.0005, 0.0005, 0.0005, 0.0005, 0.0005, 0.0005, 0.0005, 0.0007, 0.0007, 0.0007, 0.0007, 0.0007, 0.0007, 0.0007, 0.0007, 0.0007, 0.0007, 0.1306, 0.1306, 0.1306, 0.1306, 0.1306, 0.1306, 0.1306, 0.1306, 0.1306, 0.1306, 0.001, 0.001, 0.001, 0.001, 0.001, 0.001, 0.001, 0.001, 0.001, 0.001, 0.0968, 0.0968, 0.0968, 0.0968, 0.0968, 0.0968, 0.0968, 0.0968, 0.0968, 0.0968, 0.0022, 0.0022, 0.0022, 0.0022, 0.0022, 0.0022, 0.0022, 0.0022, 0.0022, 0.0022, 0.0312, 0.0312, 0.0312, 0.0312, 0.0312, 0.0312, 0.0312, 0.0312, 0.0312, 0.0312, 0.0888, 0.0888, 0.0888, 0.0888, 0.0888, 0.0888, 0.0888, 0.0888, 0.0888, 0.0888, 0.0844, 0.0844, 0.0844, 0.0844, 0.0844, 0.0844, 0.0844, 0.0844, 0.0844, 0.0844, 0.0006, 0.0006, 0.0006, 0.0006, 0.0006, 0.0006, 0.0006, 0.0006, 0.0006, 0.0006, 0.047, 0.047, 0.047, 0.047, 0.047, 0.047, 0.047, 0.047, 0.047, 0.047, 0.2178, 0.2178, 0.2178, 0.2178, 0.2178, 0.2178, 0.2178, 0.2178, 0.2178, 0.2178, 0.0008, 0.0008, 0.0008, 0.0008, 0.0008, 0.0008, 0.0008, 0.0008, 0.0008, 0.0008, 0.0728, 0.0728, 0.0728, 0.0728, 0.0728, 0.0728, 0.0728, 0.0728, 0.0728, 0.0728, 0.03, 0.03, 0.03, 0.03, 0.03, 0.03, 0.03, 0.03, 0.03, 0.03, 0.1473, 0.1473, 0.1473, 0.1473, 0.1473, 0.1473, 0.1473, 0.1473, 0.1473, 0.1473, 0.1122, 0.1122, 0.1122, 0.1122, 0.1122, 0.1122, 0.1122, 0.1122, 0.1122, 0.1122, 0.1075, 0.1075, 0.1075, 0.1075, 0.1075, 0.1075, 0.1075, 0.1075, 0.1075, 0.1075, 0.0021, 0.0021, 0.0021, 0.0021, 0.0021, 0.0021, 0.0021, 0.0021, 0.0021, 0.0021, 0.0799, 0.0799, 0.0799, 0.0799, 0.0799, 0.0799, 0.0799, 0.0799, 0.0799, 0.0799, 0.018, 0.018, 0.018, 0.018, 0.018, 0.018, 0.018, 0.018, 0.018, 0.018, 0.0382, 0.0382, 0.0382, 0.0382, 0.0382, 0.0382, 0.0382, 0.0382, 0.0382, 0.0382, 0.0006, 0.0006, 0.0006, 0.0006, 0.0006, 0.0006, 0.0006, 0.0006, 0.0006, 0.0006, 0.0006, 0.0006, 0.0006, 0.0006, 0.0006, 0.0006, 0.0006, 0.0006, 0.0006, 0.0006, 0.0006, 0.0006, 0.0006, 0.0006, 0.0006, 0.0006, 0.0006, 0.0006, 0.0006, 0.0006, 0.0047, 0.0047, 0.0047, 0.0047, 0.0047, 0.0047, 0.0047, 0.0047, 0.0047, 0.0047, 0.0439, 0.0439, 0.0439, 0.0439, 0.0439, 0.0439, 0.0439, 0.0439, 0.0439, 0.0439, 0.0759, 0.0759, 0.0759, 0.0759, 0.0759, 0.0759, 0.0759, 0.0759, 0.0759, 0.0759, 0.001, 0.001, 0.001, 0.001, 0.001, 0.001, 0.001, 0.001, 0.001, 0.001, 0.0449, 0.0449, 0.0449, 0.0449, 0.0449, 0.0449, 0.0449, 0.0449, 0.0449, 0.0449, 0.0215, 0.0215, 0.0215, 0.0215, 0.0215, 0.0215, 0.0215, 0.0215, 0.0215, 0.0215, 0.0004, 0.0004, 0.0004, 0.0004, 0.0004, 0.0004, 0.0004, 0.0004, 0.0004, 0.0004, 0.0912, 0.0912, 0.0912, 0.0912, 0.0912, 0.0912, 0.0912, 0.0912, 0.0912, 0.0912, 0.0921, 0.0921, 0.0921, 0.0921, 0.0921, 0.0921, 0.0921, 0.0921, 0.0921, 0.0921, 0.0494, 0.0494, 0.0494, 0.0494, 0.0494, 0.0494, 0.0494, 0.0494, 0.0494, 0.0494, 0.0004, 0.0004, 0.0004, 0.0004, 0.0004, 0.0004, 0.0004, 0.0004, 0.0004, 0.0004, 0.1174, 0.1174, 0.1174, 0.1174, 0.1174, 0.1174, 0.1174, 0.1174, 0.1174, 0.1174, 0.0313, 0.0313, 0.0313, 0.0313, 0.0313, 0.0313, 0.0313, 0.0313, 0.0313, 0.0313, 0.0004, 0.0004, 0.0004, 0.0004, 0.0004, 0.0004, 0.0004, 0.0004, 0.0004, 0.0004, 0.0003, 0.0003, 0.0003, 0.0003, 0.0003, 0.0003, 0.0003, 0.0003, 0.0003, 0.0003, 0.0004, 0.0004, 0.0004, 0.0004, 0.0004, 0.0004, 0.0004, 0.0004, 0.0004, 0.0004, 0.0004, 0.0004, 0.0004, 0.0004, 0.0004, 0.0004, 0.0004, 0.0004, 0.0004, 0.0004, 0.0006, 0.0006, 0.0006, 0.0006, 0.0006, 0.0006, 0.0006, 0.0006, 0.0006, 0.0006, 0.0004, 0.0004, 0.0004, 0.0004, 0.0004, 0.0004, 0.0004, 0.0004, 0.0004, 0.0004, 0.0003, 0.0003, 0.0003, 0.0003, 0.0003, 0.0003, 0.0003, 0.0003, 0.0003, 0.0003, 0.1078, 0.1078, 0.1078, 0.1078, 0.1078, 0.1078, 0.1078, 0.1078, 0.1078, 0.1078, 0.001, 0.001, 0.001, 0.001, 0.001, 0.001, 0.001, 0.001, 0.001, 0.001, 0.0004, 0.0004, 0.0004, 0.0004, 0.0004, 0.0004, 0.0004, 0.0004, 0.0004, 0.0004, 0.0004, 0.0004, 0.0004, 0.0004, 0.0004, 0.0004, 0.0004, 0.0004, 0.0004, 0.0004, 0.0003, 0.0003, 0.0003, 0.0003, 0.0003, 0.0003, 0.0003, 0.0003, 0.0003, 0.0003, 0.0004, 0.0004, 0.0004, 0.0004, 0.0004, 0.0004, 0.0004, 0.0004, 0.0004, 0.0004, 0.071, 0.071, 0.071, 0.071, 0.071, 0.071, 0.071, 0.071, 0.071, 0.071, 0.0111, 0.0111, 0.0111, 0.0111, 0.0111, 0.0111, 0.0111, 0.0111, 0.0111, 0.0111, 0.0003, 0.0003, 0.0003, 0.0003, 0.0003, 0.0003, 0.0003, 0.0003, 0.0003, 0.0003, 0.0004, 0.0004, 0.0004, 0.0004, 0.0004, 0.0004, 0.0004, 0.0004, 0.0004, 0.0004, 0.0792, 0.0792, 0.0792, 0.0792, 0.0792, 0.0792, 0.0792, 0.0792, 0.0792, 0.0792, 0.1771, 0.1771, 0.1771, 0.1771, 0.1771, 0.1771, 0.1771, 0.1771, 0.1771, 0.1771, 0.0004, 0.0004, 0.0004, 0.0004, 0.0004, 0.0004, 0.0004, 0.0004, 0.0004, 0.0004, 0.0005, 0.0005, 0.0005, 0.0005, 0.0005, 0.0005, 0.0005, 0.0005, 0.0551, 0.0551, 0.0551, 0.0551, 0.0551, 0.0551, 0.0551, 0.0551, 0.0551, 0.0551, 0.0003, 0.0003, 0.0003, 0.0003, 0.0003, 0.0003, 0.0003, 0.0003, 0.0003, 0.0003, 0.1046, 0.1046, 0.1046, 0.1046, 0.1046, 0.1046, 0.1046, 0.1046, 0.1046, 0.1046, 0.0011, 0.0011, 0.0011, 0.0011, 0.0011, 0.0011, 0.0011, 0.0011, 0.0011, 0.0011, 0.0004, 0.0004, 0.0004, 0.0004, 0.0004, 0.0004, 0.0004, 0.0004, 0.0004, 0.0004, 0.0341, 0.0341, 0.0341, 0.0341, 0.0341, 0.0341, 0.0341, 0.0341, 0.0341, 0.0341, 0.0006, 0.0006, 0.0006, 0.0006, 0.0006, 0.0006, 0.0006, 0.0006, 0.0006, 0.0006, 0.1014, 0.1014, 0.1014, 0.1014, 0.1014, 0.1014, 0.1014, 0.1014, 0.1014, 0.1014, 0.0007, 0.0007, 0.0007, 0.0007, 0.0007, 0.0007, 0.0007, 0.0007, 0.0007, 0.0007, 0.0007, 0.0007, 0.0007, 0.0007, 0.0007, 0.0007, 0.0007, 0.0007, 0.0007, 0.0007, 0.0005, 0.0005, 0.0005, 0.0005, 0.0005, 0.0005, 0.0005, 0.0005, 0.0005, 0.0005, 0.0005, 0.0005, 0.0005, 0.0005, 0.0005, 0.0005, 0.0005, 0.0005, 0.0005, 0.0005, 0.0005, 0.0005, 0.0005, 0.0005, 0.0005, 0.0005, 0.0005, 0.0005, 0.0005, 0.0005, 0.0005, 0.0005, 0.0005, 0.0005, 0.0005, 0.0005, 0.0005, 0.0005, 0.0005, 0.0005, 0.0003, 0.0003, 0.0003, 0.0003, 0.0003, 0.0003, 0.0003, 0.0003, 0.0003, 0.0003, 0.031, 0.031, 0.031, 0.031, 0.031, 0.031, 0.031, 0.031, 0.031, 0.031, 0.0004, 0.0004, 0.0004, 0.0004, 0.0004, 0.0004, 0.0004, 0.0004, 0.0004, 0.0004, 0.0006, 0.0006, 0.0006, 0.0006, 0.0006, 0.0006, 0.0006, 0.0006, 0.0006, 0.0006, 0.0006, 0.0006, 0.0006, 0.0006, 0.0006, 0.0006, 0.0006, 0.0006, 0.0006, 0.0006, 0.1389, 0.1389, 0.1389, 0.1389, 0.1389, 0.1389, 0.1389, 0.1389, 0.1389, 0.1389, 0.1219, 0.1219, 0.1219, 0.1219, 0.1219, 0.1219, 0.1219, 0.1219, 0.1219, 0.1219, 0.0729, 0.0729, 0.0729, 0.0729, 0.0729, 0.0729, 0.0729, 0.0729, 0.0729, 0.0729, 0.0004, 0.0004, 0.0004, 0.0004, 0.0004, 0.0004, 0.0004, 0.0004, 0.0004, 0.0004, 0.0005, 0.0005, 0.0005, 0.0005, 0.0005, 0.0005, 0.0005, 0.0005, 0.0005, 0.0005, 0.0004, 0.0004, 0.0004, 0.0004, 0.0004, 0.0004, 0.0004, 0.0004, 0.0004, 0.0004, 0.0018, 0.0018, 0.0018, 0.0018, 0.0018, 0.0018, 0.0018, 0.0018, 0.0018, 0.0018, 0.0882, 0.0882, 0.0882, 0.0882, 0.0882, 0.0882, 0.0882, 0.0882, 0.0882, 0.0882, 0.0009, 0.0009, 0.0009, 0.0009, 0.0009, 0.0009, 0.0009, 0.0009, 0.0009, 0.0009, 0.0005, 0.0005, 0.0005, 0.0005, 0.0005, 0.0005, 0.0005, 0.0005, 0.0005, 0.0005, 0.0003, 0.0003, 0.0003, 0.0003, 0.0003, 0.0003, 0.0003, 0.0003, 0.0003, 0.0003, 0.0003, 0.0003, 0.0003, 0.0003, 0.0003, 0.0003, 0.0003, 0.0003, 0.0003, 0.0003, 0.0003, 0.0003, 0.0003, 0.0003, 0.0003, 0.0003, 0.0003, 0.0003, 0.0003, 0.0003, 0.03, 0.03, 0.03, 0.03, 0.03, 0.03, 0.03, 0.03, 0.03, 0.03, 0.0003, 0.0003, 0.0003, 0.0003, 0.0003, 0.0003, 0.0003, 0.0003, 0.0003, 0.0003, 0.1112, 0.1112, 0.1112, 0.1112, 0.1112, 0.1112, 0.1112, 0.1112, 0.1112, 0.1112, 0.0004, 0.0004, 0.0004, 0.0004, 0.0004, 0.0004, 0.0004, 0.0004, 0.0004, 0.0004, 0.0153, 0.0153, 0.0153, 0.0153, 0.0153, 0.0153, 0.0153, 0.0153, 0.0153, 0.0153, 0.1066, 0.1066, 0.1066, 0.1066, 0.1066, 0.1066, 0.1066, 0.1066, 0.1066, 0.1066, 0.0009, 0.0009, 0.0009, 0.0009, 0.0009, 0.0009, 0.0009, 0.0009, 0.0009, 0.0009, 0.0004, 0.0004, 0.0004, 0.0004, 0.0004, 0.0004, 0.0004, 0.0004, 0.0004, 0.0004, 0.0004, 0.0004, 0.0004, 0.0004, 0.0004, 0.0004, 0.0004, 0.0004, 0.0004, 0.0004, 0.0004, 0.0004, 0.0004, 0.0004, 0.0004, 0.0004, 0.0004, 0.0004, 0.0004, 0.0004, 0.0141, 0.0141, 0.0141, 0.0141, 0.0141, 0.0141, 0.0141, 0.0141, 0.0141, 0.0141, 0.0004, 0.0004, 0.0004, 0.0004, 0.0004, 0.0004, 0.0004, 0.0004, 0.0004, 0.0004, 0.0003, 0.0003, 0.0003, 0.0003, 0.0003, 0.0003, 0.0003, 0.0003, 0.0003, 0.0003, 0.0003, 0.0003, 0.0003, 0.0003, 0.0003, 0.0003, 0.0003, 0.0003, 0.0003, 0.0003, 0.0003, 0.0003, 0.0003, 0.0003, 0.0003, 0.0003, 0.0003, 0.0003, 0.0003, 0.0003, 0.0004, 0.0004, 0.0004, 0.0004, 0.0004, 0.0004, 0.0004, 0.0004, 0.0004, 0.0004, 0.1079, 0.1079, 0.1079, 0.1079, 0.1079, 0.1079, 0.1079, 0.1079, 0.1079, 0.1079, 0.0003, 0.0003, 0.0003, 0.0003, 0.0003, 0.0003, 0.0003, 0.0003, 0.0003, 0.0003, 0.0004, 0.0004, 0.0004, 0.0004, 0.0004, 0.0004, 0.0004, 0.0004, 0.0004, 0.0004, 0.0004, 0.0004, 0.0004, 0.0004, 0.0004, 0.0004, 0.0004, 0.0004, 0.0004, 0.0004, 0.1047, 0.1047, 0.1047, 0.1047, 0.1047, 0.1047, 0.1047, 0.1047, 0.1047, 0.1047, 0.0029, 0.0029, 0.0029, 0.0029, 0.0029, 0.0029, 0.0029, 0.0029, 0.0029, 0.0029, 0.0003, 0.0003, 0.0003, 0.0003, 0.0003, 0.0003, 0.0003, 0.0003, 0.0003, 0.0003, 0.0004, 0.0004, 0.0004, 0.0004, 0.0004, 0.0004, 0.0004, 0.0004, 0.0004, 0.0004, 0.0009, 0.0009, 0.0009, 0.0009, 0.0009, 0.0009, 0.0009, 0.0009, 0.0009, 0.0009, 0.0021, 0.0021, 0.0021, 0.0021, 0.0021, 0.0021, 0.0021, 0.0021, 0.0021, 0.0021, 0.0577, 0.0577, 0.0577, 0.0577, 0.0577, 0.0577, 0.0577, 0.0577, 0.0577, 0.0577, 0.0003, 0.0003, 0.0003, 0.0003, 0.0003, 0.0003, 0.0003, 0.0003, 0.0003, 0.0003, 0.0003, 0.0003, 0.0003, 0.0003, 0.0003, 0.0003, 0.0003, 0.0003, 0.0003, 0.0003, 0.0003, 0.0003, 0.0003, 0.0003, 0.0003, 0.0003, 0.0003, 0.0003, 0.0003, 0.0003, 0.0003, 0.0003, 0.0003, 0.0003, 0.0003, 0.0003, 0.0003, 0.0003, 0.0003, 0.0003, 0.0002, 0.0002, 0.0002, 0.0002, 0.0002, 0.0002, 0.0002, 0.0002, 0.0002, 0.0002, 0.0002, 0.0002, 0.0002, 0.0002, 0.0002, 0.0002, 0.0002, 0.0002, 0.0002, 0.0002, 0.0002, 0.0002, 0.0002, 0.0002, 0.0002, 0.0002, 0.0002, 0.0002, 0.0002, 0.0002, 0.0175, 0.0175, 0.0175, 0.0175, 0.0175, 0.0175, 0.0175, 0.0175, 0.0175, 0.0175, 0.0002, 0.0002, 0.0002, 0.0002, 0.0002, 0.0002, 0.0002, 0.0002, 0.0002, 0.0002, 0.125, 0.125, 0.125, 0.125, 0.125, 0.125, 0.125, 0.125, 0.125, 0.125, 0.044, 0.044, 0.044, 0.044, 0.044, 0.044, 0.044, 0.044, 0.044, 0.044, 0.0003, 0.0003, 0.0003, 0.0003, 0.0003, 0.0003, 0.0003, 0.0003, 0.0003, 0.0003, 0.0002, 0.0002, 0.0002, 0.0002, 0.0002, 0.0002, 0.0002, 0.0002, 0.0002, 0.0002, 0.0003, 0.0003, 0.0003, 0.0003, 0.0003, 0.0003, 0.0003, 0.0003, 0.0003, 0.0003, 0.0067, 0.0067, 0.0067, 0.0067, 0.0067, 0.0067, 0.0067, 0.0067, 0.0067, 0.0067, 0.0002, 0.0002, 0.0002, 0.0002, 0.0002, 0.0002, 0.0002, 0.0002, 0.0002, 0.0002, 0.0002, 0.0002, 0.0002, 0.0002, 0.0002, 0.0002, 0.0002, 0.0002, 0.0002, 0.0002, 0.0002, 0.0002, 0.0002, 0.0002, 0.0002, 0.0002, 0.0002, 0.0002, 0.0002, 0.0002, 0.0003, 0.0003, 0.0003, 0.0003, 0.0003, 0.0003, 0.0003, 0.0003, 0.0003, 0.0003, 0.0627, 0.0627, 0.0627, 0.0627, 0.0627, 0.0627, 0.0627, 0.0627, 0.0627, 0.0627, 0.1693, 0.1693, 0.1693, 0.1693, 0.1693, 0.1693, 0.1693, 0.1693, 0.1693, 0.1693, 0.0002, 0.0002, 0.0002, 0.0002, 0.0002, 0.0002, 0.0002, 0.0002, 0.0002, 0.0002, 0.0381, 0.0381, 0.0005, 0.0005, 0.0005, 0.0005, 0.0005, 0.0005, 0.0005, 0.0005, 0.0005, 0.0005, 0.0085, 0.0085, 0.0085, 0.0085, 0.0085, 0.0085, 0.0085, 0.0085, 0.0085, 0.0085, 0.0002, 0.0002, 0.0002, 0.0002, 0.0002, 0.0002, 0.0002, 0.0002, 0.0002, 0.0002, 0.0002, 0.0002, 0.0002, 0.0002, 0.0002, 0.0002, 0.0002, 0.0002, 0.0002, 0.0002, 0.0002, 0.0002, 0.0002, 0.0002, 0.0002, 0.0002, 0.0002, 0.0002, 0.0002, 0.0002, 0.0002, 0.0002, 0.0002, 0.0002, 0.0002, 0.0002, 0.0002, 0.0002, 0.0002, 0.0002, 0.0002, 0.0002, 0.0002, 0.0002, 0.0002, 0.0002, 0.0002, 0.0002, 0.0002, 0.0002, 0.0002, 0.0002, 0.0002, 0.0002, 0.0002, 0.0002, 0.0002, 0.0002, 0.0002, 0.0002, 0.0002, 0.0002, 0.0002, 0.0002, 0.0002, 0.0002, 0.0002, 0.0002, 0.0002, 0.0002, 0.1111, 0.1111, 0.1111, 0.1111, 0.1111, 0.1111, 0.1111, 0.1111, 0.1111, 0.1111, 0.0002, 0.0002, 0.0002, 0.0002, 0.0002, 0.0002, 0.0002, 0.0002, 0.0002, 0.0002, 0.0016, 0.0016, 0.0016, 0.0016, 0.0016, 0.0016, 0.0016, 0.0016, 0.0016, 0.0016, 0.1016, 0.1016, 0.1016, 0.1016, 0.1016, 0.1016, 0.1016, 0.1016, 0.1016, 0.1016, 0.0974, 0.0974, 0.0974, 0.0974, 0.0974, 0.0974, 0.0974, 0.0974, 0.0974, 0.0974, 0.0002, 0.0002, 0.0002, 0.0002, 0.0002, 0.0002, 0.0002, 0.0002, 0.0002, 0.0002, 0.0003, 0.0003, 0.0003, 0.0003, 0.0003, 0.0003, 0.0003, 0.0003, 0.0003, 0.0003, 0.0002, 0.0002, 0.0002, 0.0002, 0.0002, 0.0002, 0.0002, 0.0002, 0.0002, 0.0002, 0.0002, 0.0002, 0.0002, 0.0002, 0.0002, 0.0002, 0.0002, 0.0002, 0.0002, 0.0002, 0.0002, 0.0002, 0.0002, 0.0002, 0.0002, 0.0002, 0.0002, 0.0002, 0.0002, 0.0002, 0.0002, 0.0002, 0.0002, 0.0002, 0.0002, 0.0002, 0.0002, 0.0002, 0.0002, 0.0002, 0.0945, 0.0945, 0.0945, 0.0945, 0.0945, 0.0945, 0.0945, 0.0945, 0.0945, 0.0945, 0.0003, 0.0003, 0.0003, 0.0003, 0.0003, 0.0003, 0.0003, 0.0003, 0.0003, 0.0003, 0.1013, 0.1013, 0.1013, 0.1013, 0.1013, 0.1013, 0.1013, 0.1013, 0.1013, 0.1013, 0.0002, 0.0002, 0.0002, 0.0002, 0.0002, 0.0002, 0.0002, 0.0002, 0.0002, 0.0002, 0.0003, 0.0003, 0.0003, 0.0003, 0.0003, 0.0003, 0.0003, 0.0003, 0.0003, 0.0003, 0.0002, 0.0002, 0.0002, 0.0002, 0.0002, 0.0002, 0.0002, 0.0002, 0.0002, 0.0002, 0.0002, 0.0002, 0.0002, 0.0002, 0.0002, 0.0002, 0.0002, 0.0002, 0.0002, 0.0002, 0.0002, 0.0002, 0.0002, 0.0002, 0.0002, 0.0002, 0.0002, 0.0002, 0.0002, 0.0002, 0.0002, 0.0002, 0.0002, 0.0002, 0.0002, 0.0002, 0.0002, 0.0002, 0.0002, 0.0002, 0.1338, 0.1338, 0.1338, 0.1338, 0.1338, 0.1338, 0.1338, 0.1338, 0.1338, 0.1338, 0.0003, 0.0003, 0.0003, 0.0003, 0.0003, 0.0003, 0.0003, 0.0003, 0.0003, 0.0003, 0.0003, 0.0003, 0.0003, 0.0003, 0.0003, 0.0003, 0.0003, 0.0003, 0.0003, 0.0003, 0.0702, 0.0702, 0.0702, 0.0702, 0.0702, 0.0702, 0.0702, 0.0702, 0.0702, 0.0702, 0.0017, 0.0017, 0.0017, 0.0017, 0.0017, 0.0017, 0.0017, 0.0017, 0.0017, 0.0017, 0.0002, 0.0002, 0.0002, 0.0002, 0.0002, 0.0002, 0.0002, 0.0002, 0.0002, 0.0002, 0.0002, 0.0002, 0.0002, 0.0002, 0.0002, 0.0002, 0.0002, 0.0002, 0.0002, 0.0002, 0.0114, 0.0114, 0.0114, 0.0114, 0.0114, 0.0114, 0.0114, 0.0114, 0.0114, 0.0114, 0.0002, 0.0002, 0.0002, 0.0002, 0.0002, 0.0002, 0.0002, 0.0002, 0.0002, 0.0002, 0.0002, 0.0002, 0.0002, 0.0002, 0.0002, 0.0002, 0.0002, 0.0002, 0.0002, 0.0002, 0.0002, 0.0002, 0.0002, 0.0002, 0.0002, 0.0002, 0.0002, 0.0002, 0.0002, 0.0002, 0.0002, 0.0002, 0.0002, 0.0002, 0.0002, 0.0002, 0.0002, 0.0002, 0.0002, 0.0002, 0.0002, 0.0002, 0.0002, 0.0002, 0.0002, 0.0002, 0.0002, 0.0002, 0.0002, 0.0002, 0.0002, 0.0002, 0.0002, 0.0002, 0.0002, 0.0002, 0.0002, 0.0002, 0.0002, 0.0002, 0.0002, 0.0002, 0.0002, 0.0002, 0.0002, 0.0002, 0.0002, 0.0002, 0.0002, 0.0002, 0.1233, 0.1233, 0.1233, 0.1233, 0.1233, 0.1233, 0.1233, 0.1233, 0.1233, 0.1233, 0.0238, 0.0238, 0.0238, 0.0238, 0.0238, 0.0238, 0.0238, 0.0238, 0.0238, 0.0238, 0.0002, 0.0002, 0.0002, 0.0002, 0.0002, 0.0002, 0.0002, 0.0002, 0.0002, 0.0002, 0.0002, 0.0002, 0.0002, 0.0002, 0.0002, 0.0002, 0.0002, 0.0002, 0.0002, 0.0002, 0.0002, 0.0002, 0.0002, 0.0002, 0.0002, 0.0002, 0.0002, 0.0002, 0.0002, 0.0002, 0.0002, 0.0002, 0.0002, 0.0002, 0.0002, 0.0002, 0.0002, 0.0002, 0.0002, 0.0002, 0.0002, 0.0002, 0.0002, 0.0002, 0.0002, 0.0002, 0.0002, 0.0002, 0.0002, 0.0002, 0.0002, 0.0002, 0.0002, 0.0002, 0.0002, 0.0002, 0.0002, 0.0002, 0.0002, 0.0002, 0.0003, 0.0003, 0.0003, 0.0003, 0.0003, 0.0003, 0.0003, 0.0003, 0.0003, 0.0003, 0.0058, 0.0058, 0.0058, 0.0058, 0.0058, 0.0058, 0.0058, 0.0058, 0.0058, 0.0058, 0.0002, 0.0002, 0.0002, 0.0002, 0.0002, 0.0002, 0.0002, 0.0002, 0.0002, 0.0002, 0.0002, 0.0002, 0.0002, 0.0002, 0.0002, 0.0002, 0.0002, 0.0002, 0.0002, 0.0002, 0.0002, 0.0002, 0.0002, 0.0002, 0.0002, 0.0002, 0.0002, 0.0002, 0.0002, 0.0002, 0.0002, 0.0002, 0.0002, 0.0002, 0.0002, 0.0002, 0.0002, 0.0002, 0.0002, 0.0002, 0.0841, 0.0841, 0.0841, 0.0841, 0.0841, 0.0841, 0.0841, 0.0841, 0.0841, 0.0841, 0.0002, 0.0002, 0.0002, 0.0002, 0.0002, 0.0002, 0.0002, 0.0002, 0.0002, 0.0002, 0.0002, 0.0002, 0.0002, 0.0002, 0.0002, 0.0002, 0.0002, 0.0002, 0.0002, 0.0002, 0.0002, 0.0002, 0.0002, 0.0002, 0.0002, 0.0002, 0.0002, 0.0002, 0.0002, 0.0002, 0.0002, 0.0002, 0.0002, 0.0002, 0.0002, 0.0002, 0.0002, 0.0002, 0.0002, 0.0002, 0.0002, 0.0002, 0.0002, 0.0002, 0.0002, 0.0002, 0.0002, 0.0002, 0.0002, 0.0002, 0.0002, 0.0002, 0.0002, 0.0002, 0.0002, 0.0002, 0.0002, 0.0002, 0.0002, 0.0002, 0.0002, 0.0002, 0.0002, 0.0002, 0.0002, 0.0002, 0.0002, 0.0002, 0.0002, 0.0002, 0.0002, 0.0002, 0.0002, 0.0002, 0.0002, 0.0002, 0.0002, 0.0002, 0.0002, 0.0002, 0.0002, 0.0002, 0.0002, 0.0002, 0.0002, 0.0002, 0.0002, 0.0002, 0.0002, 0.0002, 0.0002, 0.0002, 0.0002, 0.0002, 0.0002, 0.0002, 0.0002, 0.0002, 0.0002, 0.0002, 0.0068, 0.0068, 0.0068, 0.0068, 0.0068, 0.0068, 0.0068, 0.0068, 0.0068, 0.0068, 0.0002, 0.0002, 0.0002, 0.0002, 0.0002, 0.0002, 0.0002, 0.0002, 0.0002, 0.0002, 0.0002, 0.0002, 0.0002, 0.0002, 0.0002, 0.0002, 0.0002, 0.0002, 0.0002, 0.0002, 0.0002, 0.0002, 0.0002, 0.0002, 0.0002, 0.0002, 0.0002, 0.0002, 0.0002, 0.0002, 0.1182, 0.1182, 0.1182, 0.1182, 0.1182, 0.1182, 0.1182, 0.1182, 0.1182, 0.1182, 0.0002, 0.0002, 0.0002, 0.0002, 0.0002, 0.0002, 0.0002, 0.0002, 0.0002, 0.0002, 0.0002, 0.0002, 0.0002, 0.0002, 0.0002, 0.0002, 0.0002, 0.0002, 0.0002, 0.0002, 0.111, 0.111, 0.111, 0.111, 0.111, 0.111, 0.111, 0.111, 0.111, 0.111, 0.0002, 0.0002, 0.0002, 0.0002, 0.0002, 0.0002, 0.0002, 0.0002, 0.0002, 0.0002, 0.0002, 0.0002, 0.0002, 0.0002, 0.0002, 0.0002, 0.0002, 0.0002, 0.0002, 0.0002, 0.0002, 0.0002, 0.0002, 0.0002, 0.0002, 0.0002, 0.0002, 0.0002, 0.0002, 0.0002, 0.0002, 0.0002, 0.0002, 0.0002, 0.0002, 0.0002, 0.0002, 0.0002, 0.0002, 0.0002, 0.0002, 0.0002, 0.0002, 0.0002, 0.0002, 0.0002, 0.0002, 0.0002, 0.0002, 0.0002, 0.0002, 0.0002, 0.0002, 0.0002, 0.0002, 0.0002, 0.0002, 0.0002, 0.0002, 0.0002, 0.0002, 0.0002, 0.0002, 0.0002, 0.0002, 0.0002, 0.0002, 0.0002, 0.0002, 0.0002, 0.0002, 0.0002, 0.0002, 0.0002, 0.0002, 0.0002, 0.0002, 0.0002, 0.0002, 0.0002, 0.0002, 0.0002, 0.0002, 0.0002, 0.0002, 0.0002, 0.0002, 0.0002, 0.0002, 0.0002, 0.0002, 0.0002, 0.0002, 0.0002, 0.0002, 0.0002, 0.0002, 0.0002, 0.0002, 0.0002, 0.0002, 0.0002, 0.0002, 0.0002, 0.0002, 0.0002, 0.0002, 0.0002, 0.0002, 0.0002, 0.0002, 0.0002, 0.0002, 0.0002, 0.0002, 0.0002, 0.0002, 0.0002, 0.0002, 0.0002, 0.0002, 0.0002, 0.0002, 0.0002, 0.0002, 0.0002, 0.0002, 0.0002, 0.0002, 0.0002, 0.0002, 0.0002, 0.0002, 0.0002, 0.0002, 0.0002, 0.0002, 0.0002, 0.0002, 0.0002, 0.0002, 0.0002, 0.0002, 0.0002, 0.0002, 0.0002, 0.0002, 0.0002, 0.0002, 0.0002, 0.0002, 0.0002, 0.0002, 0.0002, 0.0002, 0.0002, 0.0002, 0.0002, 0.0002, 0.0002, 0.0002, 0.0002, 0.0002, 0.0002, 0.0002, 0.0002, 0.0001, 0.0001, 0.0001, 0.0001, 0.0001, 0.0001, 0.0001, 0.0001, 0.0001, 0.0001, 0.0002, 0.0002, 0.0002, 0.0002, 0.0002, 0.0002, 0.0002, 0.0002, 0.0002, 0.0002, 0.0002, 0.0002, 0.0002, 0.0002, 0.0002, 0.0002, 0.0002, 0.0002, 0.0002, 0.0002, 0.0002, 0.0002, 0.0002, 0.0002, 0.0002, 0.0002, 0.0002, 0.0002, 0.0002, 0.0002, 0.1099, 0.1099, 0.1099, 0.1099, 0.1099, 0.1099, 0.1099, 0.1099, 0.1099, 0.1099, 0.0002, 0.0002, 0.0002, 0.0002, 0.0002, 0.0002, 0.0002, 0.0002, 0.0002, 0.0002, 0.0002, 0.0002, 0.0002, 0.0002, 0.0002, 0.0002, 0.0002, 0.0002, 0.0002, 0.0002, 0.0002, 0.0002, 0.0002, 0.0002, 0.0002, 0.0002, 0.0002, 0.0002, 0.0002, 0.0002, 0.0002, 0.0002, 0.0002, 0.0002, 0.0002, 0.0002, 0.0002, 0.0002, 0.0002, 0.0002, 0.0002, 0.0002, 0.0002, 0.0002, 0.0002, 0.0002, 0.0002, 0.0002, 0.0002, 0.0002, 0.0002, 0.0002, 0.0002, 0.0002, 0.0002, 0.0002, 0.0002, 0.0002, 0.0002, 0.0002, 0.0002, 0.0002, 0.0002, 0.0002, 0.0002, 0.0002, 0.0002, 0.0002, 0.0002, 0.0002, 0.0002, 0.0002, 0.0002, 0.0002, 0.0002, 0.0002, 0.0002, 0.0002, 0.0002, 0.0002, 0.0002, 0.0002, 0.0002, 0.0002, 0.0002, 0.0002, 0.0002, 0.0002, 0.0002, 0.0002, 0.0001, 0.0001, 0.0001, 0.0001, 0.0001, 0.0001, 0.0001, 0.0001, 0.0001, 0.0001, 0.071, 0.071, 0.071, 0.071, 0.071, 0.071, 0.071, 0.071, 0.071, 0.071, 0.0002, 0.0002, 0.0002, 0.0002, 0.0002, 0.0002, 0.0002, 0.0002, 0.0002, 0.0002, 0.0002, 0.0002, 0.0002, 0.0002, 0.0002, 0.0002, 0.0002, 0.0002, 0.0002, 0.0002, 0.0002, 0.0002, 0.0002, 0.0002, 0.0002, 0.0002, 0.0002, 0.0002, 0.0002, 0.0002, 0.0058, 0.0058, 0.0058, 0.0058, 0.0058, 0.0058, 0.0058, 0.0058, 0.0058, 0.0058, 0.0001, 0.0001, 0.0001, 0.0001, 0.0001, 0.0001, 0.0001, 0.0001, 0.0001, 0.0001, 0.0001, 0.0001, 0.0001, 0.0001, 0.0001, 0.0001, 0.0001, 0.0001, 0.0001, 0.0001, 0.0001, 0.0001, 0.0001, 0.0001, 0.0001, 0.0001, 0.0001, 0.0001, 0.0001, 0.0001, 0.0898, 0.0898, 0.0898, 0.0898, 0.0898, 0.0898, 0.0898, 0.0898, 0.0898, 0.0898, 0.09, 0.09, 0.09, 0.09, 0.09, 0.09, 0.09, 0.09, 0.09, 0.09, 0.0002, 0.0002, 0.0002, 0.0002, 0.0002, 0.0002, 0.0002, 0.0002, 0.0002, 0.0002, 0.0002, 0.0002, 0.0002, 0.0002, 0.0002, 0.0002, 0.0002, 0.0002, 0.0002, 0.0002, 0.0002, 0.0002, 0.0002, 0.0002, 0.0002, 0.0002, 0.0002, 0.0002, 0.0002, 0.0002, 0.0002, 0.0002, 0.0002, 0.0002, 0.0002, 0.0002, 0.0002, 0.0002, 0.0002, 0.0002, 0.0002, 0.0002, 0.0002, 0.0002, 0.0002, 0.0002, 0.0002, 0.0002, 0.0002, 0.0002, 0.0002, 0.0002, 0.0002, 0.0002, 0.0002, 0.0002, 0.0002, 0.0002, 0.0002, 0.0002, 0.0052, 0.0052, 0.0052, 0.0052, 0.0052, 0.0052, 0.0052, 0.0052, 0.0052, 0.0052, 0.0002, 0.0002, 0.0002, 0.0002, 0.0002, 0.0002, 0.0002, 0.0002, 0.0002, 0.0002, 0.0002, 0.0002, 0.0002, 0.0002, 0.0002, 0.0002, 0.0002, 0.0002, 0.0002, 0.0002, 0.0001, 0.0001, 0.0001, 0.0001, 0.0001, 0.0001, 0.0001, 0.0001, 0.0001, 0.0001, 0.0001, 0.0001, 0.0001, 0.0001, 0.0001, 0.0001, 0.0001, 0.0001, 0.0001, 0.0001, 0.0898, 0.0898, 0.0898, 0.0898, 0.0898, 0.0898, 0.0898, 0.0898, 0.0898, 0.0898, 0.0002, 0.0002, 0.0002, 0.0002, 0.0002, 0.0002, 0.0002, 0.0002, 0.0002, 0.0002, 0.0002, 0.0002, 0.0002, 0.0002, 0.0002, 0.0002, 0.0002, 0.0002, 0.0002, 0.0002, 0.0002, 0.0002, 0.0002, 0.0002, 0.0002, 0.0002, 0.0002, 0.0002, 0.0002, 0.0002, 0.0858, 0.0858, 0.0858, 0.0858, 0.0858, 0.0858, 0.0858, 0.0858, 0.0858, 0.0858, 0.0002, 0.0002, 0.0002, 0.0002, 0.0002, 0.0002, 0.0002, 0.0002, 0.0002, 0.0002, 0.0002, 0.0002, 0.0002, 0.0002, 0.0002, 0.0002, 0.0002, 0.0002, 0.0002, 0.0002, 0.0002, 0.0002, 0.0002, 0.0002, 0.0002, 0.0002, 0.0002, 0.0002, 0.0002, 0.0002, 0.0001, 0.0001, 0.0001, 0.0001, 0.0001, 0.0001, 0.0001, 0.0001, 0.0001, 0.0001, 0.0001, 0.0001, 0.0001, 0.0001, 0.0001, 0.0001, 0.0001, 0.0001, 0.0001, 0.0001, 0.0587, 0.0587, 0.0587, 0.0587, 0.0587, 0.0587, 0.0587, 0.0587, 0.0587, 0.0587, 0.0002, 0.0002, 0.0002, 0.0002, 0.0002, 0.0002, 0.0002, 0.0002, 0.0002, 0.0002, 0.0002, 0.0002, 0.0002, 0.0002, 0.0002, 0.0002, 0.0002, 0.0002, 0.0002, 0.0002, 0.0001, 0.0001, 0.0001, 0.0001, 0.0001, 0.0001, 0.0001, 0.0001, 0.0001, 0.0001, 0.0002, 0.0002, 0.0002, 0.0002, 0.0002, 0.0002, 0.0002, 0.0002, 0.0002, 0.0002, 0.0002, 0.0002, 0.0002, 0.0002, 0.0002, 0.0002, 0.0002, 0.0002, 0.0002, 0.0002, 0.0002, 0.0002, 0.0002, 0.0002, 0.0002, 0.0002, 0.0002, 0.0002, 0.0002, 0.0002, 0.0002, 0.0002, 0.0002, 0.0002, 0.0002, 0.0002, 0.0002, 0.0002, 0.0002, 0.0002, 0.0002, 0.0002, 0.0002, 0.0002, 0.0002, 0.0002, 0.0002, 0.0002, 0.0002, 0.0002, 0.0977, 0.0977, 0.0977, 0.0977, 0.0977, 0.0977, 0.0977, 0.0977, 0.0977, 0.0977, 0.0001, 0.0001, 0.0001, 0.0001, 0.0001, 0.0001, 0.0001, 0.0001, 0.0001, 0.0001, 0.0002, 0.0002, 0.0002, 0.0002, 0.0002, 0.0002, 0.0002, 0.0002, 0.0002, 0.0002, 0.0001, 0.0001, 0.0001, 0.0001, 0.0001, 0.0001, 0.0001, 0.0001, 0.0001, 0.0001, 0.0001, 0.0001, 0.0001, 0.0001, 0.0001, 0.0001, 0.0001, 0.0001, 0.0001, 0.0001, 0.0002, 0.0002, 0.0002, 0.0002, 0.0002, 0.0002, 0.0002, 0.0002, 0.0002, 0.0002, 0.0002, 0.0002, 0.0002, 0.0002, 0.0002, 0.0002, 0.0002, 0.0002, 0.0002, 0.0002, 0.0002, 0.0002, 0.0002, 0.0002, 0.0002, 0.0002, 0.0002, 0.0002, 0.0002, 0.0002, 0.0002, 0.0002, 0.0002, 0.0002, 0.0002, 0.0002, 0.0002, 0.0002, 0.0002, 0.0002, 0.0002, 0.0002, 0.0002, 0.0002, 0.0002, 0.0002, 0.0002, 0.0002, 0.0002, 0.0002, 0.0001, 0.0001, 0.0001, 0.0001, 0.0001, 0.0001, 0.0001, 0.0001, 0.0001, 0.0001, 0.0003, 0.0003, 0.0003, 0.0003, 0.0003, 0.0003, 0.0003, 0.0003, 0.0003, 0.0003, 0.0002, 0.0002, 0.0002, 0.0002, 0.0002, 0.0002, 0.0002, 0.0002, 0.0002, 0.0002]
Validation Loss:
[0.35426846146583557, 0.3682122528553009, 0.2897767126560211, 0.35443806648254395, 0.3228890001773834, 0.3811548054218292, 0.3820400834083557, 0.39759397506713867, 0.3801090121269226, 0.3914850652217865]
Train, Validation, Test split:
Train: 6506
Validation: 1836
Test: 927
